歌名,歌手,語言,音圓代號,金嗓代號,弘音代號,集數,備註
媒人婆,唐飛,台語,,492,,5,
山上的風,林玉英,國語,,0,,2,
放心不下,黄小琥,國語,,579,,2,
沒有人的地方,陳柏圻,國語,,8,,3,
風流阿狗兄,良山,台語,,5,,6,
意難忘,蔡小虎,台語,,5,,5,
飄浪的人,陳雷,台語,,5,,6,
加多一點點,美黛,國語,,3,,3,
可愛的人生,,台語,,443,,6,
替中來夢替中去,呉漢書,台語,,3,,7,
無佇身邊,小蓉,台語,,447,,6,
真的想你,潘斐莉,國語,,553,,2,
風雨的人生,阿吉仔,台語,,4,,6,
單行道,江蕙,台語,,574,,5,
忙絲牽兩地,彭月春,台語,,9,,6,
落葉時雨,文夏,台語,,5,,6,
陪伴我信賴我,王定傑,台語,,3,,7,
SAYONARA夜港,白冰冰,台語,,3,,5,
小虎純情曲,蔡小虎,台語,,586,,6,
愛人的心,沈芳如,台語,,567,,6,
相思涙耒盡,郭大誠,台語,,0,,6,
紡見是你的心,馬沙,台語,,4,,7,
傾國傾城,費玉清,國語,,7,,2,
幸福車站,張秀卿,台語,,585,,6,
沙漠馳情,青山,國語,,7,,2,
無你的心忙,,台語,,7,,6,
真的假的,陶品瑩,國語,,7,,2,
城市暗夜,林子娟,國語,,7,,2,
為愛犧牡生,向蕙玲,台語,,8,,6,
無緣的腳踏車,唐銘良,台語,,6,,7,
美好的星尹天,,國語,,3,,3,
美好的星異天,陳淑樺,國語,,5,,3,
誠意吃水甜,龍千玉,台語,,6,,6,
女人沒有錯,,國語,,594,,1,
放下情感,潘斐莉,國語,,459,,2,
癡情的靈魂,傳振輝,台語,,889,,7,
等待舞伴一,江蕙,台語,,9,,6,
舉得起放抹落,李翊君,台語,,9,,7,
落雨的城車,劉美琪,台語,,499,,6,
眷天的腳步,伊雪,台語,,44576,,6,
謝謝你曽、輕夂,我潘越雲,國語,,6,,3,
不變是你永遠,我張信哲,國語,,0,,3,
你知不知道,潘美辰,國語,,770,,3,
當毎顆星星,五月天,國語,,59672,,1,
背負你的愛,童欣,國語,,2,,3,
灰色地帶,范逸臣,國語,,673,,2,
毎當你抱著我,胡楊怺,國語,,49574,,3,
夢中新娘,,Unknown,,5,,1,
返來吧!基隆,陳秀貞,台語,,675,,7,
戒掉堅強,李翊君,國語,,48476,,2,
有緣就有福氣,高峰,台語,,976,,7,
絕情風雨,方順吉,台語,,6,,6,
暗淡的華爾滋,郭挂彬,台語,,768,,7,
梭羅河畔,尤雅,國語,,558,,2,
海中花,江蕙,台語,,448,,5,
翻山過嶺唱情,余天,台語,,448,,7,
惦惦,黃乙玲,台語,,9,,5,
直,沈芳如,台語,,579,,5,
言山艹,北原山,國語,,9,,2,
姊妹謝,金燕,台語,,5,,5,
ThisisTaiwan露,歌騫百吉,國語,,860,,1,
人生本是一場,林玉英,台語,,690,,7,
做我女朋友,王羽澤,國語,,49790,,3,
傷心吉魯巴,葉勝欽,台語,,490,,6,
傷心歌手,澄显慶,國語,,3,,2,
再說一遍我愛,“小曼,Unknown,,790,,1,
冷淡,江宏恩,台語,,390,,5,
可恨的愛人,林玉英,台語,,650,,6,
夢中的情歌,,台語,,540,,7,
夢醉西樓,陳瑞,國語,,57990,,3,
天哪會無來疼,芬苹,台語,,690,,7,
女人心事,陶晶瑩,國語,,490,,2,
寂寞的戀歌,懹念老,台語,,790,,6,
小雨來的正是,候鄭怡,國語,,0,,3,
你沒愛過我,陳嘉媚,國語,,550,,3,
山水寄情,葉佳修,國語,,600,,2,
山盟換海誓,鄭君威,台語,,690,,6,
後會無期,鄧紫棋,國語,,58390,,2,
怪胎,鄭中基,國語,,56590,,2,
愛如潮水,張信哲,國語,,0,,2,
愛心血限,田路路,國語,,590,,2,
愛著放袂離,,台語,,400,,6,
感、恩的化一,詹雅雯,台語,,560,,6,
感、情核心,徐若,國語,,0,,3,
我不是你的七,覓蕭玉芬,台語,,550,,7,
我是誰,范逸臣,國語,,000,,2,
承又,冷顯達,國語,,49890,,2,
承諾,鄭秀文,國語,,90,,2,
捨不得,鍾鎮濤,國語,,390,,2,
採蓮曲,蔡幸娟,國語,,0,,2,
是不是愛甲分手才會,惜蘇世豪,台語,,760,,7,
時間的眼涙,荒山亮,國語,,0,,3,
桃莅江,羅維,國語,,0,,2,
梅花三弄,姜育恆,國語,,0,,2,
歡喜唱歸暝,魏素貞,台語,,540,,7,
比心更痛的眼,鄭源,國語,,950,,3,
沒有月亮的晩,林玉英,國語,,0,,3,
沒有退路,畢國勇,國語,,0,,2,
洛雨聲,江蕙,台語,,0,,5,
流浪詩人,周傑倫瑞代,國語,,56490,,2,
海邊追情,,台語,,0,,6,
相思,李宜蓁,台語,,95690,,5,
相思無病名,方瑞娥,台語,,0,,6,
相愛在野柳,江蕙,台語,,0,,6,
真屵,龍千玉,台語,,76890,,5,
眷姑娘,尤雅,國語,,550,,2,
祝你一帆風順,江志豐,台語,,400,,7,
自由派對,ing&Star,國語,,0,,2,
苦衷,唐飛,台語,,490,,5,
血咅血思啦,鄭進一,台語,,900,,6,
送你去嫁別人,陳中,台語,,49500,,7,
選擇,林子祥葉蒨文,國語,,0,,2,
金多蝦,五月天,台語,,550,,5,
隨在你灌,鄭進一,台語,,490,,6,
雨傘代表阮心,李翊君,台語,,0,,7,
魔法戀人,許志安,國語,,0,,3,
一船人的心声,陳盈潔,台語,,451,,7,
今夜擱再想你,費玉清,台語,,491,,7,
今生最愛的人,蔡小虎,台語,,5,,7,
任你左右,山風點,國語,,391,,2,
傷心酒杯,周傳雄李千娜,國語,,569,,2,
刀L云,酷林,國語,,1,,2,
勇敢勇敢,黃勇,國語,,1,,2,
夢與現實,巫啟賢,國語,,1,,3,
安靜了,H.E,國語,,56591,,2,
庄腳恰有人情,七郎,台語,,6,,7,
心内話,王瑞霞辦桌阿,台語,,76391,,5,
愛在襤裡,高簽,國語,,485,,2,
愛你的批紙,王識賢,台語,,391,,6,
愛甲變面,王瑞霞,台語,,491,,6,
我不是一個歹,仔童力威丶,台語,,391,,7,
我心深處,,國語,,791,,1,
我疋隹,楊林,國語,,1,,2,
我的選擇猶原,亻ん陳邱小芸子,台語,,1,,7,
沒甘選擇,樊凡,國語,,391,,2,
流浪的吉他,沈文程,台語,,5,,6,
淚崩了,亦帆,國語,,578,,2,
無愛看到你,唐飛,台語,,492,,6,
甜甜的白賊話,陳雷,台語,,2,,7,
石況人海,林玉英,國語,,791,,2,
秋雨冫冡冫冡,龍飄飄,國語,,5,,2,
紅豆手鐲,蔡幸娟,國語,,1,,2,
結髮一輩子,林慧萍,國語,,1,,3,
花醒了,秀蘭瑪,台語,,961,,5,
請你著諒解,黄乙玲,台語,,4,,7,
酒場痴情夢,陳一郎,台語,,651,,6,
長恨歌,許志豪,台語,,6,,5,
離別走天涯,余丹丹,台語,,1,,7,
靈魂,劉虹嬅,國語,,391,,2,
一世情,王建傑&劉依純,台語,,760,,5,
三角題,,國語,,594,,1,
任意門,月夭,國語,,595,,1,
伴你到永遠,姜有妹,台語,,966,,6,
伴酒,高向鵬,台語,,445,,5,
像我這款運命,林玉英,台語,,2,,7,
刁可弓弓,李碧華,國語,,692,,2,
分千夂,郭富城,國語,,2,,2,
分手説愛你,陳芳語,國語,,2,,3,
初戀的港都,文夏,台語,,441,,6,
北風,于台煙,台語,,5,,5,
可恨的愛人,黄乙玲,台語,,2,,6,
哭出來,羅文聰紀如,台語,,9,,5,
夢裡的淚,“張赫宣,國語,,392,,3,
孝心,陳小龍,台語,,43992,,5,
思鄉曲,原野三,國語,,5,,2,
愛人是個多情,姚蘇蓉,國語,,7,,3,
愛情二十亠計,蔡依林,國語,,9,,3,
愛的旅亼,于櫻櫻,國語,,5,,2,
懺悔的時覺悟的,始傳振輝,台語,,7,,7,
把愛情拋在腦,,Unknown,,8,,1,
抹當擱愛的人,羅時豐,台語,,5,,7,
按怎死都不知,施文彬,台語,,6,,7,
捨不得,李唯楓,台語,,961,,5,
探戈探戈,江蕙,台語,,571,,6,
放你自由去飛,董育君,台語,,552,,7,
桃花江,,國語,,1,,2,
歌聲滿行裳,",物芳儀",國語,,46492,,1,
歡喜的目犀,陳雷,台語,,2,,7,
淡淡的,丁于,國語,,68462,,2,
渡船人,傅振輝&劉隹林,台語,,6,,5,
炫耀,陳潔儀,國語,,3,,2,
無你我一死,翁立友,台語,,442,,6,
燒滾滾冷冰冰,黃乙玲,台語,,992,,7,
疼惜阮的心,向蕙玲,台語,,455,,6,
相逢等何時,張蓉蓉,台語,,568,,6,
罩霧的暗暝,,台語,,792,,6,
落雨的暗暝,邱芸子,台語,,4,,6,
落魄的出外人,李茂山,台語,,1,,7,
被害者倶樂,林俊吉,台語,,392,,7,
那會按呢,陳雷,台語,,492,,6,
都是因為我愛,方怡萍,台語,,5,,7,
都給妳,宥勝,國語,,578,,2,
鑽與石,金素脢音安,國語,,392,,2,
隨風飄散,新寶島樂隊,台語,,446,,6,
青眷換來一暝,王中平,台語,,492,,7,
青色的山脈,文夏,台語,,4,,6,
鬥地主,SMvs安琥,國語,,2,,2,
麥擱亂,楊繡惠,台語,,444,,5,
3木頭人,大杏唱,國語,,0,,2,
一世情,林宗正,台語,,541,,5,
一生最愛的人,陳小龍,台語,,44593,,7,
不應該的愛,卓依婷,台語,,3,,6,
事到如今,劉信明,台語,,443,,6,
以後的以後,莊心妍,國語,,393,,3,
你並不懂我,BY2,國語,,577,,3,
你改變我的世,,Unknown,,46493,,1,
你會後悔,俞隆華,台語,,3,,6,
傷省心傷一半,孫淑媚,台語,,493,,6,
兩岸,黃舒駿,國語,,393,,2,
六月割菜假有,黄乙玲,台語,,2,,7,
別憨啊,李嘉,台語,,593,,5,
即嘛,柔均,台語,,763,,5,
原諒,方季韋,國語,,76793,,2,
可愛的姑娘,彭莉,台語,,2,,6,
可愛的査某,張宇,台語,,56493,,6,
同床無同夢,韓寶儀,台語,,3,,6,
四百龍銀,張宇,國語,,9,,2,
夢中的情網,黃乙玲,台語,,2,,7,
守護者,周蕙,國語,,56793,,2,
將你放抹記,甲子慧,台語,,793,,6,
將你放袂記,謝雷,台語,,653,,6,
你有和产力,黎亞,國語,,49993,,3,
幸福的最曰後,龍千玉,台語,,455,,6,
你走你的路,李宗盛,國語,,3,,3,
情深愛是苦,龍千玉,台語,,8,,6,
情路走到這,林俊吉,台語,,9,,6,
愛你一生鉤不,郭富城,國語,,3,,3,
我一定成功倒,去林美惠,台語,,693,,7,
我心深處,,國語,,3,,1,
我為他祈禱,,國語,,1,,3,
我的爸爸,呂雯,國語,,453,,2,
扇子歌,蔡琴,國語,,8,,2,
招牌動作,蔡依林,國語,,593,,2,
挽西瓜,袁小迪,台語,,443,,5,
桔梗謠,張露,國語,,693,,2,
永遠的愛,邱芸子,台語,,493,,6,
沒離開過,林志炫,國語,,48453,,2,
流星飛過,Bii(畢書盡),國語,,693,,2,
浪子淚,成威,台語,,764,,5,
海鷗飛翔,高勝美,國語,,1,,2,
無宅的批信,林清華,台語,,54493,,6,
無忙過路人,葉冰倢,台語,,54793,,6,
男性的吉戀,文夏,台語,,2,,6,
白紙黒宅,陳淑萍,國語,,3,,2,
百味人生,沈志仲,國語,,49793,,2,
相思,詹曼鈴,台語,,7,,5,
碎心人,楊小萍,國語,,1,,2,
秋詩篇篇,李碧華,國語,,1,,2,
笄我巴愛人,廛淑樺,國語,,3,,1,
紅塵舊夢,江音,國語,,3,,2,
給你一份溫柔,陳耀川,國語,,3,,3,
老鷹之歌,鄧麗君,國語,,593,,2,
聖誕結,陳奕迅,國語,,993,,2,
背對背擁抱,林俊傑,國語,,570,,3,
蝴蝶夢飛,葉啟田,台語,,3,,6,
褪色的戀忙,王欽徳,台語,,54763,,7,
誰人替阮相,孫淑媚,台語,,2,,7,
請主妳等六待,賀一航,台語,,1,,6,
請你保重,曉涵,台語,,543,,6,
謝謝你的交,李心潔,國語,,3,,3,
那麼愛你,張秀卿,台語,,5,,6,
香港戀情,黄志強,台語,,2,,6,
倔強男子,M3,國語,,7,,2,
再會啦初戀的,侯美儀,台語,,4,,7,
別讓我失望,鄭進一秀蘭瑪,台語,,494,,6,
南柯一夢,陳小雲,國語,,394,,2,
唱未刷,吳申梅,台語,,6,,5,
嘉廖君遊台灣,高向鵬,台語,,947,,7,
因為愛你,陶鈺玉,國語,,6,,2,
夢幻之島,李菲菲,國語,,8,,3,
好好鬥陣好好,小辣椒,台語,,954,,7,
如果雨之後,周興哲,國語,,593,,1,
寂寞的蠟燭,蔡小虎,台語,,1,,6,
寂寞等歸暝,楊哲,台語,,764,,6,
將心比心,游鸿明,國語,,4,,2,
你到底愛誰,劉嘉亮,國語,,766,,3,
左眼皮跳跳,小文,國語,,49694,,3,
你從來不憧,堂娜,國語,,394,,3,
你是真不同,樊凡,國語,,3,,3,
心内批,羅時豐,台語,,760,,5,
怎麼夻,顧曉宇,國語,,684,,2,
悲情的流浪漢,良山,台語,,4,,7,
愛你的心肝啥,知林垂立秀卿,台語,,4,,7,
愛你不行,葉瞹菱,國語,,394,,2,
愛恨攏到這,林子娟,台語,,764,,6,
愛愛假拜拜,鄔兆邦,台語,,594,,6,
我恨你,柯有仱楊乃文,國語,,574,,2,
我是多情人,鳳飛飛,國語,,694,,3,
我的快樂,錦繡二,國語,,565,,2,
把愛放開,F.I.R,國語,,1,,2,
挽回你的心,甲子慧,台語,,575,,6,
擱再愛的勇氣,陳思安,台語,,560,,7,
故自夢異郷情,八吹郎,台語,,494,,7,
有了你,龍飄飄,國語,,5,,2,
柔情主義,齊秦,國語,,394,,2,
桃花朵尕開,阿牛,國語,,654,,3,
死了的愛,鄭宜,國語,,68394,,2,
疼入心內,沈建豪,台語,,494,,6,
痴情竺你一生,,台語,,4,,7,
相思情難了,蘇世豪,台語,,966,,6,
相逢在中秋,邱芸子,台語,,494,,6,
真心來作伏,范美敏顔榮青,台語,,974,,6,
秋分,袁小迪,台語,,494,,5,
竹竿舞,鄧麗君,國語,,1,,2,
等一個人,林芯儀,國語,,464,,2,
絕代神龍,荒山亮,台語,,594,,6,
落雨城市,林俊彥,台語,,490,,6,
親愛的這就是,福畐鈺天,國語,,454,,3,
角擱提起,孫淑媚,台語,,654,,6,
誰人無苦衷,唐華,台語,,49394,,7,
請你離開,芯美,台語,,544,,6,
資源回收,石石,台語,,494,,6,
跟音樂跳舞,袁小迪,台語,,1,,6,
軟心放你去,劉欣蚊,台語,,494,,6,
野草亦日花,陳盈潔,台語,,454,,6,
鑽石,姚蘇蓉,國語,,7,,2,
香港之夜,文夏,台語,,7,,6,
怦入叩亼卩",羅志祥,台語,,5,,5,
PLAY我呸,蔡依林,國語,,4,,2,
XX關係,童童,國語,,767,,2,
一段情,陳小雲,國語,,5,,2,
不眠的雨,潘安邦,國語,,895,,2,
光影之間,雲蓮,國語,,563,,2,
別怪我,顏羽,國語,,895,,2,
可愛的心愛,林億凱,台語,,49395,,6,
員寶庄,簡志峰,台語,,45595,,5,
壯志在我胸,成龍,國語,,5,,3,
夢迴草原,羅義達,國語,,49795,,3,
失憶的金,楊丞琳,國語,,495,,3,
失戀十四行,張真,國語,,5,,3,
失戀特效藥,林志斌,國語,,595,,3,
娃娃不哭,李易峰,國語,,682,,2,
小三和弦,孫異,國語,,497,,2,
情人的陽光,歐腸菲,國語,,595,,3,
情難守,謝雷,國語,,1,,2,
情難求,游鴻明,國語,,395,,2,
想抹到,陳盈潔,台語,,7,,5,
愛你十分涙七,一海正,國語,,3,,3,
憨阿嬤,江蕙,國語,,566,,2,
成功絕對有機,劉育陵,台語,,455,,7,
我愛你勝過你,我揚,國語,,49695,,3,
我是陽光的,陳慧琳,國語,,5,,3,
我知道,BY2,國語,,56795,,2,
挺到底,余天龍,台語,,44495,,5,
新都車戀情,林埀立蔡鳳,台語,,5,,6,
最真的愛,腸克強,國語,,481,,2,
有時候,梁詠琪,國語,,3,,2,
望酒解脱一切,黄乙玲,台語,,2,,7,
木魚與.金,劉徳華,國語,,3,,3,
桐花祭,白冰冰,台語,,0,,5,
水果情歌,趙默,國語,,3,,2,
沒有如果,梁靜茹,國語,,567,,2,
沖火回憶,陳淑萍,國語,,5,,2,
海中船,龍千玉,台語,,595,,5,
畫心,張覯穎,國語,,57895,,2,
異郷望月想起,蔡小虎,台語,,995,,7,
疼惜我的吻,葉佳修林晏如,台語,,2,,6,
瘋狂的週末,張琍敏,國語,,595,,3,
看破,鄧詠家,台語,,76495,,5,
等待青眷,吳淑敏,台語,,43995,,6,
花好月圓,孔蘭薰,國語,,3,,2,
落大雨彼一日,,台語,,455,,7,
落雨的心,銀河科,台語,,496,,6,
蒙古牧歌,林淑娟,國語,,5,,3,
詹夊,周杰倫,國語,,997,,2,
誠心來戚懐,蕭澤倫,台語,,885,,6,
誠意吃水甜,林雪美,台語,,547,,6,
請你著保重,白冰冰,台語,,5,,7,
返來甲阮團圓,邱淑艷,台語,,493,,7,
阿飛的小蝴垰,蕭敬騰,國語,,56895,,3,
陪伴阮身邊,林子娟,台語,,5,,6,
離別的車站,林玉英,台語,,7,,7,
HappyDay,李林佑威,國語,,3,,2,
QQ愛,王麟,國語,,5,,2,
Serena,范逸臣,國語,,6,,2,
一世人,江宏恩,台語,,2,,5,
一生竿待的愛,,台語,,6,,7,
一生等待的愛,王壹珊,台語,,4,,7,
亍亍亍向前亍,李明洋,台語,,6,,7,
作伴,王建傑,台語,,656,,5,
你嘜擱醉,陳建誠,台語,,44596,,6,
你在身邊,嘉唯,國語,,596,,1,
你是答案,王笠人,國語,,597,,1,
借問眾神明,五月天,台語,,7,,6,
做你的愛人,雷婷,國語,,2,,3,
公轉自轉,王力宏,國語,,1,,2,
冷冷的火,連錦雄,台語,,596,,6,
古錐的少年家豕.,黄乙玲,台語,,6,,7,
可愛的化み十,陳雷,台語,,2,,6,
夏之旅,蔡幸娟,國語,,6,,2,
夢中的相思,陳美鳳,台語,,5,,7,
天亮以後說分,林木,國語,,686,,3,
天邊海角找無,施文彬,台語,,57556,,7,
好想你,斯琴高,國語,,68396,,2,
將心交乎你,謝金燕,台語,,6,,6,
小芳啊小芳,立佳,國語,,6,,1,
你是我唯一的,天,台語,,6,,7,
幸畄藥草,伍思凱,國語,,56856,,2,
幸福藍圖,陳淑萍,國語,,6,,2,
彼個就是阮愛,,台語,,2,,7,
征服,柯受良,國語,,996,,2,
忽然之間,,國語,,3,,2,
情難留,何方,國語,,396,,2,
想愛一個好天,一林伊凡,國語,,3,,3,
愛=.在示与的午,周葆元,國語,,3,,3,
愛你一生心甘,願羅漢,台語,,6,,7,
愛我,唐禹哲,國語,,566,,2,
愛著無良心的,秀蘭瑪葉勝,台語,,6,,7,
感動天也感動,洪文斌,台語,,596,,7,
我沒資欠格,家家,國語,,6,,2,
我為你傷心,蘇永康,國語,,4,,3,
我的歌聲裡,曲婉嵉,國語,,577,,3,
我祈求,周華健,國語,,6,,2,
我還想釶,林傑桀,國語,,56796,,2,
拼什麼,羅志祥,國語,,496,,2,
放捨你我心嘸,張秀卿,台語,,6,,7,
月光的彳禱、,許茹芸,國語,,396,,3,
有人比你卡少,陳盈潔,台語,,2,,7,
有話直說,動力火,國語,,3,,2,
水藍色眼晴,張惠妹,國語,,6,,3,
沒關係,呉克群,國語,,576,,2,
流轉,李攻,國語,,56896,,2,
海闊天空,BEYOND,國語,,563,,2,
滿面春風,張秀卿,台語,,6,,6,
為愛主求,向蕙玲,台語,,856,,6,
無名的英雄,呉俊宏,台語,,575,,6,
牽牽,鄭國鋒,國語,,49996,,2,
痞子英雄,鄒承恩,國語,,568,,2,
癡情的歌聲,李明原,台語,,546,,7,
真心人,林良樂,國語,,6,,2,
真永遠,劉徳華,國語,,5,,2,
秋天的風,鄭ihvs,國語,,6,,2,
等不到的愛,樊凡,國語,,57896,,3,
紅顏淚,紀露霞,台語,,956,,5,
美好的星異天,鳳飛飛,國語,,1,,3,
美姑娘,閃亮三,台語,,0,,5,
美麗的主題日曲,李玟,國語,,686,,3,
老友萬歲,鄭伊健,國語,,3,,2,
芙合莮,荒山亮,台語,,44896,,5,
英雄本無淚,余天,國語,,996,,3,
蒙古牧歌,,國語,,3,,3,
褪色的日記,游家順,台語,,6,,7,
親愛的免後悔,陳淑萍,台語,,2,,7,
請君保重,於櫻櫻,台語,,6,,6,
路邊一枝草,0、,台語,,1,,6,
跳舞乎你看,李嘉,台語,,564,,6,
進一步退兩步,小辣椒,台語,,960,,7,
過去的愛,江蕙,台語,,2,,6,
違背良心,王瑞霞,台語,,49496,,6,
醉生夢死,阿弟仔,台語,,5,,6,
離開愛你那一,林子娟,台語,,6,,7,
風流阿狗兄,郭大誠,台語,,696,,6,
飄浪苦海,邱芸子,台語,,4,,6,
麻雀李仔歌聲,羅時豐,台語,,446,,7,
2人3角,2個女生,國語,,0,,2,
TOKYO的戀情,楊宗憲,台語,,0,,5,
今生愛過的人,黃乙玲,台語,,1,,7,
今生有約,英奇隆工部嬋,國語,,3,,2,
傷心新機場,黃乙玲,台語,,5,,6,
兵之初,,國語,,457,,2,
午夜的律頭,鳳飛飛,國語,,1,,3,
叫著一心愛的名,新桌二人組,台語,,56957,,7,
台灣女孩,台灣女,國語,,48397,,2,
向大海嗆聲的,良一,台語,,697,,7,
哈薩雅琪,小剛,國語,,6,,2,
哦姑娘,孫協志,台語,,441,,5,
唱袂煞,白冰冰,台語,,7,,5,
啾啾啾,五月天,台語,,967,,5,
喚幼喚幼,張文綺,台語,,43997,,6,
希望再相見,蔡秋鳳,台語,,9,,6,
幸福的約定,黄李緞,台語,,96597,,6,
幻想人,李惠樟,台語,,8,,5,
心碎,的聲",高向鵬,台語,,4,,5,
怎戶夻,成龍,國語,,797,,2,
怨蒼天變了心,方季惟,國語,,9,,3,
情深在心內,邱芸子,台語,,567,,6,
愛・忙糹,王中平,台語,,7,,5,
愛到你恨到你,陳淑萍,台語,,597,,7,
愛到絶望,孫淑媚,台語,,857,,6,
愛拼才會贏,葉啟田,台語,,2,,6,
愛神,霍苔菁,國語,,7,,2,
愛過何必恨,戴梅君,台語,,3,,6,
愛過你的心,李嘉,台語,,564,,6,
我不對,,國語,,7,,1,
放開我的手,黄乙玲,台語,,497,,6,
月兒彎彎照九,,國語,,397,,3,
有緣相聚,孫耀威,國語,,3,,2,
桂花夢,詹雅雯,台語,,4,,5,
棉照被,許富凱,台語,,455,,5,
比昨天更愛,林柬松,國語,,3,,3,
氵訁,呉奇隆,國語,,57797,,2,
海中船,張秀卿,台語,,465,,5,
滿穗稻仔,王中平,台語,,7,,6,
王子的新衣,蕭敬騰,國語,,56697,,3,
甘願無人知,張秀卿對唱,台語,,7,,6,
田園之歌,費玉済,國語,,6,,2,
眷雨戀,翁倩玉,國語,,797,,2,
穆心什滋味,柔均,台語,,767,,6,
絕版的溫柔、,丁于,國語,,49897,,3,
花非花霧非霧,江淑娜,國語,,0,,3,
落雨的暗瞑,江蕙,台語,,7,,6,
誠心悔不是,七郎,台語,,597,,6,
請你倒返來,黄海雲,台語,,492,,7,
路邊的小野毛,洪榮宏,台語,,1,,7,
SexyBabv,杜德偉,國語,,3,,2,
一萬個捨不得,莊心妍,國語,,588,,3,
人生一世依歪,李秀蘭,台語,,9,,7,
今生註定,高明駿王馨平,國語,,3,,2,
他不要你小我愛,山野,國語,,683,,3,
倔強的人,方瑞娥,台語,,7,,6,
原諒過去,黄乙玲,台語,,57798,,6,
啀崎崎哦無塊,石喬,台語,,598,,7,
家和萬事興,葉勝欽,台語,,578,,6,
幸福的舞池,呉彩鳳,台語,,541,,6,
你是春日風,張鳳鳳,國語,,998,,3,
心肝亂糟糟,黃乙玲,台語,,2,,6,
愛到不知輕重,施文彬,台語,,8,,7,
愛過才知影,向蕙玲,台語,,76458,,6,
愛過生份人,陳隨意,台語,,398,,6,
我是一隻魚,侯湘婷,國語,,998,,3,
我有鉤愍你有,狠郭碁,台語,,398,,7,
把心給你,姜育恆,國語,,3,,2,
採西瓜,於櫻櫻,台語,,1,,5,
放阮一個人,陳亞蘭,台語,,5,,6,
月亮使者,彭佳慧,國語,,398,,2,
有錢後,,國語,,6,,1,
桑塔露琪亞,,國語,,1,,3,
歡喜自相會,七一,台語,,8,,7,
死不了,任賢齊,國語,,3,,2,
水車姑娘,楊小萍,國語,,4,,2,
爸爸的西裝社,大芭,台語,,48898,,7,
男兒的無奈,王文,台語,,95698,,6,
異郷的松樹ぇ,張四郎,台語,,978,,7,
白蘭之戀,楊燕,國語,,698,,2,
盡在不言中,林智惠,國語,,540,,3,
研酒,七郎,台語,,958,,5,
等待月圓,黃鳳儀,台語,,570,,6,
自在,林美,台語,,76498,,5,
花花公子円Playay,羅百吉Boy”,國語,,9,,3,
落雨暝的怨嘆,黄乙玲,台語,,8,,7,
裸愛情歌,艾路,國語,,458,,3,
親愛的不要離,我亮香香,國語,,766,,3,
請你離開,俞隆華,台語,,8,,6,
路邊攤的心聲,成鳳,台語,,1,,7,
這條路,夏國星,國語,,798,,2,
阿娘的目犀,林文隆,台語,,4,,6,
阿黒的悲哀,阿黒,台語,,4,,6,
離別夜港邊,陳雷,台語,,8,,7,
難忘的故鄉月,邱芸子,台語,,2,,7,
雨水啊渥呼我,李嘉,台語,,458,,7,
麻吉弋!卞保重,例良,台語,,498,,7,
SHADOW,阿政,國語,,699,,2,
不敢叫你的名,董育君,台語,,490,,7,
不敢説愛你,齦河之,台語,,496,,6,
不能不愛,禁山風點伏,國語,,9,,2,
人生情路夢,江蕙,台語,,9,,6,
今年夏天,林志穎,國語,,3,,2,
你抱著我哭,高安,國語,,499,,3,
傷心人永遠作傷心,夢施文彬,台語,,48599,,7,
光輝歳月,BEYOND,國語,,563,,2,
分手吧,張震嶽,國語,,599,,2,
別人的心肝,系淑媚,台語,,9,,6,
南海姑娘,鄧麗君,國語,,9,,2,
卸妝女子,涂紫凝,國語,,766,,2,
叫醒阮的夢,林嬌,台語,,57759,,6,
可愛的化み十,呉晉淮,台語,,4,,6,
在我身邊,李克勤,國語,,579,,2,
夢中情人,鄭源,國語,,3,,3,
女人的心,沈芳如,國語,,3,,2,
好厲害的查甫,丁千洲,台語,,94859,,7,
如今才知你騙,方瑞娥,台語,,459,,7,
妖怪體操第一,柳丁哥,國語,,759,,3,
嫁給你,呉俊宏,台語,,570,,5,
小姑娘,陳淑,國語,,599,,1,
布曲農族喝酒歌,北原山,國語,,9,,3,
幸畐的人,嚴伶,台語,,548,,6,
幸福的家伏,潘佩莉,台語,,4,,6,
幸福的滋味,靜芬,台語,,549,,6,
心肝仔,張秀卿林莉,台語,,449,,5,
怎麼可能忘了,獅吼凱,國語,,599,,3,
怪獸,芭比,國語,,567,,2,
愛你抺著祝你,福陳雷,台語,,999,,7,
愛在一起,葉勝欽,台語,,57899,,6,
愛的飛行日記,周杰倫懂瑞代,國語,,573,,3,
我知道,丁文琪,國語,,1,,2,
我要你知道,童童,國語,,767,,3,
採氽謠,夏王,國語,,9,,2,
搬來阮的心肝,豬哥亮,台語,,440,,7,
改變自己,王力宏,國語,,569,,2,
放心不下,動靜樂,國語,,659,,2,
日忙芼紗容,張淑美,國語,,559,,3,
月亮森林,熊天平,國語,,399,,2,
有骨氣的男性,七郎,台語,,4,,7,
梅蘭梅蘭我愛,劉家昌,國語,,9,,3,
死心眼,彭佳慧,國語,,3,,2,
沙漠貉駝,展展與,國語,,597,,1,
浪子心,陳雷,台語,,2,,5,
海濱之歌,鳳飛飛,國語,,4,,2,
無你卞自由,龍十玉,台語,,5,,6,
牛郎想織女,張華,國語,,49599,,3,
當愛還沒說出,宇桐非,國語,,49899,,3,
痛心肝,葉倢,台語,,966,,5,
癡情的海邊,王瑞霞,台語,,9,,7,
白蛇亻,簫敬騰,國語,,57559,,2,
百萬個吻,陳明真,國語,,2,,2,
看破,詹雅雯,台語,,9,,5,
眷宵五更鼓,洪一峰,台語,,4,,6,
秋夜之歌,林漢陽,國語,,9,,2,
紅塵客棧,周杰倫,國語,,959,,2,
花阿花,黄乙玲,台語,,577,,5,
落葉、啾,袁小迪,台語,,764,,5,
落葉歸根,七郎,台語,,999,,6,
蛇與蘋果,謝金燕,國語,,459,,2,
袖手旁觀,齊秦,國語,,399,,2,
路燈照孤影,莊振凱洪百,台語,,459,,6,
過去乾杯,王登雄,台語,,973,,6,
還是想著你,黄文星,國語,,459,,3,
雙人的舞步,翁立友,台語,,76899,,7,
雞公弄雞母,張政雄薛珮潔,台語,,569,,7,
飄浪情深,,台語,,9,,6,
馬蘭山歌,,國語,,1,,2,
麻吉弋好兄弟,傅振輝高向鵬,台語,,449,,7,
NLYLONELYS.,H.E,國語,,9,,2,
OAway張,可芝,國語,,48473,,2,
artyTime李,玟,國語,,688,,2,
arty女王姐,閃亮三外,台語,,763,,5,
MyWay,王心凌,國語,,5660,,2,
OpenYourEyes張,惠妹,國語,,0,,2,
再見南國,,台語,,386,,6,
情人的眼睛,岐鎮濤章蓉舫,國語,,0,,3,
用心肝愛過的,洪百慧,台語,,3,,7,
我為他祈禱,陳盈潔,國語,,574,,3,
望你望到何時,陳美鳳,台語,,6,,7,
美麗的誤會,羅志祥,國語,,6,,3,
幸福人生靠甲,邱芸子,台語,,48678,,7,
請你看著我的,晴王馨平,國語,,9,,3,
快樂",張信哲,國語,,0,,2,
我們去追雲彩,陳淑樺,國語,,500,,3,
空台録音帶,于台煙,國語,,0,,3,
血助,獅孔凱,國語,,700,,2,
6夜,超仁合,國語,,3,,2,
BLUE,陳俊生,國語,,3,,2,
BigCitv,李振全,國語,,484,,2,
Lidia,F.I.R,國語,,9,,2,
不要不要,辰詩未,國語,,498,,2,
多少的回憶,陳聖芬,國語,,2,,3,
情歌沒又有告訁訴,靜茹,國語,,573,,3,
洗臉,梁詠琪,國語,,3,,2,
聽我説親愛的,鄭東,國語,,3,,3,
訁心勇敢飛,口曰,國語,,1,,3,
轟轟烈烈去愛,伊能靜,國語,,1,,3,
,,華語,6440,,,,
1變,剛澤斌,國語,,0,,2,
BLAHBLAHBLA,女,國語,,6,,2,
ComeBackTo,Me畢書盡,國語,,484,,2,
一千個輪迴,易丹,國語,,685,,3,
傻傻的悲傷,李偉寊,國語,,683,,3,
再見,黑色餅,國語,,3,,2,
捨不得飛,金素梅,國語,,5,,2,
沒良心的人,,國語,,981,,3,
男一個結局,・,Unknown,,596,,1,
貪玩的情人,鍾漢良,國語,,3,,3,
你的心你的夢,陳淑萍,台語,,5,,7,
再見,小虎隊,國語,,3,,2,
回頭我也不要,包娜娜,國語,,460,,3,
花月正眷風,王海玲,國語,,3,,3,
霧,陳淑樺,國語,,7,,2,
LovingU,何嘉文,國語,,0,,2,
你愛誰,伍思凱,國語,,3,,2,
回來巴阿娥,陳明仁,國語,,5,,3,
就當我們沒愛,,Unknown,,8,,1,
你値得,社德偉,國語,,0,,2,
愛妹一萬年,劉捻華,國語,,3,,3,
讓生命芬芳,江蕾,國語,,9,,3,
離家無家處處,鄭少秋,Unknown,,3,,3,
BeautYUpMY,Life,國語,,3,,2,
一生的朋友,費玉清,國語,,3,,3,
同一個遺槭,潘珒柏&圭,國語,,4,,3,
回來吧夏人,陳明仁,國語,,5,,3,
因一你沒説,張惠妹,國語,,1,,3,
因為有我,張惠妹,國語,,7,,2,
我好想他,盧巧音,國語,,3,,2,
我的錯對不起,周京洋,國語,,495,,3,
更美麗,燕子,國語,,542,,2,
無大,鄧麗君,國語,,461,,2,
這次離開你,陳曉娟,國語,,4,,3,
D.I.S.I.S.C.C.O.0.,溫嵐,國語,,4,,2,
LeaveMeAIon,孫燕姿,國語,,1,,2,
MayILove,張智成,國語,,9,,2,
只要有你,馬天宇,國語,,683,,2,
妳説慌,許志安,國語,,2,,2,
我的夢中情人,黄立行,國語,,2,,3,
相約,藍雨,國語,,495,,2,
等到來生再相,程響,Unknown,,8,,1,
貓,王品,國語,,499,,2,
逍遙夢,李惠樟,國語,,8,,2,
長髮為君剪,包娜娜,國語,,1,,3,
一切都怪我,林漢陽,國語,,8,,3,
多情的月光,正月十五,國語,,6,,3,
姊炑(現場版),張惠妹,國語,,1,,2,
媽媽為妳心痛,黃春妹,台語,,1,,7,
愛你一萬倍,鄧麗君,國語,,8,,3,
炑,夏天Alex,國語,,495,,2,
迦戲,鱆螂合,國語,,3,,2,
進退兩難,方瑞娥,台語,,581,,6,
都是你害我相,,Unknown,,472,,1,
WHENIHAVEA,SweetY&&,國語,,1,,2,
亻到兩個人,高進,國語,,2,,3,
因為太愛你,童童,國語,,767,,3,
弄犭師,俞隆華,台語,,2,,5,
愛你是個錯,任潔玲,國語,,7,,3,
愛沒有後悔,楊霞,國語,,498,,3,
我們之間的事,范珒琪,國語,,9,,3,
無限,F.1.R,國語,,1,,2,
迷失,向蕙玲,台語,,7,,5,
鐵了心愛你小,劉德華,國語,,5,,3,
韓秀香,高鵐欣,國語,,569,,2,
一生情不絕,度宗華,國語,,3,,3,
你懂得,小沈陽vs沈春,國語,,8,,2,
你說過,黃仲崑,國語,,3,,2,
媽媽的一封信,,台語,,0,,7,
愛你到如今,小龍女,國語,,1,,3,
我們回不去了,歡子,國語,,2,,3,
歡樂獻給你,燕子,國語,,542,,3,
迷戀,沈芳如,台語,,0,,5,
香港假期,,國語,,3,,2,
香草戀人,卓文萱,國語,,7,,2,
0Don'tSayNo,廬學叡,國語,,0,,9,
0GoodBye真愛,呉淑敏,台語,,765,,5,
0HELLOHOWARE,YOU鍾漢良,國語,,0,,2,
0IBelieve,范逸臣,國語,,9,,2,
0K'Ifr情歌,羅大佑,台語,,0,,5,
0ON盧,春如,國語,,3,,2,
0SARA,WEWE,國語,,0,,2,
0SOLOMI0,張衛健,國語,,,,2,
0SORRY,王雪娥,國語,,9,,2,
0YesIDo,王思佳,國語,,460,,9,
0h!IB.,A.D,國語,,3,,2,
0kNo,陳思安,台語,,550,,5,
0ⅢCREDITCREDITCARD,蘇愛倫,國語,,,,2,
1 + 1 = 0,溫嵐,國語,5,,,39,
"黑盒子",鄭秀文,國語,,3,,2,
0離開情人的日,葉蒨文,Unknown,,3,,3,
1封情書,歐得洋,國語,,563,,2,
1//,,Unknown,57391,,,72,
BYEBYE,李心潔,國語,,7,,2,
LUCKYNUMBER,蔡依林,國語,,2,,2,
佔線,曾心梅,台語,,540,,5,
何必記念,小球莊,國語,,640,,1,
傾城之雨,羅大佑,國語,,440,,2,
別用下單子安,我陳瑞,國語,,2,,3,
卡拉永遠OOKK,譚詠麟,國語,,0,,3,
叫出你的名,陳淑萍,台語,,440,,6,
在沙漠的第七,趙詠華,國語,,0,,3,
外婆的澎湖灣,潘安邦,國語,,3,,3,
小黃鸝鳥,李碧華,國語,,540,,2,
你不是我你不,影柯受良,台語,,0,,7,
幸福.唯一的,詩明,台語,,640,,7,
情人的眼涙,蔡琴,國語,,1,,3,
愛你比海深,鍾鎖濤,國語,,3,,3,
我知道,張可芝,國語,,870,,2,
抓嵭蟹EE'.ya'yavo,go原始林,國語,,7,,3,
放捨我你就不,蔡小虎,台語,,947,,7,
暗叫你的名,羅時豐,台語,,445,,6,
歡喜竡相逢,陳鈺婀,台語,,966,,7,
水手怕水,周杰倫,國語,,575,,2,
流星,王菲,國語,,0,,2,
流浪的孤女,文鷽,台語,,440,,6,
海闊天空,張惠妹,國語,,470,,2,
灰色軌跡,BEYOND,國語,,563,,2,
狼愛上羊,湯潮,國語,,0,,2,
相片,陳美伶,台語,,540,,5,
相相見見不不如如懷懷念念,樊樊凡,國語,,8,,3,
相送,馬沙,台語,,4,,5,
空中歌聲,葉楓,國語,,4,,2,
籬邊的小花,凌菲,國語,,8,,3,
觀自在,黄思嬶,國語,,460,,2,
這樣愛過你,林子祥,國語,,3,,3,
都是你不好,童童,國語,,767,,3,
針葉樹,甄媚,國語,,3,,2,
離別的情淚,洪一峰,台語,,440,,7,
香煙迷濛了眼,蔡琴,國語,,3,,3,
點妳就離開,E-TURN&S,國語,,561,,3,
990台灣人,沈文程,台語,,1,,5,
一生去守候,高安,國語,,5,,3,
冰吻,王鍵,國語,,497,,2,
反又有人,曽寶儀,國語,,1,,2,
多情的城市,孫淑媚,國語,,997,,3,
你那麼愛釶,林隆玻李聖傑,國語,,561,,3,
峇里島,,國語,,3,,2,
把悲傷還給悲,英嫻,國語,,3,,3,
林投葉、色青青,陳盈潔,台語,,5,,7,
灰色雨滴,趙詠華,國語,,3,,2,
紅顏舊,,國語,,595,,1,
蘭閨閨寂寂,紫薇,國語,,4,,3,
讓我默默離開,龍飄飄,國語,,6,,3,
難忘我的愛人,陳明仁,國語,,5,,3,
難忘的鴛鴦橋,黄雙雙,國語,,4,,3,
3 我愛你,賀子玲,華語,57592,,,64,
3木頭人,黑澀會美眉,國語,5,,,89,
他們多幸福,陳冠霖,國語,,2,,3,
你聽海是不是,笑孟庭葦,國語,,3,,3,
傷一工痛半冬,王中平,台語,,7,,7,
別對愛情失望,海哲明,國語,,942,,3,
勇敢很好,楊丞琳,國語,,2,,2,
可不可以,閃亮三,國語,,4,,2,
在陰雨的秊節,黃瑞文,國語,,5,,3,
天上人間會相,蔡幸娟,國語,,3,,3,
女神降臨,戴挴君,國語,,8,,2,
小亅路,,國語,,3,,2,
彩虹天堂,劉畊宏,國語,,742,,2,
情難忘,張玲,國語,,542,,2,
愛你一生,楊哲,台語,,762,,6,
戀之火,青山,國語,,5,,2,
戀愛路0號,李愛綺,台語,,573,,7,
成功一定是咱,黃乙玲,台語,,2,,7,
我不是開玩笑,陳雷,台語,,2,,7,
我們終究是錯,电小白,Unknown,,742,,1,
我是勇敢的男,漢陳建誠,台語,,4,,7,
我疋我,孫燕姿系靖,國語,,2,,2,
把心拉近,呉克群,國語,,56742,,2,
日暝的棉滝被,張秀卿,台語,,46542,,7,
時機造英雄,龍千玉,台語,,3,,6,
有覀值的男性,陳百潭,台語,,2,,7,
毎天抱我一分,趙默,國語,,2,,3,
滿場飛,張帆,國語,,9,,2,
無守時的人,洪榮宏,台語,,001,,6,
無解,動靜,國語,,2,,2,
甘願為你苦,阿弟仔,台語,,962,,6,
男人就靠一張,郎軍,國語,,6,,3,
男人的眼涙,,國語,,3,,3,
痴心是阮的名,謝莉婷,台語,,965,,7,
發光的簡訊,蔡旻佑&,國語,,742,,3,
發現真愛,明黃玉祝,國語,,4,,2,
美酒加咖啡,鄧麗君,國語,,2,,3,
色的玫瑰,真妮,國語,,3,,3,
莎約娜拉再會,李茂山,台語,,2,,7,
血相欲離開,江惠儀,台語,,45442,,6,
觸不到的戀人,陳慧玲,國語,,2,,3,
豆花推倒攤,洪榮宏,台語,,4,,6,
遠方的媽媽,,國語,,2,,1,
青春一首歌,彭立,台語,,4,,6,
青眷是咱的名,李素專,台語,,44742,,7,
麻將歌,鄭進一澎恰恰,台語,,2,,5,
Angel拜託,A-Show,國語,,76743,,2,
W-H-Y,王力宏,國語,,2,,2,
・7匕開,李千娜,台語,,3,,5,
一把傘,3Club,國語,,3,,2,
亠眷的火談,揚小萍,國語,,9,,3,
仙人宀,,國語,,3,,2,
你是我今生的,一艾歌,國語,,553,,3,
傷心的我傷心,歌蔡小虎黃婷,台語,,7,,7,
傷忙過的人,陳雷,台語,,943,,6,
兩敗俱傷,柯有綸,國語,,76473,,2,
剛剛好,,國語,,5593,,1,
千里情緣,杰裡,國語,,843,,1,
可愑酒家女,西卿,台語,,3,,6,
可愛的姑娘,兪隆華,台語,,8,,6,
吻到心傷透,歐陽菲,國語,,443,,3,
哎呦!哎呦!,宇兒,國語,,684,,2,
回頭太難,張學友,國語,,3,,2,
女人顏色,趙詠華,國語,,3,,2,
寄袂出的批,王識賢,台語,,563,,6,
專屬魔力,Magic&PMagic&Power&,國語,,573,,2,
小河之歌,沈文程,國語,,3,,2,
山地門姑娘,林海,台語,,843,,6,
你是愛我的,張惠妹,國語,,562,,3,
往昔,林慧萍,國語,,3,,2,
很旅行的愛情,袁詠琳,國語,,4,,3,
心內事無人知,陳小雲,台語,,3,,7,
性戚女孩,。羅百吉,國語,,8,,2,
恩愛酒杯,葉敗田王咄霤,台語,,7,,6,
愛在蔓延,王叉萱,國語,,547,,2,
愛你不後悔,陳小雲,國語,,3,,3,
我愛你你卻愛,他拿春蟲,國語,,683,,3,
我的好兄弟,高進,國語,,3,,3,
把把愛愛理在在心窩窩,,國語,,3,,3,
最後一夜,蔡琴,國語,,,,2,
望呀望等呀等,,台語,,2,,7,
未曾留下地址,鳳飛飛,國語,,3,,3,
毫無保留,葉璦菱,國語,,443,,2,
流浪的男人,唐飛,台語,,493,,6,
海中沙,龍千玉百潭,台語,,443,,5,
海洋之歌,陳淑樺,國語,,3,,2,
淋雨,蕭承祥,台語,,643,,5,
無語問蒼天,高勝美,國語,,3,,3,
煩煩煩亂亂亂,唐飛,台語,,493,,7,
甘味人生,陳百潭,台語,,973,,6,
甩開,丁噹,國語,,4,,2,
男性的氣魄,葉敕田,台語,,3,,6,
疼惜你到老,阿綺,台語,,494,,6,
疼惜自己,孫淑媚,台語,,57743,,6,
百年孤寂,王菲,國語,,3,,2,
看場電影,陳珊妮,國語,,3,,2,
真的真的好愛、,,Unknown,,3,,1,
瞣五丿匕天亠,王文,台語,,543,,6,
知己的好朋友,呂雲雀,台語,,743,,7,
純純的男子漢,黄立炯,台語,,3,,7,
老子說,吳克群,國語,,7,,2,
良夜不能留,,國語,,3,,3,
蠡纏一輩子,郭富,國語,,1,,3,
變成陌生人,工心凌,國語,,578,,3,
這甘是戀愛,張清芳,台語,,3,,6,
那年錯過的愛,,Unknown,,743,,1,
離別夜都市,西卿,台語,,073,,7,
離開這個地方,許諾,國語,,3,,3,
飲酒哈燒苶,七白,台語,,563,,6,
",怦亼入叩叩",張政雄薛潔絜,台語,,4,,5,
UUU,潘瑋柏,國語,,573,,2,
一段情,吳鶯鶯,國語,,744,,2,
不必假神祕,,台語,,4,,6,
你的承諾,百吉,國語,,8,,1,
兩隻戀人,曹格,國語,,56744,,2,
再會巴原野,,國語,,3,,3,
分手需要習,N,國語,,574,,3,
力量,女F4,國語,,766,,2,
哺土豆,陳建誠阿如,台語,,44444,,5,
"夂,恨丿未主",吳淑敏,台語,,4,,6,
夢想啟動,周杰倫,國語,,9,,3,
娜奴灣恰恰,白冰冰,台語,,76544,,6,
心愛!在那裡,玟伶,台語,,966,,7,
快樂一時永遠,悲李洋洋,台語,,844,,7,
恁老母卡好,康晉榮,台語,,4,,6,
惹目思,李明洋,台語,,4,,5,
愛乎徹底,沈芳如,台語,,974,,6,
新所在舊世界,林玉英,台語,,644,,7,
最初最後,趙擎,國語,,4,,2,
月兒讎彎照九,蔡幸娟,國語,,944,,3,
沒有不可能的,張雨生,國語,,4,,3,
海誓山盟,傳振輝&,台語,,544,,6,
無宅天書,黄妃,台語,,45444,,6,
血脈,戴梅君,台語,,0,,5,
記得我們,,國語,,499,,2,
說明白,庹宗華,國語,,4,,2,
走不完的愛,,國語,,3,,3,
轟動武林一首,卜學亮,台語,,4,,7,
鋼鐵是眼涙煉,的姜鵬,國語,,49544,,3,
離鄉的心情,黃克林,台語,,444,,7,
LEAVE,孫燕姿,國語,,3,,2,
今晩我是你的,鄺美雲,國語,,3,,3,
你是我戒不掉,煙樂,國語,,7,,3,
天清清地靈靈,蔡秋鳳,台語,,5,,7,
安全感,A-Show,國語,,76745,,2,
你是我所有的,命揚宗憲,台語,,645,,7,
愛以氵生,揚米瓊,國語,,845,,2,
我要你,鍾漢良,國語,,5,,2,
我要去西藏,鳥蘭托,國語,,545,,3,
排山倒海,張惠妹,國語,,5,,2,
歌唱全壘打,陳淑樺,國語,,7,,3,
歡喜跳一塊,龍千玉,台語,,5,,7,
沒良心的人,鄧麗君,國語,,555,,3,
流星,痞克四,國語,,843,,2,
無辜,曹格,國語,,565,,2,
祝你生日快樂,周韋杰,台語,,445,,7,
秋水伊人,費玉清,國語,,555,,2,
美麗的情緣,張玉英,國語,,945,,3,
聽我言情話,久登,台語,,845,,7,
註定孤單,陳一郎,台語,,445,,6,
請你麥攔卞,黄乙玲,台語,,5,,7,
這甘是阮的愛,孫淑媚,台語,,5,,7,
馬拉桑,張震嶽,國語,,745,,2,
MarryMe,蕭敬騰,國語,,578,,2,
不要回首,李碧華,國語,,4,,2,
你的名我的命,黃江,台語,,6,,7,
冒險愛情,林冠吟,國語,,8,,2,
冰雨,劉德華,國語,,3,,2,
分分手手那那一一天天,段千尋,國語,,497,,3,
可樂戒指,梁靜茹,國語,,563,,2,
噎嚼難,羅志祥,國語,,9,,2,
太多太多的抱,劉德華,國語,,6,,3,
失戀的探戈,葉勝欽,台語,,6,,6,
家在山男邊,,國語,,3,,3,
往事,沈文程,國語,,3,,2,
我和你,蘇永康,國語,,6,,2,
我的愛依然,藍雨,國語,,499,,3,
我的歌,江玲,國語,,6,,2,
我絶對不説我,你茹芸,國語,,566,,3,
我要你的愛,TOKYO&D,國語,,6,,3,
搖滾沙士,流氓阿,國語,,6,,3,
斜陽外,,國語,,6,,2,
春之夢,,國語,,6,,2,
月亮代表我的,鄧麗君,國語,,6,,3,
月売之傷,金心浪,國語,,6,,2,
歡喜酒,陳聖歳王銘鈴,台語,,44846,,5,
深秋,劉家昌,國語,,4,,2,
温泉郷的戀歌,七郎,台語,,446,,7,
為情為愛走天,淑惠,台語,,2,,7,
煙花弄,蔣寅,國語,,3,,2,
男人就是累,冖陳玉建,國語,,7,,3,
男人的眼涙,謝雷,國語,,556,,3,
異自的火車頭,詹雅雯,台語,,446,,7,
白水之戀,劉嘉亮,國語,,9,,2,
相思斷抹離,劉依純,台語,,6,,6,
相片,劉依純,台語,,566,,5,
睡美人,四分衛,國語,,6,,2,
秋嘆,廖秋濟,台語,,543,,5,
秋天別來,侯湘婷,國語,,6,,2,
美麗一的插曲,蕭亞軒,國語,,6,,3,
酒酉的眷風,白冰冰,台語,,746,,6,
阿娜答,林美惠,台語,,646,,5,
阿沙力,萬梓良,台語,,546,,5,
 歲,大麥 Trap,國語,,,,61,
Funky那個女,大嘴巴一籃心溏,國語,,585,,3,
GoodbyeMy,凡人二重,國語,,71,,2,
GoodbyeValentj,郭富城,國語,,3,,2,
不愛了也是一,愛周蕙,國語,,575,,3,
丟了,趙之璧,國語,,7,,2,
人生的劇本,沈建豪,台語,,0,,6,
伊斯坦堡,周杰倫,國語,,7,,2,
你懂嗎,張信哲,國語,,7,,2,
你說的,劉家昌,國語,,4,,2,
再會巴朋友,姚莉,國語,,9,,3,
別傻了,周華健任齊,國語,,547,,2,
台灣的心跳聲,蔡依林,國語,,577,,3,
呼拉圈,白冰冰,國語,,766,,2,
因為寂寞,張艾嘉,國語,,7,,2,
多雨的秋天,沈丹丹,國語,,2,,3,
夜上海,周玻,國語,,3,,2,
夢中天堂,VannessS,國語,,7,,3,
恰似你的温柔,蔡琴,國語,,7,,3,
情深愛也深,陳謝婷婷,台語,,48747,,6,
愛你不如愛上,動力火牟志,國語,,583,,3,
我要的不多,馬兆駿,國語,,7,,3,
搖勒搖勒,芭比,國語,,7,,3,
斷線情,陳秀玲,台語,,7,,5,
月兒伴著我,龍飄飄,國語,,4,,3,
月滿西樓,鄧麗君,國語,,,,2,
漁家女,姚蘇蓉,國語,,747,,2,
無人吕,陳隨意,台語,,5,,5,
男性的情涙,洪一峰,台語,,4,,6,
等一個人,殷正洋,國語,,3,,2,
裸體早餐,鄭秀文,國語,,597,,1,
該不該愛,藍山,台語,,647,,6,
説給男人聽,,國語,,3,,1,
説起了我的夢,高勝美,國語,,3,,3,
遍體鱗傷,古皓,國語,,3,,3,
2守守護,江江宏恩,國語,,82,,2,
HAPPY00,黎明,國語,,3,,2,
一下下,同思,國語,,5,,2,
一世人,李明洋,台語,,8,,5,
一夜情,張惠妹,國語,,3,,2,
不要説話,陳奕迅,國語,,6,,2,
主日古光,尤雅,國語,,97,,2,
价哭的日子,比莉,國語,,8,,3,
你最近是怎麼,事陳明真,國語,,388,,3,
再見,,國語,,9,,2,
別了愛人,歐菲,國語,,8,,1,
古月照今塵,文章,國語,,8,,3,
台北紅玫瑰,羅大佑,國語,,938,,3,
媒人嘴,羅時豐薛珮潔,台語,,448,,5,
小雨敲窗,陳淑樺,國語,,848,,2,
徹心扉,張嘉傑,國語,,6,,2,
怎麼能,蔡琴,國語,,4,,2,
情人的眼涙,日晩會,國語,,5,,3,
愛不單行,羅志祥,國語,,578,,2,
愛你愛到心醉,葉暖菱,國語,,3,,3,
我的心,沈芳如,國語,,448,,2,
我的心好亂,趙傳,國語,,8,,3,
捉泥鰍,包美聖,國語,,8,,2,
暗爽在心內,七郎,台語,,8,,6,
檳榔西施的眼,林美美,台語,,8,,7,
死心塌地,文奎,國語,,68448,,2,
沒有一夜不想,高進,國語,,7,,3,
源來的你,侯湘号,國語,,8,,2,
無愛的溫杀,陳茂豐,台語,,96548,,6,
用,張信哲,國語,,8,,2,
看著你看著一我、,宇桐非,國語,,688,,3,
眷光美,美黛,國語,,548,,2,
笑情歌,王中平,台語,,8,,5,
美麗的誤會,夾子道,國語,,748,,3,
舞月光,伍思凱,國語,,8,,2,
荷葉.蓮花.,甄秀珍,國語,,8,,3,
誠心戚動天,陳建铖,台語,,448,,6,
說散就散,啾軒,國語,,8,,1,
誰人愛酒醉,白冰冰,台語,,76548,,7,
請你放我走,,台語,,4,,7,
跳舞到天光,江蕙,台語,,56648,,6,
都怪我不對,波拉,國語,,558,,3,
金銀花,玟伶,台語,,048,,5,
98,,華語,68,,,39,
HAPPYBIRTHDA,康康,國語,,3,,2,
Heaven,GOGOME,國語,,3,,2,
一起飆高音,明缶,Unknown,,3,,1,
什麼歌,,國語,,599,,1,
今宵你別走,,Unknown,,8,,1,
倦鳥餘芼,游鴻明,國語,,563,,2,
偉大的國家,曉河,國語,,989,,3,
傷了我還説愛,江山,國語,,496,,3,
傷心固定人,王江發,台語,,749,,6,
可恨的愛人,彭唐,台語,,9,,6,
台北姑娘,鄧麗君,國語,,849,,2,
因:為有你,王力宏,國語,,3,,2,
你是我走我的,夢丐少,台語,,449,,7,
幸福的美夢,王淑靜,台語,,95649,,6,
很難該説什麼,范怡文,國語,,9,,3,
心冷啝!,童琴,台語,,542,,5,
忙歌好聽卻難,陳瑞,國語,,7,,3,
情花開,張棟樑,國語,,56749,,2,
愛不愛我,大嘴巴,國語,,579,,2,
愛的光合作用,藍心溏,國語,,9,,3,
指揮家,任賢齊,國語,,449,,2,
有我在,羅志祥,國語,,576,,2,
梭羅河畔,,國語,,9,,2,
無你我扌活,慕鈺華,台語,,9,,6,
男人和男人的,文奎,國語,,689,,3,
粉紅色的腰帶,西卿,台語,,9,,7,
萍水相逢的人,姚蘇蓉,國語,,9,,3,
袁遠懂你的人,樊凡,國語,,9,,3,
註該的命,鄭進一,台語,,9,,6,
電台情歌,邱芸子,台語,,9,,6,
驀然回首,呉奇隆,國語,,9,,3,
1:48,脫拉庫,國語,590,,,61,
1A.I.N.Y.愛你,鄧ま状,國語,,464,,1,
1IDontBeliev,張峰奇,國語,,8,,2,
1MISSINGYOU,BOSS,國語,,8,,2,
1MissYou,光良,國語,,562,,2,
1NO,盧廣仲,國語,,687,,2,
1SOSAD,草關恄,國語,,4,,2,
1Sav,莫文蔚,國語,,5,,2,
1Shallwetalk,陳奕迅,國語,,981,,2,
1THINKI,范珒琪,國語,,8,,2,
1WANNABE,胡彦斌,國語,,8,,2,
1WILLBEFINE,莫文蔚,國語,,576,,2,
1WISH,熊天平,國語,,3,,2,
1vemeyourhand邊,疆,國語,,684751,,2,
..40,Soul,國語,,,,,
年的第一場雪,刀郎,國語,543,1,,46; 46; 46; 3,
窗外少了一個,鳳,Unknown,,8,,1,
個人,游鴻明,國語,5,,,,
奔向你,張睿,國語,,2,,2,
小姐這是我的,月呉宗憲,國語,,3,,3,
我的就是你的,顧峰,國語,,684,,3,
抓兔子,陳明真,國語,,3,,2,
走在陽光裡,林慧萍,國語,,3,,3,
一直是晴天,許茹芸,國語,,3,,3,
八卦,于立成,國語,,682,,2,
只要喜歡,李炳辰,國語,,6,,2,
失去愛的人,謝雷,國語,,8,,3,
瘸鳥,陶品瑩,國語,,3,,2,
盼與寄,蔡潘安邦,國語,,8,,2,
私本至月球,五月天,國語,,562,,3,
CallMe,徐懷鈺,國語,,3,,2,
LOVESONG,人大同,國語,,6,,2,
一些.又一些,王品,國語,,496,,3,
依然愛你,王力宏,國語,,574,,2,
夢醒一場空,謝莉婷,台語,,4,,7,
害羞的太陽,馬兆駿,國語,,3,,3,
戀æßPARTY愛+PARTYPARTY,李政梁,國語,,8,,2,
相思簽,秀蘭瑪,國語,,463,,2,
社鹃花,,國語,,3,,2,
糖果,藍心湄,國語,,3,,2,
草原情歌,索南紮,國語,,9,,2,
記憶森林,深白色二人組,國語,,3,,2,
逃逃逃,李心琪,國語,,767,,2,
酒烹媒,蔡幸娟,國語,,4,,2,
CaPPUCCCappuccinoino,蕭亞軒,國語,,3,,2,
個比利,潘珒柏,國語,,7,,2,
兇手,林冠吟,國語,,4,,2,
夜來香,憶如,國語,,3,,2,
感、情生活,王菲,國語,,3,,3,
斷,太妃堂,國語,,577,,2,
歡在海之濱,鳳飛飛,國語,,6,,3,
生命的戀歌,蘇世方阡翊,台語,,7,,6,
生命的舞伴,李素專,台語,,8,,6,
跳電,羅百吉,國語,,8,,2,
你在哪裡,羅百吉,國語,,9,,2,
傷心證明書,陳奕迅,國語,,575,,3,
失去的資格,,Unknown,,695,,1,
我亻的紀念日,,國語,,5,,3,
解脫,黎亞,國語,,495,,2,
LEMONTREE,蘇慧倫,國語,,6,,2,
LOVEINTOTHE,SKY阿黄宜,國語,,7,,2,
回去西風的故,銀霞,國語,,8,,3,
心愛的我恨你,洪榮宏,台語,,0,,7,
愛我在今寬,葉璦菱,國語,,6,,3,
我日浮萍屮一片,紫薇,國語,,6,,3,
我要你忘了我,費玉清,國語,,3,,3,
無情的火車,張秀卿,國語,,8,,3,
這該死的愛,,國語,,5,,3,
飛向陽光飛向,~肬拉庫”,國語,,8,,3,
別在窗前等我,齊秦,國語,,3,,3,
回到你身邊,劉德華,國語,,3,,3,
愛我久一點,李玖,國語,,3,,3,
1公里,謝霆鋒,國語,5,,,99,
回首來古路,林子祥,國語,,3,,3,
念亼,劉若英,國語,,585,,2,
愛你一生,秀蘭瑪,台語,,978,,6,
甩尾,,國語,,4,,2,
蘇菲亞的盛宴,JS,國語,,8,,3,
酒醉的男人,李曉兵,國語,,8,,3,
長藤掛銅鈴,楊美蓮,國語,,5,,3,
ComeBackTo,Me孫耀威,國語,,3,,2,
SUPERGIRL愛,畏蕭亞軒,國語,,484,,3,
因為有珎在,Dream&GiS,國語,,583,,3,
夜燈雪,夏天Alex,國語,,498,,2,
許願池,林志炫,國語,,9,,2,
迷戀,高劍銘&許華,台語,,449,,5,
雨天的約會,蔡幸娟,國語,,3,,3,
2:54天還沒亮,柯欣穗,國語,,0,,3,
2=亻的目淚,黃思婷,台語,,44652,,6,
2HoneyHoney,孫燕姿,國語,,462,,2,
2SONICE,蘇永康,國語,,2,,2,
2SORRYSORRY}t對不起,戴梅君,台語,,7,,5,
2ネ舞功,謝金燕,台語,,562,,5,
0分的吻,蕭亞軒,國語,,7,,2,
GOODBYEHELLC,蔡健雅,國語,,5,,2,
㎡,,華語,68,,,,
不敢擱講愛你,鄭君威,台語,,5,,7,
不要離開,BEN,國語,,0,,2,
乘風破浪,崔苔菁,國語,,3,,2,
亨情歌,徐佳瑩,國語,,4,,2,
人疋,王萊,台語,,448,,5,
今天明天,葉復台,國語,,460,,2,
做一天的你,蔡依林,國語,,580,,3,
偸偸愛上你,青山,國語,,5,,3,
傷心是咱的名,鄭進一張涵,台語,,56380,,7,
光芒,F.I.R,國語,,0,,2,
冷水澡,黃立行,國語,,480,,2,
分手的時候,温瑞鷽,國語,,0,,3,
太過愛你,鄭凡,國語,,49980,,2,
女人太笨,李嘉,國語,,76560,,2,
希望,彭莉,台語,,0,,5,
你在我心底,姚蘇蓉,國語,,9,,3,
你是onlyone,~黄思好,國語,,48460,,3,
忠告,阮丹青,國語,,4,,2,
怎麼開始忘了,林隆玻芸京,國語,,580,,3,
恩情深似海,陳秀惠,台語,,4,,6,
愛一你的代價,高向鵬方瑞,台語,,560,,6,
愛我還是他,林幼萍,國語,,450,,3,
戀人的祝福,梁一貞,國語,,0,,3,
戀愛好時機,李明洋,台語,,460,,7,
戀愛狂想曲,南台灣小姑鋃,台語,,380,,7,
戀愛畢業生,林柔均,台語,,860,,7,
我的希望,尤雅,國語,,760,,2,
我要抱著你,龐龍,國語,,0,,3,
捨不得,陳嘉媚,國語,,450,,2,
是悲疋喜,張學友,國語,,380,,2,
最好的愛,王力宏,國語,,3,,2,
朋友!乎'乞啦,泳毅,台語,,547,,7,
歡喜做陣來,陳中,台語,,560,,7,
歡喜跳恰恰,王瑞霞,台語,,0,,7,
歡喜醉落去,陳徳一,台語,,54460,,7,
海平線,江蕙,台語,,680,,5,
煙火,郭釆潔,國語,,570,,2,
白色情人,蕭蔓玲,國語,,0,,2,
祝福,辦桌二人組,台語,,960,,5,
美麗笨女人,李玟,國語,,0,,3,
肝功能衰竭,旺對,國語,,9,,3,
舞棍大帝國,紫復台,國語,,660,,1,
蒲公英,張世彬,國語,,76760,,2,
要我怎麼說,代小波,國語,,68460,,3,
諾言,李翊君,國語,,3,,2,
迎著風迎著雨,,國語,,9,,3,
運命之歌,石喬,台語,,5,,6,
金鐘単鐵布衫,S.ㄦE,國語,,9,,3,
'm1'mBurning,陳彥允,國語,,59,,1,
AMWHOAM我就,我光良,國語,,3,,3,
L-O-V-E,陶品瑩,國語,,1,,2,
YesorNO,張惠妹,國語,,1,,2,
不下雨就出太,巴孟庭葦,國語,,3,,3,
亻麼是愛,蝉螂合,國語,,1,,2,
你這麼晚了還,睡胡彥斌,國語,,1,,3,
修煉愛情,林俊傑,國語,,57861,,2,
倒數計時,花世紀,國語,,461,,2,
傻子騙子,大台風,國語,,1,,2,
別問我會不會,悔趙詠華,國語,,3,,3,
又一吹愛上你,,國語,,1,,1,
壮念,王建傑,台語,,56861,,5,
夢中的愛人,陳一郎,台語,,4,,7,
失去的愛情,姚蘇蓉,國語,,4,,3,
失戀無罪,ALIN,國語,,481,,2,
少年仔的心聲,方順吉,台語,,1,,7,
差一點,阿社,國語,,561,,2,
希望你了解,茆惠觀,台語,,0,,6,
幸畐人生咱相,蔡小虎,台語,,947,,7,
你把我灌酉,黄大煒,國語,,6,,3,
怪獸,徐悢鈺,國語,,3,,2,
愛在深秋,譚詠麟,國語,,571,,2,
愛過的毎一天,,國語,,8,,3,
我們的那一年,王中平,國語,,1,,3,
我愛太陽星星,亮揚樺,國語,,476,,3,
我與蘭妃,鳳飛飛,國語,,761,,2,
我要你的愛,羅百吉,國語,,561,,3,
採紅菱,王慧蓮,國語,,1,,2,
明月千里寄相,蔡幸娟,國語,,5,,3,
望月,蕭玉芬,台語,,5,,5,
比交大的人提,周杰倫梁心&,國語,,7,,3,
沒有人,蕭亞軒,國語,,1,,2,
海風飄飄,陳盈潔,國語,,8,,2,
生命有你,盤子,國語,,1,,2,
男人的眼涙,劉嘉亮,國語,,564,,3,
紫色耶誕節”,陳峙民,國語,,1,,3,
絕望希望,劉昱賢,台語,,441,,6,
美麗的女孩,羅百吉,國語,,961,,3,
臨走的誓言,龍飄飄,國語,,461,,3,
花謝花飛飛滿,鳳飛飛,國語,,481,,3,
莫忘今宵,鄧麗君,國語,,3,,2,
薔薇處處開,鄧麗君,國語,,1,,3,
親親,梁靜茹,國語,,561,,2,
觀音手,斯琴高,國語,,49661,,2,
説聲我愛你,育小,國語,,3,,1,
跳痛,戴愛玲,國語,,571,,2,
金披,呉素卿,台語,,1,,5,
魔力HighHihQ,,國語,,563,,3,
魔鬼的眼淚,永邦,國語,,681,,3,
39吹我愛他,元若藍,國語,,563,,3,
DARLDARLINGING,范曉萱,國語,,2,,2,
LOVELOTUS,廢五金,國語,,2,,2,
一定會,何建清,國語,,552,,2,
不甘你的人,蔡小虎黃思,台語,,947,,6,
亂世佳人,夏天Alex,國語,,476,,2,
亠眷不再回,阿吉仔,台語,,2,,6,
亻麼日候,楊克強,國語,,2,,2,
僥心的人,葉啟田,台語,,582,,6,
兄弟'一林酒,,Unknown,,3,,1,
免疫力,荒山亮,國語,,2,,2,
全國各地,山野,國語,,684,,2,
再多一天,江映蓉,國語,,6,,2,
分分秒秒,亠戴愛玲,國語,,2,,2,
別這樣離開我,趙詠華,國語,,3,,3,
含笑,詹雅雯,台語,,2,,5,
吾在場證明,嚴爵,國語,,577,,3,
四星報喜,群星,國語,,76762,,2,
夢中的媽媽,郭雅琪,台語,,2,,7,
"左岸,右轉",莫文蔚,國語,,9,,2,
你是我的命,宇桐非,國語,,68482,,3,
心寄有情天地,暄雅,台語,,4,,7,
忍心做你去,李茂山,台語,,6,,6,
愛在發燒,董事長,台語,,7,,6,
愛你又有什麼,阿唯,國語,,49682,,3,
愛得忘了自己,鍾鎖濤,國語,,382,,3,
愛我到明天,沈芳如,國語,,2,,3,
愛我就疼我,黎瑞恩,國語,,3,,3,
愛比不愛更寂,小文,國語,,452,,3,
愛老虎油,脫拉庫,台語,,982,,6,
愛過你有多久就有,痛着秉治,國語,,662,,1,
我怎麼可以哭,陳奕迅,國語,,3,,3,
我要給世界最悠長的,吻破漀雅,國語,,59762,,1,
拉手,城市少,國語,,3,,2,
月光迪異可,張琍敏,國語,,782,,3,
来山飄雨西山,陳芬蘭,國語,,5,,3,
歡喜過卒年,黄三元文鶯,台語,,562,,7,
沒有一天不想,東方T&J\曲,國語,,2,,3,
淚雨,施志興,台語,,447,,5,
火疋,黃思婷,國語,,462,,2,
玩具槍與政瑰,黄鴻升,國語,,462,,3,
用力抱著,梁靜茹,國語,,4,,2,
男性的情涙,洪一峰,台語,,562,,6,
癡情的海岸,鄭如珍,台語,,446,,7,
相逢在故郷,謝雷,台語,,764,,6,
看清楚,許志安,國語,,382,,2,
真心換不到真,張瓊瑤,國語,,9,,3,
窗夕濛濛雨,亠蘇蓉,國語,,2,,3,
聽我一句話,陳小雲,台語,,8,,7,
蜘蛛網,劉偉仁,國語,,2,,2,
説好的幸福呪,周杰倫,國語,,56482,,3,
誰人無心事,楊董,台語,,0,,7,
諾言,劉文正,國語,,2,,2,
讓回憶隨風飄,余天,國語,,2,,3,
跳舞跳恰恰,候美儀,台語,,4,,6,
青色的山脈,文香,台語,,49482,,6,
LOVELOVELOV,柯以敏,國語,,3,,2,
一直想著一他,劉家昌,國語,,8,,3,
一首醉人的歌,雨望,國語,,46463,,1,
世上最遠的距,夏天Alex,國語,,49563,,3,
你對我是認真,嗎周慧敏,國語,,3,,3,
你敢知影,王儀珠,台語,,543,,6,
你是我心愛的,娘杜歌,國語,,8,,3,
你的背包,陳奕迅,國語,,3,,2,
你說過不會離,我尚蕓菲,國語,,3,,3,
傷心酒無情話,戴梅君,台語,,3,,7,
再會巴叮嚆,鄧麗君,國語,,763,,3,
分分手手五五十十天天,陶莉萍,國語,,5,,3,
午夜前的十分,莫文蔚,國語,,6,,3,
告別,王建傑,台語,,383,,5,
夜朱眠,鄭智化,國語,,3,,2,
媽媽聽我説,呂雯,國語,,453,,3,
孫悟空,五月天,國語,,9,,2,
幸畐額度,蘇錄綠,國語,,57563,,2,
幸福畐戀人,鄭沈,國語,,583,,2,
你是我ååSUPERMAN的SUPERMANSUPE,輙,國語,,383,,3,
愛在天涯,蘇振華梅君,台語,,063,,6,
愛你的是我,荒山亮蔡隹,台語,,3,,6,
愛你到永遠,黃品源,國語,,8,,3,
愛你愛到心碎,顧曉宇,國語,,683,,3,
戀愛的攻瑰,陳子恩,台語,,493,,7,
我怎麼哭了,林淑容,國語,,3,,3,
我看到很夕人,這位太,國語,,8,,3,
我與珈畊,姚蘇蓉,國語,,6,,2,
擁抱明天,,Unknown,,7,,1,
最美的期待,鬲北,國語,,3,,1,
有人蜚對我説,葛蘭,國語,,3,,3,
某年某月,季翊君,國語,,3,,2,
歌仔戲,秀蘭瑪,國語,,4,,2,
毎個人墸會寂,王子建,國語,,8,,3,
海波浪,方瑞娥,台語,,3,,5,
滿江紅,,國語,,383,,2,
秋風,蔡小虎,台語,,3,,5,
細漢時的人情,陳盈潔,台語,,76483,,7,
終於結束的起,",月天",Unknown,,59563,,1,
美麗的拒絕,麥瑋婷,國語,,3,,3,
脫胎換骨,季煒,國語,,585,,2,
若是我回頭來牽你,手榮穴,台語,,3,,7,
荷塘月色,鳳凰傳,國語,,57863,,2,
説不出的快活,葛蘭,國語,,3,,3,
説再見忘了我,KBO,國語,,49783,,3,
讓步,陳明真,國語,,383,,2,
酒國做英雄,鄭進一,台語,,763,,6,
酸辣湯,林玉英,國語,,3,,2,
金燕子,西鉚,台語,,683,,5,
離別的月台,鄒盛蘭,台語,,94763,,7,
4離開你的那一,海哲明,Unknown,,996,,3,
DNA出錯,黎明,國語,,3,,2,
Youcan,City&ß魅,國語,,5,,2,
不要告別,江玲,國語,,4,,2,
你無愛我,羅文聰,台語,,4,,6,
你的心不是冰,喬幼,台語,,4,,7,
你的風衣,張語倢,國語,,484,,2,
全城熱愛,羅志祥,國語,,484,,2,
再見煙火,卓義峰,國語,,59684,,1,
太過愛你,呂雯,國語,,7,,2,
女人夢化,秀蘭瑪,國語,,4,,2,
對愛渴望,楊宗喡,國語,,6,,3,
峇里島,紫薇,國語,,4,,2,
心動,林曉培,國語,,484,,2,
心愛的叨位去,方瑞娥,台語,,0,,7,
心碎,陳黎明,國語,,454,,2,
悄“悄告言你,范珒琪,國語,,464,,3,
愛不釋手,李翊右,國語,,3,,2,
愛那麼靠近,陳潔儀,國語,,4,,3,
慕情陽明山,張素,國語,,864,,1,
我學不會,高慧君,國語,,464,,2,
我是一片雲,鳳飛飛,國語,,4,,3,
手寫的從前,周杰倫,國語,,464,,3,
扌香,張秀卿,台語,,448,,5,
掛念,小辣椒,台語,,984,,5,
故事書,游鴻明,國語,,4,,2,
時間的手,王中平,台語,,5,,6,
月月楓葉、月月,鳳飛飛,國語,,584,,3,
流連,費翔,國語,,,,2,
漁家女,,國語,,384,,2,
灰色河堤,唐禹哲,國語,,4,,2,
照過來人,柳翰雅,國語,,4,,2,
男性的純情,阿吉仔,台語,,4,,6,
白色婚禮,許哲珮,國語,,4,,2,
目睭八金錢錢,石喬,台語,,9,,7,
相逢的探戈,陳翊穎,台語,,544,,6,
美夢都成空,鳳飛飛,國語,,8,,3,
莫負春光,費玉清,國語,,5,,2,
言言嘉年華,藍雨,國語,,498,,3,
買醉的人,荒山亮,台語,,4,,6,
C'C'ESTESTSIBON,55667F,國語,,5,,2,
DON'TBREAKMY,動力火,國語,,3,,2,
ONENIGHTINCIN,北羅酷吉,國語,,5,,3,
一公里,一許茹芸,國語,,56785,,2,
共同朋友,台灣女孩,國語,,48485,,2,
勇敢一點,趙傳,國語,,5,,2,
勇敢的心,高登,國語,,5,,2,
勇敢的愛,李翊君,國語,,5,,2,
又見可憐落魄,高子洋,國語,,5,,3,
吻別,楊靜,台語,,955,,5,
坎站,陳雷,台語,,56765,,5,
媽媽交待的話,素蘭,台語,,5,,7,
左右為難,張學友鄭中基,國語,,5,,2,
差不多,山野,國語,,685,,2,
心疼,大小百,國語,,5,,2,
忘記我還是忘,他迪克牛仔,國語,,5,,3,
愛你到底,陳盈潔,台語,,6,,6,
愛在巷岸,,台語,,44885,,6,
愛與不愛之間,楊黎蘇,國語,,3,,3,
戀愛IING,五月天,國語,,565,,2,
成績單,胖虎樂,國語,,565,,2,
我敢在你懷裡,獨劉若英,國語,,6,,3,
批刺的温柔,夏天Alex,國語,,495,,3,
承認,辛曉琪,國語,,3,,2,
故事就是故事,朱奇慧,國語,,5,,3,
星光依舊埤爛,小虎隊,國語,,385,,3,
月亮之上,鳳凰傳,國語,,7,,2,
月圓花好,揚燕,國語,,965,,2,
歸屬感,梁詠琪,國語,,585,,2,
滾蛋吧,畫天,國語,,455,,2,
用目甲你乾,王瑞霞,台語,,95465,,7,
瘋狂大請客,柳瀚雅,國語,,385,,3,
登峰造極,鄭秀文,國語,,565,,2,
相念一個人,曹春年,國語,,5,,1,
紅玫瑰,,國語,,464,,1,
茨蒸日上,黄思嬶,國語,,5,,3,
荷塘月色,張琍敏,國語,,385,,2,
行船的布魯斯,文夏,台語,,0,,7,
要命的溫杀,品冠,國語,,7,,3,
說真的,容祖兒,國語,,5,,2,
跨越赤道的愛,張世彬,國語,,767,,3,
金瓶似的小山,楊燕,國語,,4,,3,
銀花飛,張琍敏,國語,,5,,2,
阿比仔的心事,詹雅雯,台語,,56665,,7,
Don'tmakeme,cry李心潔,國語,,3,,2,
ONENIGHTIN,京信樂團,國語,,566,,3,
傷心歌傷心肝,施文彬,台語,,6,,7,
午夜談心,陳媦兒,國語,,6,,1,
喚愛人,,Unknown,,886,,1,
在乎你小這個朋,胡瓜,國語,,6,,3,
在事隨風,齊秦,國語,,4,,2,
夢中的愛人,洪榮宏,台語,,585,,7,
夢幻之境,李惠樺,國語,,8,,3,
大齡女子,彭佳慧,國語,,58566,,2,
失落所有,小剛,國語,,6,,2,
女王駕到,尚雯婕,國語,,686,,2,
專屬密碼,黃義達,國語,,6,,2,
你是好朋友,龍飘飄,國語,,8,,3,
微微的一笑,陳淑樺,國語,,666,,3,
心事放乎伊飛,江明學,台語,,6,,7,
心動,林佳儀,國語,,6,,2,
心愛的!不愛,辦桌二人組,台語,,9,,7,
心所愛,高向鵬,台語,,6,,5,
想你想到夢裡,方季惟,國語,,6,,3,
想和你去吹吹,張學友,國語,,3,,3,
愛你一人,張秀卿,台語,,966,,6,
愛到天荒地老,巫敕賢,國語,,6,,3,
愛到天荒地老,羅時豐龍千玉,國語,,386,,3,
愛我比你用心,魏新雨,國語,,6,,3,
我怎麼哭了,李茂山,國語,,686,,3,
我是夕麼想你,口曰,國語,,6,,3,
承擔,許茹芸,國語,,3,,2,
有你有明天,楊培安,國語,,56886,,3,
歡喜乾一林,陳雷,台語,,5,,7,
死灰復燃,戴愛玲,國語,,565,,2,
無常,呉奇隆,國語,,6,,2,
無敵的溫柔,辦桌二人組,國語,,76686,,3,
煙火,光良,國語,,566,,2,
王,陳司翰,國語,,6,,2,
瓧啝瓧啝,蕭亞軒,國語,,386,,2,
白鍵黒鍵,済源,國語,,68466,,2,
相思無用,鄭中基,國語,,6,,2,
相逢乾一杯,,台語,,666,,6,
眷來了,尤雅,國語,,6,,2,
祝福,江蕙,台語,,4,,5,
祝福,許富凱黃妃,台語,,578,,5,
秋風,梁靜,台語,,49386,,5,
等著你小回來,葉璦菱,國語,,466,,3,
紅顏淚,唐飛,台語,,496,,5,
耶利亞女,童安格,國語,,6,,3,
該是離別的時,陳小雲,國語,,6,,3,
該難過的人是,Ci魅,國語,,5,,3,
起蹦,葉璦藑,台語,,945,,5,
都是你,光良,國語,,666,,2,
酒醉的探戈,楊小萍,國語,,6,,3,
醉詠天鵝湖,荷楓,國語,,8,,1,
重新愛一次,芝龍,國語,,6,,3,
阿母的手路菜,于台煙,台語,,0,,7,
阿沙力,翁立友,台語,,564,,5,
飄零的洛匕,蔡琴,國語,,466,,3,
一天,張嘉洵,國語,,8,,2,
不甘情來放,陳盈潔,台語,,7,,6,
不能不讓你來,夢呂方,國語,,887,,3,
仰望,楊丞琳,國語,,574,,2,
偏愛水中月,費玉済,國語,,578,,3,
傷心無人管,鄔兆邦,台語,,067,,6,
傷心第四台,黃乙玲,台語,,9,,6,
傻的好幸畐,許紹洋,國語,,7,,3,
初戀女孩,艾榶,國語,,7,,2,
剪刀石頭布,郭美美,國語,,587,,3,
吻上你的心,潘越雲,國語,,9,,3,
哎呀呀啦啦啦,"""藍心湄",國語,,7,,3,
四秊相思,紫薇,國語,,7,,2,
在天之涯,陳蘭麗,國語,,587,,2,
壮念,方順吉,台語,,948,,5,
夜深了,紀宏仁,國語,,9,,2,
孟婁湯,游鴻明,國語,,3,,2,
帶著夢想去旅,莊妍,Unknown,,7,,1,
年少有為,季榮浩,國語,,46487,,1,
心愛的!妳尚,林在福,台語,,547,,7,
愛你離開你,南拳媽,國語,,7,,3,
愛從今天起,,國語,,867,,1,
愛怎麼能放手,孫豔,國語,,457,,3,
我的家,彭立,國語,,987,,2,
新是別人,趙永豐,台語,,497,,6,
日以繼夜的想,孟庭葦,國語,,387,,3,
有緣就會亻伙,林依涵,台語,,49387,,7,
望春,秀蘭瑪,台語,,7,,5,
桂花香,夏國星,國語,,7,,2,
海波浪,郭桂彬,台語,,487,,5,
無情的愛人,阿吉仔,國語,,7,,3,
熊麻吉,八三夭,國語,,585,,2,
牽手,蘇芮,國語,,7,,2,
獨孤天下,,Unknown,,7,,1,
王見王,羅志祥丞琳,國語,,467,,2,
用真心愛一個,蔡小虎,台語,,489,,7,
男性的復仇,文夏,台語,,4,,6,
相愛一回,唐娜,國語,,7,,2,
眠歹,詹雅雯,台語,,7,,5,
睡過頭,羅美玲,國語,,467,,2,
空中歌聲,蔡琴,國語,,4,,2,
第十三個月,黃小琥,國語,,7,,3,
答案∕的空間,芝龍,國語,,7,,3,
紅塵來去一場,巫敕賢,國語,,5,,3,
艷陽三月天,楊美蓮,國語,,7,,3,
莎咐娜啝祝福田,張麗華,台語,,547,,7,
蒲公英,劉若英,國語,,9,,2,
誰人親像你,,台語,,7,,7,
配對成雙,姚蘇蓉,國語,,7,,2,
酒減飲淡薄,唐飛,台語,,497,,6,
長頭髪,張宇,台語,,5,,5,
雨中一,張蓉蓉,台語,,6,,5,
38不屑悲傷,歳愛玲,國語,,8,,2,
38來生願做一朵,,Unknown,,59688,,1,
38傷了和氣,陳潔儀,國語,,3,,2,
38傷心歌唱袂煞,楊樺,台語,,498,,7,
38大話西遊,楊臣刚,國語,,468,,2,
38天翻地覆,匡力宏,國語,,468,,1,
38套不住,符致逸抃凡,國語,,8,,2,
38孤星9,呉奇隆,國語,,3,,2,
38專屬天使,Tank,國語,,538,,2,
38少來,劉虹嬅,國語,,388,,2,
38你刃裡始點,劉虹嬋,國語,,8,,3,
38你在我心中,鄧麗君,國語,,8,,3,
38怎戶辦,薛曉楓,國語,,688,,2,
38思田誰,巫啟賢,國語,,578,,2,
38惜情,余帝,台語,,8,,5,
38愛你一人,蔡小虎龍千玉,台語,,8,,6,
38愛情掉在哪裡,井柏然,國語,,57388,,3,
38愛永遠不會消,張惠妹,國語,,588,,3,
38我是一隻魚,任賢齊,國語,,568,,3,
38掙脫,謝金燕,台語,,8,,5,
38採檳榔,周璇,國語,,938,,2,
38搖咧搖咧,芭比,國語,,76868,,3,
38星期六,楊耀東,國語,,388,,2,
38星辰變,吳克群,國語,,48438,,2,
38月光像情網,包娜娜,國語,,768,,3,
38沒有你的每一,徐,國語,,568,,3,
38沙漠裡的毛,藍雨,國語,,49538,,3,
38海底針,楊明鈋,台語,,54488,,5,
38海浪淚痕,倪寊,國語,,8,,2,
38海盜船長,段千尋,國語,,49938,,2,
38源來有你,黄品源,國語,,4,,2,
38牽手,張惠妹,國語,,8,,2,
38男性勃露斯,,台語,,438,,6,
38相思搖醒寂寞,揚峻榮,國語,,8,,3,
38相逢,陳正見,台語,,548,,5,
38看雲,陳淑萍,台語,,768,,5,
38眷夢情已斷,葉啟田,台語,,8,,6,
38突然心動,陳曉東,國語,,8,,2,
38等著你愛著你,伍思凱,國語,,8,,3,
38肥年吉祥,群星,國語,,76738,,2,
38芭比電話,芭比,國語,,8,,2,
38荒城之月,,國語,,8,,2,
38莎優娜啦,羅百吉,國語,,768,,2,
38落入凡間的精,伊能靜,國語,,388,,3,
38薔薇處處開,蔡琴,國語,,8,,3,
38褪色,夏天Alex,國語,,47638,,2,
38言我醉,詹曼鈴,國語,,688,,2,
38説你也一樣愛,我張揀樑,國語,,56838,,3,
38誰不敢詛咒,鄭春明,台語,,738,,7,
38請你進來坐,林俊彦,台語,,498,,7,
38請你著了解,林婀,台語,,8,,7,
38請你跟卞畏,王瑞霞,台語,,588,,7,
38金紙心銀紙情,澎恰恰,台語,,468,,7,
38長頭髪,謝金燕,台語,,57768,,5,
38離開你熄會不,唐飛,台語,,498,,7,
38雨夜傷心涙,,台語,,8,,6,
39一岸子不後悔,段千尋,國語,,49839,,3,
39一年又一年,,國語,,9,,3,
39不可未記呢,西卿,台語,,039,,6,
39不顧一切愛你,陳淑萍,台語,,789,,7,
39伊人何處,鄧麗君,國語,,389,,2,
39你的肩膀,何耀珊,國語,,569,,2,
39你給我的愛不,愛林憶蓮,國語,,9,,3,
39你被寫在我的,裡蘇打錄阥,國語,,57539,,3,
39你走了嗎,蘇芮,國語,,889,,2,
39傷心冬秊,張星唯,國語,,469,,2,
39冷血,張燕清,台語,,089,,5,
39分手以後,方亦娜,國語,,789,,1,
39別訁讓我等太久,林姍,國語,,9,,3,
39壮心,謝明,台語,,9,,5,
39夢中的祝福,陳雷,台語,,469,,7,
39失戀陣線聯盟,草蜢隊,國語,,9,,3,
39你是愛我的,李玟,國語,,389,,3,
39你是我的眼,蕭煌奇,國語,,569,,3,
39很想說,李聖傑,國語,,76789,,2,
39心軟,方季惟,國語,,9,,2,
39思念是一種病,張震嶽,國語,,56669,,3,
39情歌手,彭佳慧,國語,,91,,2,
39情難離,施志興倖幸奴,台語,,94769,,5,
39惜福,陳維,台語,,499,,5,
39愛一有你尔,林佳儀,國語,,3,,2,
39愛我的毎個人,1ina,國語,,57569,,3,
39愛與不愛之間,高明駿,國語,,9,,3,
39感謝華健,劉嘉亮,國語,,669,,3,
39戀愛的匕~,方怡萍,台語,,439,,7,
39我為你而來,歐陽菲,國語,,939,,3,
39把相思寄去遠,,Unknown,,9,,1,
39有空來玩,北原山,國語,,91,,2,
39望天,羅時豐,台語,,48889,,5,
39淚不停,溫嵐,國語,,439,,2,
39淺攤,曾淑勤,國語,,9,,2,
39灰色空間,羅志祥,國語,,939,,2,
39煙草、香,林宗興,國語,,539,,2,
39生命的情歌,蔡義德,台語,,58469,,6,
39用情太深,林慧萍,國語,,9,,2,
39痴情乎人心广,蔡小虎,台語,,9,,7,
39短暫的等待,于台煙,國語,,039,,3,
39秋天,錢澄,台語,,94869,,5,
39窗外的天氣,蕭亞軒,國語,,9,,3,
39純情,張蓉蓉,台語,,44439,,5,
39美人計,陳淑萍林传吉,台語,,769,,5,
39美麗花蝴蝶,張洪量,國語,,939,,3,
39肥年發大財,張世彬,國語,,76739,,3,
39訪英台,陳潔,國語,,939,,2,
39請你著愛聽,司馬鳳,台語,,9,,7,
39這條街,冷云,國語,,459,,2,
39阿爸的膨紗衫,向蕙玲,台語,,9,,7,
39陀飛輪,陳奕迅,台語,,57739,,5,
39雨後的彩虹,謝金品,台語,,96769,,6,
39高天上流雲,劉青,國語,,989,,3,
3ABC4åJABC40vi咬豬,人芭,台語,,575,,5,
3Bling#BIing#,安苡葳,台語,,483,,8,
3D舞力全失,自由發,國語,,445,,3,
3HONEY,郭書瑤,國語,,573,,2,
3HONEYC,蘇宥蓉,台語,,783,,8,
3HappyBirthday,兒大嘴巴,國語,,573,,3,
3HighHighHigl,張惠妹,國語,,3,,2,
3IDON'TWANTTO,陳偉,國語,,853,,2,
3IHopeYouDon't,伊雪莉,國語,,57653,,2,
3IKNOW,畢書盡,國語,,966,,2,
3VIPP,羅百吉,國語,,766,,2,
3、、你阮疼,慧璇,台語,,583,,6,
40別在傷口灑鹽,張惠妹,國語,,0,,3,
40天大的幸福,曽番年,Unknown,,0,,1,
40孤星涙,劉德華,國語,,3,,2,
40寫一封給深愛,人段千尋,國語,,49840,,3,
40放愛一條生路,那英,國語,,0,,3,
41吹心動,陳勢安,國語,,464,,1,
41你知道我對你,好謝容兒,國語,,941,,3,
41夏日的時光,于楓,國語,,1,,3,
41天涯歌女,周璇,國語,,1,,2,
41媽媽交代的話,黃三元,台語,,1,,7,
41季節雨,江淑娜,國語,,3,,2,
41愛到最高點,伍思凱,國語,,1,,3,
41我看見的世界,周蕙,國語,,741,,3,
42十年,陳奕迅,國語,,2,,2,
42銅鑼歌,姚莉,國語,,942,,2,
43GOODBYEMY,何俊明,國語,,843,,2,
43TOUCHMYHEAR,羅志祥,國語,,643,,2,
43傻傻戀愛的人,Miss&南台灣,台語,,943,,7,
43別讓我恨你,陳潔儀,國語,,3,,3,
43回回家家的的路路,劉德華華,國語,,443,,2,
43愛來的剛好,張智成,國語,,483,,3,
43月夜癶挑,楊燕,國語,,3,,2,
440年代懷念的,戈頼國永,台語,,4,,7,
44彩虹,動力火,國語,,48441,,2,
44BeautifuI,王思佳,國語,,464,,2,
44光影,顧莉雅,國語,,844,,2,
44別讓情兩難,节信哲范文芳,國語,,4,,3,
44可可愛愛的的政瑰瑰花花,飛飛飛,國語,,4,,3,
44天龍八郐,,國語,,4,,2,
44孟姜女,,國語,,4,,2,
45黑的意念,黃立行,國語,,51,,2,
46明知已經無緣,系淑媚,台語,,386,,7,
46讓愛那麼愉快,社徳偉,國語,,6,,3,
47ROCKIT,大嘴巴,國語,,447,,2,
47只因喜歡你,,Unknown,,847,,1,
47懂懂得得愛愛自自己己,梁詠琪,國語,,7,,3,
48相思爬上心底,鳳飛飛,國語,,8,,3,
49你著忍耐,江蕙,台語,,9,,6,
49蒲公英的約定,周杰倫,國語,,569,,3,
4:.你一句話,林良歡,台語,,57774,,6,
4:你到天亮,阿錡,台語,,494,,6,
4FarAway再見,沈文程,台語,,2,,5,
4GoGo哥哥,樂克勇徐薐寧,台語,,044,,5,
4HeyGirl,張爽,國語,,49884,,2,
4ICANFLY(我可,)陳冠希,國語,,574,,2,
4ICRY,羅百吉,國語,,874,,9,
4Money,方鈴,台語,,97981,,8,
4SOHOT,WONDER&GIRLSRLS,國語,,4,,2,
4ki*coffee更深coffee,鄧詠家,台語,,694,,6,
4、你到天光,楊烈,台語,,564,,6,
4、這愛主誰對誰,林隆璇,國語,,4,,3,
5.6.78.GOGOINGNG,徐懷鈺,國語,,3,,2,
51個人,游鴻明,國語,,0,,2,
50不再愛了,大哲,國語,,760,,1,
50不要怪我,動力火,國語,,0,,2,
50你說的,,國語,,0,,2,
50傷了愛情的玫,孔朝,國語,,450,,3,
50剎那一留步,民歌,國語,,0,,2,
50可愛的馬,青山,國語,,650,,2,
50坎坷的人生,飄香香,台語,,650,,6,
50夜上海,紫薇,國語,,550,,2,
50夜太黒,林憶蓮,國語,,650,,2,
50愛在星光燦爛,黄日華明直,國語,,570,,3,
50愛我不夂我,許紹洋,國語,,850,,3,
50我要為你歌唱,費玉清,國語,,0,,3,
50秋風,蘇錦煌,台語,,650,,5,
50肩上蜻蜒,霍定華,國語,,750,,2,
50胭脂,李嘉,台語,,750,,5,
50進退兩難,廖玲玲,台語,,540,,6,
50離別傷心曲,佚名,台語,,44850,,7,
50靈魂的重量,阿密特(阿),國語,,680,,3,
50,,台語,65,,,,
51OK蹦,張韶涵,國語,,461,,2,
51WakeUp,林曉培,國語,,1,,2,
51一直在等你,,Unknown,,851,,1,
51你在他鄉,剛澤斌,國語,,1,,2,
51分開不一定分,山野,國語,,49851,,3,
51勇敢去闖,楊大為,國語,,1,,2,
51危險女人香,丁國琳,國語,,451,,3,
51在毎個夢中,・陳艾泥,國語,,951,,3,
51太難,鄭中基,國語,,1,,2,
51心動,大豪,國語,,551,,2,
51愛的忘了自己,工傑,國語,,1,,3,
51我們還能愛夕,,Unknown,,751,,1,
51我就是最愛你,人黒龍,國語,,951,,3,
51我的情,小文,國語,,68451,,2,
51我要烹你歡唱,白光,國語,,1,,3,
51挽回咱的愛,蔡小虎,台語,,4,,6,
51海中網,龍千玉,台語,,1,,5,
51當刺蝟愛上政,游鸿明,國語,,57651,,3,
51痛苦算什麼,邱永傳,國語,,851,,3,
51相逢乾一杯,白冰冰,台語,,971,,6,
51菜瓜旋藤,蔡秋鳳,台語,,1,,6,
51變臉的愛人,柯以敏,國語,,751,,3,
51這城市有愛,周華健,國語,,1,,3,
51金線蓮,林婀,台語,,1,,5,
581公里,謝霆鋒,國語,,652,,2,
52BELLA9號夜,蕭薔,國語,,2,,3,
52HEY鬧鬧,中堅份,國語,,2,,2,
52MAKEAWISH,F4,國語,,752,,2,
52WithoutYou,黃立行,國語,,2,,2,
52不愛我就拉倒,",周杰倫",國語,,652,,1,
52不甘你心碎,林東華,台語,,492,,6,
52人生其實很簡,葉蒨文,國語,,652,,3,
52仰慕,陳立強慧敏,國語,,462,,2,
52你的心犭月袂者,黃西田樛兆姐,台語,,452,,7,
52兩人世界,柯有倫,國語,,2,,2,
52八什麼救贖,宇桐非,國語,,682,,3,
52冷眼旁觀,張衛健,國語,,46462,,1,
52分手紀念日,李碧華,國語,,9,,3,
52坎坷的戀情,陳中,台語,,49462,,6,
52大夢想家,TFBOYS,國語,,752,,2,
52你在我心上,李蚊,國語,,2,,3,
52你我再相逢,蕭焜珠,國語,,58552,,3,
52心碎,易欣,國語,,49852,,2,
52想著想煮就犬,傅薇,國語,,3,,3,
52戀戀卜崙站,朱海君,台語,,572,,7,
52柔杀,呂雯,國語,,68452,,2,
52欲哭血淚,許茹芸,國語,,2,,2,
52沒刃麼愛他,范珒琪,國語,,652,,3,
52海甲天,朱海君,台語,,2,,5,
52甘願為你紅,侯方貽,台語,,95652,,6,
52生命的化匕一,張麗華,台語,,542,,6,
52痴情,陳彼得,國語,,2,,2,
52秋風,潘曉娟,台語,,542,,5,
52等你的秊節,劉詩詩,國語,,57952,,3,
52聽見牛在哭,杜成義,國語,,572,,3,
52花兒頭上插,蓓蕾,國語,,752,,3,
52遊戲終止,凌峰,國語,,852,,3,
52酒場煙花淚,林美惠,台語,,752,,6,
52阿里郎山坡,楊燕,國語,,652,,3,
52黑色契約,杜德偉,國語,,9,,2,
"53,永恆的記,",",。張値晢",Unknown,,59553,,1,
53一定會,尊華,國語,,683,,2,
53人生何處不相,費玉清,國語,,3,,3,
53任我遨遊,TYPHOON顏仔書,國語,,3,,2,
53別走得太匆匆,陳淑樺,國語,,853,,3,
53妝,楊林,國語,,3,,2,
53寂寞轟炸,張克帆,國語,,3,,2,
53我們的愛沒有,,Unknown,,653,,1,
53我要飛上亠天,葛蘭,國語,,3,,3,
53爽快永遠批是,蔡秋鳳,台語,,563,,7,
53牽你的手到永,鄧妙華,台語,,453,,7,
53生生世世不分,謝沛琳,台語,,493,,7,
53白,龍飄飄,國語,,553,,2,
53紅豆曲,鄧麗君,國語,,553,,2,
53聽那星光歌唱,許美靜,國語,,3,,3,
53花兒愛上忘情,王強,國語,,753,,3,
53血人庝,王壹珊,台語,,3,,5,
53買醉的人,蔡小虎,台語,,563,,6,
53雞公娶雞子,陳永見畇澐,台語,,543,,7,
53離別月台口不,洪弟七,台語,,3,,7,
53青眷紀念冊,可来小,國語,,753,,3,
541LOVEY()USO太,"你,鱸",國語,,4,,3,
54一個人,林慧萍,國語,,64,,2,
54人門,王菲,國語,,4,,2,
54剛剛好,,國語,,54564,,1,
54夢中的情人,蔡小虎千玉,台語,,654,,7,
54失戀光榮,文奎,國語,,49954,,2,
54小心女人,鄭秀文,國語,,574,,2,
54心跳,張可芝,國語,,754,,2,
54忠貞不二,郭富城,國語,,3,,2,
54愛的宣言,大嘴巴,國語,,56754,,2,
54我是一個兵,岳侖,國語,,984,,3,
54沒時間,莫文蔚,國語,,4,,2,
54犯錯,韓真真,國語,,684,,2,
54甘願無的愛,楊宗憲,台語,,4,,6,
54痞子遇到愛,林逸欣,國語,,4,,3,
54讓我自己走,林淑容,國語,,4,,3,
54這世界,張済芳,國語,,4,,2,
55YouMe,李玟,國語,,9,,2,
55光年,李聖傑,國語,,565,,2,
55再會啦心愛的,王識賢,台語,,655,,7,
55前程萬里,,國語,,51,,2,
55對的那個人,,國語,,855,,1,
55你説他,PopuLadv,國語,,655,,2,
55忽略,江淑娜,國語,,3,,2,
55想你一整夜,蔡琴,國語,,755,,3,
55愛你到老,蔡小虎,台語,,565,,6,
55愛的表情,孫耀威,國語,,5,,2,
55把握人生的方,青山,國語,,5,,3,
55為情為孝走天,蕾,台語,,5,,7,
55燕子,紫薇,國語,,5,,2,
55犯錯,顧斯高麗,國語,,49955,,2,
55獨孤天下,,Unknown,,655,,1,
55生命的溫泉,李翊君,台語,,5,,6,
55白紙,王力宏,國語,,65,,2,
55盼妳回頭,李茂山,國語,,5,,2,
55確定一定以及,定曹雪,國語,,685,,3,
55禮物,梁詠琪,國語,,485,,2,
55終於說出口,刁,國語,,56455,,3,
55這是我的家,鳳飛飛,國語,,555,,3,
55遇見愛情,丶盂女豪,Unknown,,655,,1,
55都市冒險家,劉文正,國語,,5,,3,
55離開你了後,江明學,台語,,5,,7,
55香榭大道,謝金燕,國語,,455,,2,
560分,李炳辰,國語,,656,,2,
562TaipeiTaipeilnLove,E-TURN,國語,,562,,2,
56MEN'STALK,張清芳,國語,,556,,2,
56不要騙我,張惠妹,國語,,6,,2,
56你和我的電影,陳小霞,台語,,956,,7,
56你快走開,蔡健雅,國語,,6,,2,
56你走,吳淑敏,台語,,576,,5,
56做你的公主,~何耀珊,國語,,856,,3,
56可以的話,梁靜茹,國語,,756,,2,
56將錯就錯,孟庭葦,國語,,6,,2,
56你人的像風,張學友,國語,,486,,3,
56彩雲仁一海鴎,高勝美,國語,,6,,3,
56心術,張宇,國語,,456,,2,
56怎麼了,張曼莉,國語,,956,,2,
56恩愛好百年,,台語,,6,,6,
56我倆一同飛去,許茹芸,國語,,6,,3,
56我沒有醉,李翊君,國語,,456,,2,
56有緣血份的人,曾心梅,台語,,6,,7,
56甘願為妳疒,高遠儀,台語,,54756,,6,
56相愛容易相處,,Unknown,,47956,,1,
56自然凋謝,孫盛希,國語,,656,,1,
56舞極限,羅志祥,國語,,956,,2,
56過眼雲煙,KBO&光,國語,,49756,,3,
56阿公的眠床腳,江蕙,台語,,756,,7,
56離開你的夢,龍千玉,台語,,6,,7,
56雨下一整晩,周杰倫,國語,,6,,3,
56黯然銷魂掌,李代沐,國語,,656,,1,
57五天幾年,林凡,國語,,577,,2,
57交換,周璇,國語,,957,,2,
57兄弟情義,",風雪月",國語,,7,,1,
57全面開戰,林俊傑&菻恚穎,國語,,757,,2,
57前面路口停,小鄧福如,國語,,657,,3,
57只要平凡,張杰張,國語,,59657,,1,
57咋夜夢中,張琍敏,國語,,7,,2,
57回頭再見,丶霖,國語,,757,,1,
57失敗的分手,倪安東,國語,,57557,,3,
57心愛的熄有一天你會,解李茂山,台語,,7,,7,
57愛在人間,沈志仲,國語,,49757,,2,
57拔河,陳潔儀,國語,,3,,2,
57有一一點點動動心心,張信哲,國語,,657,,3,
57李雷和韓梅梅,徐譽滕,國語,,457,,3,
57歡喜要見君,楊麗花,台語,,44857,,7,
57洋首,楊宗緯,國語,,7,,2,
57看破,陳小霞,台語,,667,,5,
57秤心,葉月英,台語,,547,,5,
57聽說你要走,于櫻櫻,國語,,7,,3,
57聽説你離開他,周子寒,國語,,7,,3,
57許多年以後,趙鑫,國語,,7,,3,
57請你糖糖聽,楊宗憲,台語,,7,,7,
58881寂寞,何耀珊,國語,,8,,2,
58DDiamondiamondSun,林曉培,國語,,8,,2,
58主情到曲濃日士時反反:為,江玲,國語,,8,,3,
58你說過,趙秋凱,國語,,76758,,2,
58切袂熄的燈火,陳雷,台語,,578,,7,
58前進烏托学,張惠妹,國語,,658,,3,
58可愛的她,陳熙,國語,,56458,,2,
58啦的心聲 莊長明 歌曲 ◆,,台語,,,,51,
58己念日,齊秦,國語,,8,,2,
58思母淚,許燕,國語,,49658,,2,
58愛你的記憶,反澄慶,國語,,938,,3,
58政瑰政瑰我愛,,國語,,8,,3,
58月亮若的禍,張宇,國語,,8,,3,
58沒有為什麼,文筱苗,國語,,68458,,3,
58男人也會痛,霍正奇,國語,,8,,3,
58相愛旅程,陶鈺玉,國語,,958,,2,
58見面三分情,羅時豐王瑞霤,台語,,8,,6,
58請你著放棄,傅振輝千玉,台語,,458,,7,
59,,華語,,,,96,
59S.N.G,周湯豪,國語,,959,,2,
59你若快樂我就,樂林玉英,國語,,9,,3,
59別再驚動愛情,張揀樑,國語,,57459,,3,
59別讓每陣風吹,走段千尋,國語,,49559,,3,
59半句再見,,國語,,659,,1,
59只願有你,孫蠗威,國語,,9,,2,
59壮心,楊哲,台語,,9,,5,
59夏雨寺,潘裕文,國語,,56859,,2,
59夢中的媽媽,劉沛蘭,台語,,9,,7,
59夢的斤祷,,Unknown,,659,,1,
59夢遊仙公廟,良山,台語,,559,,7,
59天天都想見到,龍軍vsTRY,國語,,9,,3,
59好無聊,蔡健雅,國語,,9,,2,
59帶刺的荐蕾,葉瞹菱,國語,,9,,3,
59心肝子,蔡義德張政雄,台語,,57659,,5,
59愛你入骨,蔡小虎,台語,,9,,6,
59懷念你一人,楊宗憲,台語,,9,,7,
59我還以為,陳熈,國語,,56459,,2,
59暗暗的落雨聲,韓寶儀,台語,,659,,7,
59有話好說,林伊凡,國語,,9,,2,
59沒男麼六單ロ,黄小琥,國語,,56959,,3,
59為你撐傘的雨,,Unknown,,759,,1,
59用青眷甲你交,謝雷,台語,,9,,7,
59看我、七十二變,蔡依林,國語,,459,,3,
59知道你會走,蜜雪薇,國語,,659,,3,
59稚情,錢幽蘭,國語,,9,,2,
59背匕叛的傷害,楊克強,國語,,769,,3,
59說聊齋,,國語,,9,,2,
59豆花車倒攤,施文彬,台語,,579,,6,
59跟我派凿,,Unknown,,859,,1,
59酒吁尚賣無,蘇苗,國語,,9,,3,
59金針花,江蕙,台語,,669,,5,
59長藤掛銅鈴,,國語,,9,,3,
59離鄉的男兒,張文祥,台語,,54459,,7,
5HEYHAH,可米小,國語,,795,,2,
5ShoppingShopping,小龍女,國語,,1,,2,
5WaitingFor,胡彥斌,國語,,482,,2,
5秒,,華語,6940,,,,
"6,怦亼亼叩叩",陳隨意,台語,,5,,5,
60Youdon'tknc,季唯楓,國語,,960,,2,
60三年,蔡幸娟,國語,,0,,2,
60不要再説,王建傑,國語,,760,,2,
60夜未央,馬蕊,國語,,680,,2,
60臉,王菲,國語,,0,,2,
60若是你在我身,劉文正,國語,,0,,3,
60難道愛你是錯,林婀,國語,,0,,3,
61分分手手的的時時候候,陳明仁,國語,,551,,3,
61原諒我吧心上,余天,國語,,1,,3,
61台北的機場,溫兆倫,國語,,1,,3,
61回家好不好,秀蘭瑪,國語,,1,,3,
61因你而在,林俊傑,國語,,57761,,2,
61家絶熄比野毛,劉家昌,國語,,861,,3,
61我知道我愛你,易欣,國語,,49861,,3,
61男人的新衣,藍心泥,國語,,1,,3,
61社會主義好,煥之,國語,,981,,3,
61花兒頭上插,鳳飛飛,國語,,1,,3,
62BLUE,陶品瑩,國語,,2,,2,
62WiWithoutthoutLove,順子,國語,,9,,2,
62愛你的證據,王中平劉簥溪,國語,,462,,3,
62戀戀女人香,韓真真,國語,,49662,,3,
62我是真的愛你,温兆倫,國語,,2,,3,
62煙火夢,秀蘭瑪,國語,,4,,2,
62直心真意過一,葉蒨文,國語,,2,,3,
62羅密歐的世界,閃亮三,國語,,462,,3,
62花都開好了,S.H.E,國語,,562,,3,
63愛我的理由,楊克強,國語,,443,,3,
63有你在身旁,閆旭,國語,,3,,3,
63活該,信泉團,國語,,56563,,2,
63男人要乞脆,何妹妹,國語,,3,,3,
63羅密歐朱麗,劉嘉亮,國語,,663,,3,
63見面等何時,江蕙,台語,,3,,6,
63迷戀,詹雅雯,台語,,48863,,5,
64LUV3,范文芳,國語,,4,,2,
64THEMOMENT這,刻孫,國語,,664,,3,
64人面桃花相映,陳藺麗,國語,,764,,3,
64你那有啥稀奇,黃西田,台語,,44864,,7,
64八卦,黃立行,國語,,4,,2,
64外面的世界,齊秦,國語,,4,,3,
64我要飛上亠天,張俐敏,國語,,964,,3,
65六十六年在台,劉家昌,國語,,965,,3,
65夢醒一場空,林美惠,台語,,545,,7,
65真的言我愛你,",蔡幸娟",國語,,5,,3,
666情歌,,台語,,,,,
66你是我心底的,鍾鎮濤印章蓉舫,國語,,6,,3,
66夕忙夕寂寞,傅薇,國語,,9,,3,
66姐姐,謝金燕,國語,,766,,2,
66我是一的愛你,段千尋,國語,,49966,,3,
66田園,劉家昌,國語,,566,,2,
66知本情歌,温梅桂,國語,,766,,2,
66良夜不能留,費玉済,國語,,556,,3,
66被自己綁架,楊丞琳,國語,,6,,3,
66變心的翅膀,陳明真,國語,,6,,3,
66青蛙的婚禮,銀霞,國語,,566,,3,
66香格里拉,揚燕,國語,,966,,2,
66香水有毒,胡揚林,國語,,49866,,2,
67MAMAMAMA,張韶涵,國語,,667,,2,
67希望的期待,謝狄,台語,,767,,6,
67愛的很爽,林慧萍,國語,,57467,,2,
67我等到花兒也,了張學友,國語,,7,,3,
67花又開好了,SH.E,國語,,57767,,3,
67解藥,・堂娜,國語,,7,,2,
67變色的眼睛,,國語,,7,,3,
67錯,夏天Alex,國語,,49567,,2,
67阿嬤的紅線,秀蘭瑪,國語,,4,,3,
68人人生生何何處處不不相,葛蘭,國語,,468,,3,
68人貝,張惠妹,國語,,568,,2,
68夢遊仙公廟,黃西田,台語,,468,,7,
68愛你的餘温,張信哲,國語,,988,,3,
68男人的眼涙,羅百吉,國語,,76668,,3,
68第三個願望,庾澄慶,國語,,688,,3,
68第幾個0天,林俊傑,國語,,56968,,3,
68舞法舜天,羅志祥,國語,,578,,3,
68跟蹤,阮丹青,國語,,8,,2,
69一千個山大,鳳飛飛,國語,,469,,3,
69放不下的是你,張立基,國語,,3,,3,
69淚橋,伍佰,國語,,669,,2,
69渺渺小,田馥甄,國語,,9,,2,
69走在陽光下,,國語,,9,,3,
69躱避,原始林,國語,,47769,,2,
6=好的結局,八三天,國語,,946,,3,
6ALWAYS,陳傑瑞潘嘉,國語,,58976,,9,
6Becauseyoulove1,me邊疆,國語,,686,,2,
6BlingBling妹,安苡葳,台語,,9,,8,
6HELLO,趙薇,國語,,396,,2,
6HoneyRBab.y,曽珒中,台語,,974,,8,
6SoFun,李聖傑,國語,,566,,2,
6SomethingSomething,嚴爵,國語,,646,,2,
6Sorry,蘇永康,國語,,3,,2,
6Sorry,高登,國語,,476,,2,
70乾了這杯酒,枉歌,國語,,670,,3,
70你好可愛,吳克群智孝,國語,,58570,,2,
70你甘有愛過我,辦桌二人組,台語,,760,,7,
70天上的星星是愛情,燈陳瑞,國語,,0,,1,
70很受傷,任賢齊,國語,,9,,2,
70愛江山更愛美,李麗芬,國語,,0,,3,
70我我這個個你你不不愛愛,人迪克牛伃,國語,,0,,3,
70敲敲痛我我的的心心,鄭怡,國語,,0,,3,
70是我是我,芭比,國語,,56670,,2,
70時間無地等,姜育恆,台語,,440,,6,
70當你,王心凌,國語,,570,,2,
70討厭自己,周蕙,國語,,0,,2,
70遇見,孫燕姿,國語,,470,,2,
70體會,陳慧琳,國語,,0,,2,
"71,糹戀台北城",工江發,台語,,441,,7,
71CiCircusrcusMonkev,黃立行,國語,,481,,2,
71SayForever,GOGOME,國語,,1,,2,
71YESIDO,羅中旭,國語,,671,,2,
71一直到最後,ENERGY,國語,,1,,3,
71不甘拆分開,,台語,,1,,6,
71做個好情人,言承旭,國語,,9,,3,
71分手在天亮以,丁于,國語,,68471,,3,
71嘀哩嘀哩,潘振聲,國語,,981,,3,
71巡吊橋的人,周蓬霖,台語,,44471,,6,
71慢慢喜歡你,寞文蔚,國語,,59571,,1,
71斷腸紜,張用敏,國語,,571,,2,
71明年春天在台,鳳飛飛,國語,,771,,3,
71無聊的時候,羅百吉,國語,,47771,,3,
71生銹小刀片,洪一峰,台語,,571,,6,
71白鴿,伍佰,國語,,9,,2,
71秋風,徐承邦,台語,,071,,5,
71被愛是鑽石,蘇慧倫,國語,,1,,3,
71說了再見以後,蘇打錄,國語,,1,,3,
71請你想看覓,陳盈潔,台語,,1,,7,
71遊戲,丁小芹,國語,,1,,2,
71閃亮的女孩,羅百吉,國語,,971,,3,
72WaIking00,丁小芹,國語,,2,,2,
72三月,張惠妹,國語,,2,,2,
72亠菜難蛋面,陳琳,國語,,76672,,3,
72再會巴愛人,謝雷,國語,,9,,3,
72因:為有妳,王建傑,國語,,872,,2,
72坐在你身邊還,你薛曉楓,國語,,682,,3,
72夢中做憨人,張惠妹,台語,,56872,,7,
72奮不顧身,米子格,Unknown,,59572,,1,
72月下的礻檮,紫薇,國語,,572,,3,
72桂花樹之戀,郭金發,台語,,572,,6,
72此生不見,,國語,,2,,1,
72煩惱,施易男蔡子,國語,,972,,2,
72當我們同在一,趙傳,國語,,2,,3,
72看月亮爬上來,張杰,國語,,682,,3,
72親情,洪百慧,國語,,472,,2,
72讓你走,許茹芸,國語,,2,,2,
72酒醉的探戈,鄧麗君,國語,,2,,3,
72鑽石糖,蕭亞軒,國語,,4,,2,
72魔鬼中的天使,田馥甄,國語,,57472,,3,
73GOODBYEMY,,國語,,3,,2,
73七秒記憶的缶,,國語,,3,,1,
73下輩子別再做,人梅豔芳,國語,,3,,3,
73你不該輕視我,江蕙,台語,,3,,7,
73你怎麼可以不,我堂娜,國語,,3,,3,
73你送我一枝玫,花楊燕,國語,,9,,3,
73内山姑娘要出,趙傳,台語,,3,,7,
73幸亻傳説,高登,國語,,473,,2,
73心塵,蒑紫嫣,國語,,49673,,2,
73戀上一個人,游鴻明,國語,,573,,3,
73我與実星,,國語,,3,,2,
73是我不好,段千尋,國語,,49773,,2,
73望眼欲穿,五品,國語,,3,,2,
73無果,嚴藝丹,國語,,57773,,2,
73生命的戀歌,袁小迪王需,台語,,3,,6,
73舞會女孩,羅百吉,國語,,4,,3,
73讓亠你走不願你,潘美辰,Unknown,,3,,3,
73追風少年,吳奇隆,國語,,573,,2,
74LoveUU,林俊傑,國語,,474,,2,
74你是不愛我的,嗎高慧君,國語,,4,,3,
74咋夜夢中,張鳳鳳,國語,,974,,2,
74夜歸人,,國語,,4,,2,
74心才香,李嘉,台語,,56974,,5,
74情冷卻,劉嘉玲,國語,,4,,2,
74愛情不是全名,山宜,國語,,454,,3,
74敲敲敲敲我我的的頭頭,彭佳慧,國語,,4,,3,
74明明知道相思,黄安,國語,,674,,3,
74有人人這這麼麼説說,揚峻榮,國語,,4,,3,
74洋愚,叮嚆,國語,,474,,2,
74白狐,陳瑞,國語,,57674,,2,
74相愛夕多麼難得,孫子涵&,國語,,4,,3,
74看不見聽不見,陳培芳,國語,,554,,3,
74秋天,朱海君,台語,,4,,5,
74血大,沈文程,國語,,4,,2,
74讓愛傳出去,林美,國語,,57874,,3,
74讓我永遠愛你,王傑,國語,,4,,3,
74越愛越痛,鳳娘,台語,,574,,6,
75967,徐乃麟,國語,547,,,78,
75分手快樂,梁靜茹,國語,,475,,2,
75只為妳唱,林志炫,國語,,5,,2,
75同向,陳美鳳,台語,,775,,5,
75壞掉的大人,•陳勢安,國語,,59675,,1,
75害羞的姑娘,王歡,國語,,775,,3,
75快樂女神龍,林素雲,台語,,54475,,6,
75愛你愛到死,ASOS,國語,,985,,3,
75愛你愛到底,尤雅,國語,,775,,3,
75愛是個壞来西,蕭亞軒,國語,,5,,3,
75爽到你艱苦到,蔡秋鳳,台語,,5,,7,
75犇常,王菲,國語,,5,,2,
75男人與公狗,陳小春,國語,,485,,3,
75短暫的美好,楊臣剛,國語,,475,,3,
75聽媽媽的話,,國語,,59575,,1,
75芥末巧克力,揚丞琳,國語,,5,,3,
75要我怎麼忘了,、,國語,,5,,3,
75讓我忘了你,2個女生,國語,,5,,3,
75讓我逃離平庸的,活白,國語,,59775,,1,
75鑰匙,林曉培,國語,,5,,2,
75高山不了情,揚小萍,國語,,775,,3,
75鵞嘆號,周杰倫,國語,,475,,2,
75黑暗時期,ENERGY,國語,,975,,2,
76LOVELOVELOV,蔡依林,國語,,6,,2,
76不甘送別你,洪百慧,台語,,976,,6,
76你是我最愛的,人沈志仲,國語,,686,,3,
76兩心相同,,國語,,6,,2,
76失業情歌,胡彥斌,國語,,56976,,2,
76媽媽無怨的愛,王建傑,台語,,6,,7,
76孝心,陳鳳嬌,台語,,95676,,5,
76希望,嚴玲,台語,,546,,5,
76征服,那英,國語,,576,,2,
76忙情到到深深广處無無怨怨,王中平,國語,,6,,3,
76愛要走的時候,南方二,國語,,6,,3,
76戀愛追追追,陳雷,台語,,6,,7,
76我是水你是雲,陳蘭麗,國語,,776,,3,
76挺你挺到底,張瀛仁,台語,,496,,6,
76當我鬆開你的,藍雨,國語,,49976,,3,
76看走眼,弦子,國語,,57976,,2,
76跟隨,BOK和平組合,國語,,76776,,2,
76過之後,吳是閎,國語,,466,,2,
76雨水我問你,蔡秋鳳,國語,,476,,3,
77不是寂寞,田路路,國語,,7,,2,
77坎站,朱海君,台語,,577,,5,
77大藝術家,蔡依林,國語,,57677,,2,
77有人人士歡你小,鳳飛飛,國語,,777,,3,
77無情的情書,動力火,國語,,7,,3,
77美味的想念,唐禹哲,國語,,57977,,3,
77被愛的女人,,國語,,577,,3,
77誰是愛情裡的,角藍雨,國語,,49977,,3,
77阿魯娜,陳雷,台語,,7,,5,
"78,里色月",楊丞琳,國語,,8,,2,
78一晃就老了,,Unknown,,46478,,1,
78你那麼夊.她,李翊君,國語,,578,,3,
78做多少才鉤,~譚坤,國語,,878,,3,
78希望你會知,龍千玉,台語,,8,,6,
78幸福,楊燕,國語,,778,,2,
78心跳,陳譯賢,國語,,8,,2,
78情ヨ非彳卩己離辟,郭富铖,國語,,8,,3,
78愛似狂潮,蘇永康,國語,,8,,2,
78愛你之前,朱海君,台語,,57778,,6,
78愛要讓他知道,鳳飛飛,國語,,8,,3,
78懵懂的年代,澎恰恰,台語,,478,,7,
78我是幸福的,梁靜茹,國語,,778,,3,
78承諾,辛曉琪,國語,,578,,2,
78拉丁青眷舞曲,BOK和平組合,國語,,76778,,3,
78泥濘中的小花,銀霞,國語,,578,,3,
78男人直命苦,連克牛,國語,,8,,3,
78行走在茫茫月光的,問譚維,國語,,468,,1,
78言我抱著你哭,陳慧嫻,國語,,8,,3,
78輕過,何潔陳整生,國語,,478,,2,
79你是我心中雲,朵蔡琴,國語,,9,,3,
79反覆記號,蔡依林,國語,,579,,2,
79大家恭喜,龍飄飄,國語,,989,,2,
79心疼,季碧華,國語,,9,,2,
79愛走了心碎了,長春蟲子,國語,,49579,,3,
79我自己飛,葉蒨文,國語,,979,,2,
79明天也要乍伴,錦繡二,國語,,3,,3,
79白色的雪,斯琴高,國語,,459,,2,
79逆流的淚,溫嵐,國語,,48479,,2,
79離別的船員,文夏,台語,,9,,7,
79離別的誓言,柯建仲,台語,,9,,7,
7=冷的天,潘美辰,國語,,757,,3,
7BABYINNYOUREYES,高登,國語,,462,,9,
7Happy呷百二,白雲,台語,,43987,,5,
7IMissYou,羅百吉,國語,,6,,1,
7Q心冉心的距離,,國語,,0,,1,
7SHEKNOW,林曉培,國語,,8,,2,
7SHERO,S.ㄦE,國語,,4,,2,
7SUPER俗束,黄伯樂,台語,,98547,,8,
7、君君入入中中,林晏如,台語,,4,,6,
"8,念吆",阿江,台語,,8,,5,
8.和樹,李亞明,國語,,3,,2,
80CRAZY,SOS,國語,,0,,2,
80DARLDARLINGINGBABY,楊品品,國語,,76780,,2,
80信愛成癮,ELLA,國語,,58580,,2,
80孔雀、來南飛,,Unknown,,880,,1,
80希望的所在,詹曼鈴,台語,,380,,6,
80心蝕,許茹芸,國語,,380,,2,
80戀戀那卡西,張蓉蓉,台語,,480,,7,
80我找你,王怕森,國語,,0,,2,
80我是如此愛你,林慧萍,國語,,1,,3,
80普通女人,王馨平,國語,,380,,2,
80療傷燒肉粽,周杰倫,國語,,480,,3,
80美好的旅行,林依晨,國語,,570,,3,
80讓愛死了算了,張虎,國語,,680,,3,
80進退無路,方怡萍,台語,,380,,6,
80黑夜白天,S.B.D.D.W,國語,,3,,2,
80黯然銷魂掌,肖飛,國語,,450,,3,
83我愛你,賀子玲,國語,,464,,1,
81BADBOY,張惠妹,國語,,481,,2,
81LET'SLET'SVINO,孫燕姿,國語,,581,,2,
81WomanPower,芭比,國語,,6481,,2,
81你是我所有的,憶齊豫,國語,,981,,3,
81依依不捨,張信哲,國語,,381,,2,
81周星星,呉克群,國語,,,,2,
81夏日假期玫瑰,鳳飛飛,國語,,681,,3,
81愛我累不累,馬健濤,國語,,49781,,3,
"81日、亠夂.廴,",李明翰,國語,,49981,,2,
81酒彳曲,趙季平,國語,,981,,2,
82Whatabout,蘇永康&山風點,國語,,2,,2,
82你是我永遠的,愁費玉清,國語,,382,,3,
82姐妹淘,単美玲,國語,,482,,2,
82志明與眷嬌,五月天,台語,,382,,6,
82愛你到老,黃乙玲,台語,,962,,6,
"82愛的,思一念,",央金蘭,國語,,2,,2,
82氵亡氵亡,陳中,台語,,9,,5,
82洛亻匕,葉蘓文,國語,,82,,2,
82甘願,彭佳慧,國語,,382,,2,
82讓我讓你小崩亠,齊秦,國語,,382,,3,
82這叫愛,BY2,國語,,572,,2,
83WillYouMarr,張清芳,國語,,3,,2,
83一直沒發現,呉克群,國語,,783,,3,
83你好不好,張惠妹,國語,,483,,2,
83夢中想起你,洪榮宏,台語,,583,,7,
83孟姜女,張鳳鳳,國語,,483,,2,
83孤鷹,王傑,國語,,783,,2,
83沒刃麼勇敢,枉歌,國語,,783,,3,
83被拋棄的人,韓信,國語,,49983,,3,
84BeautifulLov,蔡健雅,國語,,56784,,2,
84YESTERDAYONCE,MORE孫蠗威,國語,,4,,2,
84寂寞難耐,李宗盛,國語,,384,,2,
84戀愛元氣弓,Popu&Ladv,國語,,4,,3,
84紅顏美人多薄,伊能靜,國語,,8,,3,
85戀戀八卦山,鄭詠心,台語,,45485,,7,
85狂風裡擁抱,fi&A-信Lin,國語,,57685,,3,
85考乂Yㄟ冰進,曲阿雅,國語,,5,,3,
85聽爸爸的話,周杰倫,國語,,58485,,3,
86你是我真心的,陶品瑩者雨生,國語,,386,,3,
86想你想你我想,鄧麗君,國語,,6,,3,
86月光愛人,李玟,國語,,586,,2,
86有妳就好,陳雷,國語,,6,,2,
86流水,劉家昌,國語,,686,,2,
86讓你飛,何以奇,國語,,6,,2,
87DAELDAELINGING,范曉萱,國語,,787,,2,
87心歌,柯以敏,國語,,7,,2,
87生活影印機,蔡秋鳳,台語,,387,,6,
87羨共,陳曉娟,國語,,387,,2,
881寂寞,何耀珊,國語,3959,,,,
88LOVELOVELOV,工力宏,國語,,8,,2,
88和平日,夏夭ex,國語,,49888,,2,
88愛你千百歳,陳雷,國語,,8,,3,
88月光地毯,梁文音,國語,,688,,2,
88直接背叛,鄭家涵,國語,,49688,,2,
89TRUELOVE,蔡健雅,國語,,9,,2,
89亠眷不失一,錢幽蘭,國語,,489,,3,
89姊炑(原版),張惠妹,國語,,9,,2,
89嫁給我你會幸,周曉明,國語,,9,,3,
89想你想你我想,謝雷,國語,,689,,3,
89我想我己經愛,你趙詠華,國語,,9,,3,
89我沒有錯,蕭仁,國語,,56889,,2,
89沿海公路的出,sE,國語,,56589,,3,
89管管我快快不不快快雫樂,高高慧君,國語,,389,,3,
89腳印,楊千燁,國語,,459,,2,
89葬花,周玻,國語,,389,,2,
89說不出我愛你,羅美玲,國語,,489,,3,
89讓頭抬得更高,張宇,國語,,389,,3,
8=亻勺談判,邱蘭芬,台語,,888,,6,
8GIVEMEHIGH,張文綺,國語,,462,,9,
8LoveMore,畢書盡,國語,,462,,9,
90你看你看月亮,臉孟庭葦,國語,,390,,3,
90兒女情長,池秋美,國語,,390,,2,
90只要你快樂,,Unknown,,890,,1,
90在樹上唱歌,郭靜,國語,,56790,,3,
90情歌環是亻傷的,二寶,國語,,990,,3,
"90想乎,開放乎'離",王瑞霞,台語,,890,,7,
90是不是愛,柯以敏,國語,,,,2,
90毎一天,孫豪,國語,,390,,2,
90漁光曲,鳳飛飛,國語,,0,,2,
90誰都不該讓你,碎張克帆,國語,,390,,3,
90陪我到海邊散,陳”,Unknown,,6,,1,
90點點點,蕭煌奇,國語,,56690,,2,
91你的味無住址,方怡萍,台語,,391,,7,
91兩人世界,伊雪莉&何洲,國語,,391,,2,
91再說聲salang,yo王槕鑫,國語,,561,,3,
91哪裡不平哪有,金复載,國語,,981,,3,
91夢中的戀歌,王錦珠,台語,,541,,7,
91夢中講情話,王萊,台語,,44691,,7,
91太陽升起,浪花兄,國語,,1,,2,
91河堤上的優瓜,娃娃,國語,,3,,3,
91煙水寒,尤雅,國語,,1,,2,
91皮膚,陳勢安,國語,,48491,,2,
91貝贖買罪,李明洋,台語,,43991,,5,
91雨下的花尕,鄧麗君,國語,,791,,3,
97,,華語,47,,,96,
92WEARE,F.I.R,國語,,56992,,2,
92之乎者也,確大佑,國語,,392,,2,
92任性,孫燕姿,國語,,392,,2,
92放開你的頭腦,,國語,,56892,,3,
92臨另一笑,,Unknown,,2,,1,
92解鈴,裘海正,國語,,392,,2,
92讓我走,江淑娜,國語,,692,,2,
93一半,丁噹,國語,,573,,2,
93五月的雪,游鴻明,國語,,393,,2,
93咋夜情深,高勝美,國語,,393,,2,
93你去愛釶巴,房芳,國語,,68493,,3,
93心相殳,龍千玉,台語,,593,,5,
93望你早歸,謝雷,國語,,493,,2,
93深海,伊能靜,國語,,393,,2,
93莫負好時光,陳美齡,國語,,693,,3,
93見面大何時,侖隆華,台語,,763,,6,
93親人,丁噹,國語,,3,,2,
93谷關亠昏時,蔡啟東,台語,,493,,6,
94,宋孟君,華語,,,,69,
94DON'TBREAKMY,劉允樂何以奇,國語,,4,,2,
94LOVEx3,F.I.R,國語,,4,,2,
94不要不要,卓文萱,國語,,57494,,2,
94企鵝,邱心儀,國語,,394,,2,
94你是情人還是,人孫臞威艹紘,國語,,4,,3,
94含淚的分手,於樱櫻,國語,,4,,3,
94因:為有你,林子娟,國語,,4,,2,
94愛你比海深,高凌風,國語,,98494,,3,
94我的麥克風,潘瑋柏,國語,,9,,3,
94犇助,張鎬哲,國語,,394,,2,
94蛋佬的棉襖,張宇,國語,,394,,3,
94讓位,呂佳芳,國語,,76794,,2,
95Blues,蕭敬騰,國語,,395,,2,
95Dancingall,謝金燕,國語,,795,,2,
95TrueBIue,楊丞琳,國語,,895,,2,
95WOW,羅志祥蕭亞軒,國語,,695,,2,
95五月的芼,鳳飛飛,國語,,95,,2,
95你甘有愛過我,董育君,台語,,5,,7,
95傷心的人唱的,張克帆,國語,,3,,3,
95兩小無猜,潘秀瓊,國語,,995,,2,
95向太陽怒吼,王傑,國語,,395,,3,
95家在山那邊,謝雷,國語,,995,,3,
95愛你到老,王登雄,台語,,5,,6,
95歌女淚,張琍敏,國語,,5,,2,
95淚痕,林姍,台語,,94895,,5,
95淚酒,詹雅雯,台語,,5,,5,
95習慣一個人,譚坤,國語,,49895,,3,
96%,,華語,6780,,,,
96夜來香,,國語,,996,,2,
96戀愛的滋味,葉敗田,台語,,6,,7,
96梅雨,傅振輝,台語,,43996,,5,
96流沙,夏天ex,國語,,49596,,2,
96花樣的年華,周璇,國語,,696,,3,
96虫嘯,李宇春,國語,,686,,2,
96難以捉摸你亻的,張洪量,Unknown,,3,,3,
97Don'tSayGood,柯有綸,國語,,76797,,2,
97Linda,張學友,國語,,497,,2,
97化妝舞會,于台煙,國語,,7,,2,
97愛我的兩個人,盧學叡,國語,,597,,3,
97直到世界末日,齊秦,國語,,3,,3,
97若是你能遇見,曹寅,國語,,397,,3,
97被愛的權利,范文芳,國語,,397,,3,
97話題,周蕙,國語,,397,,2,
97說真的,彭佳慧,國語,,397,,2,
97黑暗騎士,林俊傑&五天,國語,,57897,,2,
98BACKHOME,周傳雄,國語,,8,,2,
98SaiDa,曾淑勤,國語,,68,,2,
98今夕何夕,曽慶瑜,國語,,398,,2,
98再愛我幾天,伊琳,國語,,898,,3,
98分手的理由,安東陽,國語,,688,,3,
98只看見妳,炎亞綸,國語,,57398,,2,
98哲學家,范珒琪,國語,,568,,2,
98回家陪釜媽,王羽澤,國語,,49798,,3,
98在愛裡大你,梁靜茹,國語,,498,,3,
98女人何苦為難,人辛曉琪,國語,,498,,3,
98愛你愛到死,同思字拶,國語,,56598,,3,
98知心朋友,梁一貞,國語,,998,,2,
98胭脂,高向鵬,台語,,56898,,5,
98血大,鈺人可,國語,,398,,2,
98被愛是幸福,鄭中基,國語,,398,,3,
98難忘的姑娘.情,山地歌曲,Unknown,,752,,3,
98香煙最懂男人,龍嘯,國語,,49698,,3,
99兩小無猜,翁倩玉,國語,,599,,2,
99媽媽要我嫁,林黛,國語,,999,,3,
99底線,溫嵐,國語,,469,,2,
99想飛的自由落,卓文萱,國語,,699,,3,
99愛如此神奇,劉徳華,國語,,3,,3,
99生為女人,林靈,國語,,559,,2,
99知道不知道,,國語,,3,,3,
99蒲公英,周信,國語,,899,,2,
99迷你迷你,鄧麗君,國語,,799,,2,
9BABEt不巳,李蚊,國語,,939,,2,
9Crazy,柯有綸,國語,,9,,9,
9FALLNLOVE,羅百吉,國語,,499,,9,
9HERETOSTAY,九月露人,國語,,449,,2,
9HoneyBabe,童童,國語,,76699,,2,
9SADDEMEASY0愛妳更多),羅百士,國語,,869,,9,
9SHEKNOWS,林曉培,國語,,9,,2,
9Scream,張慧,國語,,779,,2,
9、…你你到曰後後,邱芸子,台語,,479,,6,
9。忍命,蔡秋鳳,台語,,443,,5,
:6風中的蠟燭,江蕙,台語,,6,,6,
;0SHABUSHABU,2MOR0,國語,,0,,2,
;0八月十五中秋,蘇錦煌,台語,,860,,7,
;0卑南青年,北原山,國語,,0,,2,
;0山地小花,謝雷,國語,,5,,2,
;0幸福的酒杯,曽朝松,台語,,96580,,6,
;0心中乚,郭怡安,台語,,980,,5,
;0思念伊,秀蘭瑪,台語,,48780,,5,
;0愛愈深失落愈,詹曼鈴,台語,,760,,7,
;0掠龜走鱉,張政雄薛珮潔,台語,,560,,6,
;0永遠的痛,莊振凱,台語,,480,,6,
;0猫王,七郎,台語,,579,,5,
;0男兒的骨氣,永溢,台語,,540,,6,
;0直心朋友,~許志安,國語,,0,,2,
;0落魄免怨嘆,阿吉仔,台語,,2,,6,
;0轟動江湖黑狗,謝順福,台語,,48860,,7,
;1世界耒本日,周杰倫,國語,,481,,3,
;1愛的時代,王思佳,國語,,961,,2,
;2他的空房間,・胡楊林,國語,,482,,3,
;2吞落去,施志興,台語,,5,,5,
;2心碎'酒醉“,袁小迪,台語,,2,,5,
;2愛人名字,林美惠,台語,,6,,6,
;2愛到無路可退,王瑞霞,台語,,2,,7,
;2成功失敗論英,西卿,台語,,44882,,7,
;2換我做珎的家,李明洋,台語,,45562,,7,
;2搖滾主義,張峰奇,國語,,482,,3,
;2斷線情,王識賢,台語,,4,,5,
;2歡樂今宵,,國語,,2,,3,
;2永遠愛妳,高向鵬鄭琇,台語,,44482,,6,
;2浴屮葉日士、,風釆轎,台語,,96982,,5,
;2滿面春風,林偏靜,台語,,54782,,6,
;2無緣愛你一生,張秀卿,台語,,962,,7,
;2無聊的愛情,王瑞霞,台語,,2,,6,
;2甘講你不知,吳淑敏,台語,,76562,,6,
;2相片,伍浩哲,台語,,96562,,5,
;2霧都的賣花姑,文夏,台語,,442,,7,
;3不老小鮮肉,葉覆台,國語,,3,,1,
;3今遇蘭,,國語,,483,,1,
;3冷淡的都市,辦桌二人組,台語,,563,,6,
;3刺激,莊振凱,台語,,683,,5,
;3可愛的小姐,洪一峰,台語,,463,,6,
;3幸福的人,李明洋,台語,,56983,,6,
;3心酸過一暗,施文斌,台語,,3,,6,
;3情深彼當時,陳茂豐,台語,,48883,,6,
;3愛作夢的查某,南丶灣仔小姑娘,台語,,983,,7,
;3感恩的歌聲,陳雷,台語,,3,,6,
;3母親您在何方,姚蘇蓉,國語,,553,,3,
;3皮影戲,周杰倫,國語,,483,,2,
;3睡吧!我的愛,許景淳,國語,,463,,3,
;3落雪弋城車,孫淑媚,台語,,3,,6,
;3雨水渥淡咱的,櫻花姊,台語,,583,,7,
;3風過雨無停,秀蘭瑪,台語,,3,,6,
;4世界第一大,劉徳華,台語,,4,,6,
;4北京的天空,李濮昭,國語,,76764,,3,
;4受了點傷,阿桑,國語,,564,,2,
;4在你身邊,王中平&林雨葶,國語,,464,,2,
;4小姐較美噢,石橋,台語,,384,,6,
;4你是我筆一的,命陳一郎,台語,,4,,7,
;4就是對珎選有,蔡小虎,台語,,444,,7,
;4思念伊,方茗人,台語,,064,,5,
;4我沒妳甘會活,王建傑,台語,,664,,7,
;4我還是永逗愛,你皿麗君,國語,,684,,3,
;4會好袂完全,周韋杰,台語,,884,,6,
;4歡喜甲你相欠,林俊吉,台語,,4,,7,
;4留住冬天,胡楊林,國語,,49984,,2,
;4肉麻情歌,劉德華,國語,,4,,2,
;4跟你趾趾走,黄乙玲,台語,,4,,6,
;5不鉤小心,彭佳慧,國語,,5,,2,
;5人趁青眷花趁,陳淑樺,台語,,5,,7,
;5代表作,孫楠,國語,,465,,2,
;5可愛你一人,邱蘭芬,台語,,585,,6,
;5君子劍,荒山亮,台語,,5,,5,
;5啊!新城,林在福,台語,,545,,6,
;5幸福的人,林正新,台語,,494,,6,
;5你是我的心肝,貝呉叔敏,台語,,76565,,7,
;5情牽電話線,黎亞,國語,,455,,3,
;5我要飛,張惠妹,國語,,5,,2,
;5戚情!我講會到做,到詹雅変,台語,,585,,7,
;5拉線木偶,張爽,國語,,49885,,2,
;5斬情絲,一技花,台語,,545,,5,
;5男兒的情涙,許鄭龍,台語,,545,,6,
;5自戀,沈芳如,台語,,765,,5,
;5若無你,羅文聰,台語,,5,,5,
;5落南的火車,小錬椒,台語,,765,,6,
;5落日的夕陽,龍千玉侖降苹,台語,,5,,6,
;6HOTELUHOTELIJk)E*E大旅社,新寶島樂隊,台語,,486,,5,
;6傾我今生,,國語,,3,,2,
;6叫著你名字,呉俊宏,台語,,6,,6,
;6寂寞的歌聲,上明,台語,,7,,6,
;6小琉球戀曲,陳思安,台語,,956,,6,
;6你的手喞會這,冷洪百慧,台語,,386,,7,
;6愛了過頭,林良歡,台語,,57386,,6,
;6愛你的理由,江志豐ホ秀卿,台語,,576,,6,
;6愛恨攏是苦,高向鵬,台語,,766,,6,
;6望中秋,王識賢,台語,,6,,5,
;6淚光閃閃,黃品源,國語,,6,,2,
;6爸爸我時常想,文夏,台語,,2,,7,
";6等""三年",唐儷,台語,,446,,5,
;6等尸待眷天,白冰冰,台語,,6,,6,
;6約會fDisco••DiscoNigl,謝金燕,台語,,6,,6,
;6老鷹,王識賢,台語,,446,,5,
;6若無你,阿吉仔,台語,,686,,5,
;6血聊的藉口,沈芳如,台語,,48866,,6,
;6隨風來去,蔡小虎,台語,,4,,6,
;7三更半暝,黄乙玲,台語,,487,,5,
;7不曽愛過我,林子娟,台語,,9,,6,
;7不鉤深情,,國語,,7,,2,
;7再會中港路,玖壹壹,台語,,7,,6,
;7哭不出來,張惠妹,國語,,6,,2,
;7報答,潘宥娯,台語,,95667,,5,
;7定定紅,謝雷,台語,,764,,5,
;7彩色粉筆,徐譽縢,國語,,587,,2,
;7想抹到,游小鳳,台語,,967,,5,
;7我還是永遠愛,你達人,國語,,766,,3,
;7掌運命,傅振輝,台語,,447,,5,
;7搖滾舞台,,國語,,7,,3,
;7春天的雨水,劉菲菲,台語,,49467,,6,
;7是你凿不起我,詹雅雯,台語,,587,,7,
;7永遠的亻,陳燕月,台語,,4,,6,
;7淚在投降,易欣,國語,,49767,,2,
;7牽絆,陳艾湄,國語,,57487,,2,
;7相思糾糾纏,蔡小虎,台語,,977,,6,
;7真情難收,劉德華,國語,,7,,2,
;7真愛尺碼,張清芳,國語,,987,,2,
;7眷風的滋味,張文綺,台語,,7,,6,
;7笑情夢,方瑞娥,台語,,487,,5,
;7萬般的無奈,郭峻華,台語,,7,,6,
;7誠心來作伏,陳小龍,台語,,44487,,6,
;7阮的幸福,陳淑萍,台語,,58387,,6,
;8倔強的愛,江蕙,台語,,8,,6,
;8加多一點點,,國語,,988,,3,
;8想抹到,黄克林,台語,,968,,5,
;8愛過的人你置,辦桌二人組,台語,,978,,7,
;8我是誰,黃舒駿,國語,,388,,2,
;8我是風,鄉村二人組,國語,,388,,2,
;8爸爸請你也保,洪榮宏,台語,,44388,,7,
;8相伴,荒山亮陣立紋,台語,,888,,5,
;8真心英雄,李宗盛,國語,,8,,2,
;8美麗的人生,于台煙,台語,,768,,6,
;8身後的影子,,國語,,8,,1,
;8返來故鄉才知,石喬,台語,,538,,7,
;8阿飛的心聲,唐飛,台語,,498,,6,
;8風吹斷了線,詹曼鈴,台語,,8,,6,
;9一生最愛的人,蔡小虎,台語,,94889,,7,
;9傷心到何時,施文彬江,台語,,9,,6,
;9冷被單,沈芳如,台語,,569,,5,
;9別來這套,沈芳如,台語,,9,,6,
;9多少柔、情多少,林淑容,國語,,48469,,3,
;9小雨訴情,田路路,國語,,689,,2,
;9山頂的眷天,陳隨意喬幼,台語,,489,,6,
;9愛恨攏無伴,林俊吉,台語,,9,,6,
;9愛缺,陶晶瑩,國語,,9,,2,
;9癡情紅政瑰,洪百慧,台語,,839,,7,
;9白髮吟,蔡琴,國語,,569,,2,
;9舊傷口,謝霆鋒,國語,,389,,2,
;9花季朱了,張信哲,國語,,57439,,2,
;9訁海人的心声,陳建誠,台語,,44639,,7,
;9路邊的野草、,林美惠,台語,,689,,6,
;9透早的飛一機,王建傑&魚仔,台語,,469,,7,
;9還是要孤單,關之琳,國語,,9,,3,
;9酒扌小夜曲,怡君,台語,,989,,6,
?0叫我目匡紅,魚仔,台語,,56470,,6,
?0愛無値得,詹曼鈴,台語,,470,,6,
?0直至上,芭比,國語,,670,,2,
?2你講欲離開的,拵丁娵均,台語,,58572,,7,
?2無愛的情夢,秀蘭瑪,台語,,472,,6,
?2美麗的人生,林錦鷺,台語,,54772,,6,
?2路燈照阮的心,王建傑,台語,,672,,7,
?2路頂的小姐,文夏,台語,,2,,6,
?3在小身邊,韋禮安,國語,,3,,2,
?3幸福的歌,陳中張,台語,,493,,6,
?3愛無後悔,翁立友林岬,台語,,56473,,6,
?3雨中的探戈,王瑞霞,台語,,3,,6,
?6人生第一歩,陳小雲,台語,,6,,6,
?8伴你走天涯,西卿,台語,,8,,6,
?9交叉線,林曉培,國語,,9,,2,
?9只好說再見,,國語,,479,,1,
?9可愛的化一,洪榮宏,台語,,679,,6,
?9小風小雨,陳淑樺,國語,,679,,2,
?9沙卷情花,夏天Alex,國語,,49979,,2,
?9男兒的堅持,曽朝松,台語,,96579,,6,
?9船頂的歐裡杀,詹雅雯詹雅雲,台語,,569,,7,
?9血刍蝦嘛好,張政雄薛佩潔,台語,,589,,6,
?REENNIGHTIGHT,張震嶽,國語,,642,,2,
@OLLOWME,王力宏,國語,,9,,2,
A Lle Lu Yah(哈利路亞),羅百吉,國語,5,,,68,
ABCDE,劉德華,國語,,3,,2,
ABetterDay,劉德華,國語,,7,,2,
AIright,蜜雪薇,國語,,7,,2,
ALLHAPPY,鄧福如,國語,,576,,2,
ANDY,阿杜,國語,,0,,2,
ANGEL,,台語,,,,,
ANGNAMSTYLE(騎馬舞),ps,國語,,499,,2,
AY0AYO,嵐亞,國語,,4,,2,
Alive!(我的自由式),莫文蔚,國語,5,,,81,
Alright,蜜雪薇琪,國語,98,,,,
Always0nMyMindMinds•H•E,,國語,,9,,2,
Amour,梁詠琪,國語,38,,,,
AngellaAngea,藍雨,國語,,49972,,2,
Anger,原始林,國語,,47765,,2,
AreYouReady,張惠妹,國語,,3,,2,
B.B.B.B.B.,小龍女,國語,,9,,2,
BABOO,大嘴巴,國語,,964,,2,
BABY,原始林,國語,,4,,2,
BABYBABY,葉復台,國語,,4,,2,
BABYI'MYOURMAN,王傑,國語,,3,,2,
BaBaBa,王思佳,台語,,5,,5,
Babe,東方T&J,國語,,9,,2,
Babe,謝金燕,國語,5,7,,99; 99; 99; 2,
Baby Baby Tell Me,王心凌,國語,3972,,,42,
Baby 對不起,,華語,,,,98,
Babyboy,王心凌,國語,,583,,2,
Baby對不起,齊晨,國語,,750,,1,
Bad Tony,,華語,66,,,,
Beautiful Love,蔡健雅,國語,544,,,51,
Because Anyway,,台語,,,,52,
Because It's You,張勛傑,國語,38,,,,
Bed Time Story,陳偉達,國語,3894,,,,
Being So Long,,台語,66,,,39,
Boys,魏何,國語,,680,,2,
Butterfly,,華語,69,,,,
Bye Bye My Love,吳梵 吉力巴,國語,595,,,82,
B想你的時候,千百惠,國語,,3,,3,
B面的歌,霍正奇,國語,,2,,2,
CALL IN你的心,林晏如,台語,6886,,,,
CALLIN你的心,林晏如,台語,,0,,6,
Can U Feel It,溫嵐,國語,5,,,51,
Can You Feel My World,王力宏,國語,592,,,82,
Can't Stop肯定是他,豬段桃,國語,00,,,,
Cha Cha舞池,四大天王,國語,542,,,62,
Chillaxing,安心亞,國語,,59751,,1,
Chiqita小妞,羅百吉/寶貝,國語,591,,,69,
Circus Monkey,黃立行,台語,76,,,43,
Club danger,,國語,,,,,
Come On Come On光速飛翔,莫文蔚,國語,40,,,,
Come0nCome0n光速飛翔,莫文蔚,國語,,584,,3,
Crazy,柯有綸,國語,5,,,99,
Crazy,謝金燕,台語,,458,,5,
C•0L-0們一起過,鄭中基,Unknown,,5,,3,
C大調,張韶涵,國語,5,,,89,
DANCE,,華語,66,,,39,
DARLING,范曉萱,國語,577,,,91,
DJ請別放情歌,阿妹,國語,,3,,3,
DNA,2,國語,,56842,,2,
DNA出錯,黎明,國語,575,,,55,
DON'TSAYGOOD-BYE,許茹芸,國語,,1,,2,
DOREMI,旺福,國語,5959,,,,
DOREMI,董育君,台語,,561,,5,
DR.JOLIN,蔡依林,國語,,7,,2,
Dance Baby,,國語,,,,94,
Dancing All Night,謝金燕,國語,5,,,62,
Don't Cry,,台語,00,,,,
Don't Say Goodbye,柯有綸,國語,542,,,80,
Don't Stop,蔡依林,國語,597,,,51,
Don't Tell Me Why,彭佳慧,國語,,,,,
Don'tCry,辦桌二人組,台語,,485,,5,
Don'tGoAway,BY2,國語,,56843,,2,
Don'tSayGoodbye,柯有綸,國語,,3,,2,
Don'tSayGoodbye,麻秋虹,國語,,2,,2,
Don'tSaySorry,許志安,國語,,0,,2,
Don'tStop,蔡依林,國語,,576,,2,
Don'tTeI1MeWhy,彭佳慧,國語,,3,,2,
E-LOVER,孫燕姿,國語,,8,,2,
ETOUTOFMYLIFE林,子娟,國語,,982,,2,
EVERYTIMEEVERYTIME,羅百吉,國語,,3,,2,
EasyComeEasyGo,蔡健雅&MC&Hot,國語,,48466,,2,
EmiIy,A-show,國語,,76749,,2,
EncoreLaLa,郭靜,國語,,582,,2,
Everyday'sho1iiday,何欣穗,國語,,1,,2,
EverythingEverything,梁心,國語,,573,,2,
FALL IN LOVE,羅百吉,國語,583,,,68,
FIY8F1yF1ⅤAway,I.R,國語,,8,,2,
FLYAWAY,痞克四,國語,,843,,2,
FORMOSAikFORMOSAik7Jc?ORMOSA淡水,金門王李炳輝,台語,,965,,5,
FaIllOLlS,何欣穗,國語,,4,,2,
Feel Good,陳嘉唯,國語,,,,,
Fire,莫文蔚,國語,5,,,83,
Fly Away,萬芳,國語,5,,,,
Follow You 梭 童隆豪,,台語,62,,,39,
Forever Friend,柯有綸,國語,559,,,61,
Forgetit,邊疆,國語,,685,,2,
GOGOCAT杜,彳偉,國語,,546,,2,
GOGO女王,,台語,,,,98,
GOODBYEMYFR,END巫啟賢,國語,,,,2,
Get High,F.I.R,國語,3951,,,,
Get Out Of My Life,林子娟,國語,5,,,63,
Girl Power,游艾迪,國語,500,,,,
Give Me Love,閃亮三姐妹,國語,588,,,55,
GiveriveMeLove閃,亮三,國語,,461,,2,
Go Go哥哥,欒克勇/徐筱寧,台語,561,,,61,
Good bye真愛,吳淑敏 快華爾滋,台語,551,,,90,
Goodbye & Hello,蔡健雅,國語,553,,,79,
Happy Ending,輕鬆玩樂團,國語,562,,,58,
HappyDay,呂佳芳,國語,,97,,2,
Hello Baby,左佳,華語,57548,,,68,
Hello Jacky,吳宗憲,國語,5,,,,
"Hello, My Friend",蕭賀碩/古皓 吉力巴,國語,564,,,85,
Hello=Baby,左佳,國語,,0,,9,
Hey You,Energy,國語,,,,,
High High High,,台語,,,,46,
High到要爆炸,羅百吉,國語,567,,,85,
Hold me tight,小辣椒,國語,,,,,
Honey,王心凌,國語,5,,,47,
How can I do,,華語,60,,,,
Hurt Inside,,華語,62,,,,
H人形,蔡小虎,台語,,4,,5,
I Am Who I Am,光良,國語,40,,,,
I CRY,羅百吉,國語,5,,,67,
I Love You So,胡雯,華語,57492,,,71,
I Miss You,光良,國語,571,,,79,
I Miss You,柯有綸,國語,5,,,83,
I Miss You,羅百吉,國語,542,,,60,
I Think I,范瑋琪,國語,41,,,,
I always believe,,華語,,,,,
I missing you,,華語,6841,,,,
I wanna know,,華語,63,,,39,
I'1'mmO.K.0K.謝謝,江美琪,國語,,6,,2,
I'LLMARRYYOU,侯湘婷,國語,,7,,2,
I'lllsorry,順子,國語,,3,,2,
I'm So Hot,3 Club,國語,3960,,,,
I'mNotYours,蔡依林安室秦,國語,,462,,2,
I'mSorry,陳雷,台語,,3,,5,
I.O.I.O,H.E,國語,,458,,2,
IF,陳曉東,國語,,,,,
IFEELGOOD,任賢齊,國語,,694,,2,
IIIIISSYOtI,劉徳華,國語,,462,,2,
II別停息,原始林,國語,,441,,2,
II孤戀花,江蕙,台語,,1,,5,
II山地花之戀,秀蘭,台語,,551,,6,
II抱緊一點,堂娜,國語,,1,,2,
II紅杏出牆,劉偉仁,國語,,1,,2,
ILOVEYOUJOH,陳珊妮,國語,,7,,2,
ILOVEYOU血望,五月天,台語,,964,,6,
ILoveYou,A-Show,國語,,76744,,2,
IMISSYOU,張文綺,台語,,438,,8,
INYourEyes,鍾鎮濤,國語,,3,,2,
IO0IO0,蔡依淋,國語,,987,,2,
IT'IT'SSMYDAY,薛凱琪,國語,,6,,2,
IT'SOK,葳蕤,國語,,49784,,2,
IWiCarryYou,五月天,國語,,596,,1,
If You Love Me,豬段桃,國語,97,,,,
In need of you,楊淨宇,國語,,,,61,
In the lonely night,王尚宏,台語,568,,,61,
Inside My Heart,范瑋琪,國語,40,,,,
I何時出頭天,阿吉仔,台語,,2,,6,
I你若嘸愛我,阿吉仔,台語,,989,,8,
I你送的吉他,傅振輝,台語,,1,,8,
I你過了好嗎,邱賢桂,台語,,2,,8,
I傷心舜台,羅時豐,台語,,761,,6,
I傷心路,費玉清,台語,,468,,8,
I兄弟,五月天,國語,,461,,1,
I別說無所謂,葉諾帆,台語,,984,,8,
I台北愛情故事,江志豐,台語,,38594,,8,
I命運天安排,林姍,台語,,467,,8,
I哈囉,候美儀,台語,,441,,5,
I多情子,陳思安,台語,,475,,8,
I大家來聽故事,王識賢對唱,台語,,98664,,8,
I天天堂堂與地地獄獄,陳予新,國語,,2,,3,
I女人命,謝宜君,台語,,59454,,8,
I妳過了好嗎,邱賢桂,台語,,46884,,8,
I孤城,袁小迪,台語,,6,,5,
I孤船,甲子慧,台語,,691,,5,
I幸畐的色彩,儒孺,台語,,474,,8,
I幸福的人生,鄭琇月,台語,,984,,8,
I情批,董育君,台語,,691,,5,
I想你無了時,張小玲,台語,,961,,8,
I愛你的恰恰,喬幼,台語,,46864,,8,
I愛忙的傀儡,羅百吉企婉君,國語,,444,,1,
I愛珎用生命,蔡小虎昔思婢,台語,,964,,8,
I愛著那奴娃,良倖,台語,,471,,8,
I愛這重,李素專,台語,,59471,,8,
I我們終將逝去的青春,馬郁,國語,,4,,9,
I我的心聲,唐銘良,台語,,8,,8,
I換帖真心話,,台語,,98744,,8,
I每一個玩音樂的人,謝和弦玖壹壹,國語,,4,,9,
I為你唱情歌,洪百慧,台語,,964,,6,
I無盡的路,芬華,台語,,691,,6,
I牡丹花開,孫淑媚,台語,,594,,8,
I猶原愛著你,蔡佳麟,台語,,1,,8,
I男兒的志氣,曾朝松,台語,,1,,8,
I男兒的本色,謝雷,台語,,98544,,8,
I痴情夢,張秀卿,台語,,46961,,8,
I痴情的人,郭馨琦,台語,,4,,8,
I痴情的名,江銘,台語,,8,,8,
I癡情無還,郭怡安,台語,,47491,,8,
I白頭偕老,王秀琪,台語,,8,,8,
I真的不想嘴,聖結石聖嫂,國語,,1,,1,
I矮男孩,潘安邦,國語,,454,,1,
I等你倒返來,張小玲,台語,,941,,8,
I若是失去你,蔡小虎,台語,,949,,6,
I苦酒飲袂煞,白冰冰,台語,,681,,6,
I血無聲的的所所在在,伍佰,台語,,48954,,6,
I説好的幸福旡,夢然,國語,,6,,1,
I變變了了真真心心,潘協慶,國語,,4,,3,
I變面,詹雅雯,台語,,47394,,8,
I追光者,岑寧兒,國語,,59391,,1,
I連名帶姓,張惠妹,國語,,591,,1,
I鑽石手扌,蔡小虎,台語,,581,,6,
I阮猶原愛你,張艾莉,台語,,46784,,8,
I陽明山,周杰倫,國語,,461,,1,
JULIA,王力宏,國語,39,0,,; ; ; 2,
JingleBells,蝉螂范曉萱,國語,,3,,2,
JustWhenINeededYouMost,潘珒柏,國語,,3,,2,
KISSME,SUPER7,台語,,887,,5,
KISSYKISSY,蜜雪薇,國語,,4,,2,
Katsu,張惠妹,國語,5,,,,
KelIy,蕭敬騰,國語,,2,,2,
KissGoodbye,王力宏,國語,,658,,2,
Kissy,蜜雪薇琪,國語,,,,,
K歌之王,陳奕迅,國語,,482,,2,
K歌情人,品梁,國語,,563,,2,
L.A.N.D.Y,溫嵐,國語,507,,,46,
L.L.o.V.eo.V.e,蕭亞軒,國語,,7,,2,
L0水蜜桃聲明,朱安禹,國語,,0,,3,
L0眷風少年兄,林強,台語,,0,,6,
L2不敢講的愛,馬沙,台語,,552,,6,
L3不鉤勇敢,VJ,國語,,3,,2,
L4你的香氣,郭靜,國語,,564,,2,
L4惜情,王識賢,台語,,97444,,5,
L4我是你的人,胡雯,國語,,554,,3,
L4海是你,江明娟,國語,,574,,2,
L4閃亮的星,梁靜茹,國語,,4,,2,
L6海鷗飛處,,國語,,6,,2,
L6誰人陪我行,陳雷,台語,,6,,7,
L7號牢房,林冠吟,國語,,8,,2,
L7血雙,周杰倫,國語,,567,,2,
LALALA,脱拉庫蘆巧音,國語,,9,,2,
LASTORDER,陳奕迅,國語,,4,,2,
LEAVE,郭靜,國語,578,568,,91; 91; 91; 2,
LITTLEGIRL,韓真真,國語,,682,,2,
LI做你的愛人,饒天亮,國語,,1,,3,
LI江南好,,國語,,1,,2,
LONGTIMETMENOSEE,陳一郎,台語,,0,,5,
LOVE,郭采潔,國語,,647,,2,
LOVE!,田馥甄,台語,,4,,5,
LOVESTORY,范逸臣,國語,,6,,2,
LO圓夢,談詩玲,台語,,895,,8,
LaLaLa,包偉銘,國語,,466,,2,
Latin ◆ 朱宏敏/黃阿麻,,台語,39,,,,
Leave Me Alone,孫燕姿,國語,5,,,,
Let It Go,蕭亞軒,國語,572,,,79,
Let's Vino,孫燕姿,國語,99,,,,
Let'sgogogo逗陣走,蔡閨,台語,,8,,7,
LetMeGo,張學友,國語,,9,,2,
LettGo,簫亞軒,國語,,3,,2,
Line來Line去,許秋香 特魯多,台語,2,,,66,
Little Darling,林國榮,國語,,,,,
Live酒館 0秒,張懸,國語,42,,,,
Love Again,,華語,64,,,,
Love Story,范逸臣,國語,3966,,,,
Love story,,台語,63,,,,
LoveUMore,芭比,台語,,685,,5,
Loving You,李崗霖,國語,53,,,,
Lovingyou,季崗霖,國語,,7,,2,
L作家就是我的家宀,楊小萍古月,國語,,594,,1,
L傾城之淚,任賢齊,台語,,57984,,6,
MISSMSSMAMA,林志炫,國語,,5,,2,
MR.MOON,熊天平,國語,,6,,2,
MR.WHYMR.WHY,劉子千,國語,,4,,2,
MR2MR..慢半拍,超口愛,國語,,2,,2,
MY PEACH GIRL,,華語,63,,,,
MYLOVE,田馥甄,國語,,4,,2,
MYMyLiLifefeWill.Wi.,張懸,國語,,8,,2,
MYSUMMERDREAM,吳奇隆,國語,,2,,2,
MadeinTaiwan恰恰,秦對、,台語,,5,,6,
Magic,戴愛玲,國語,538,,,51,
Magic Room,3Club,國語,3940,,,,
Mama Mama,張韶涵,國語,43,,,,
Maybe的機率,大嘴巴,國語,,576,,2,
Micc開聲,謝雷,台語,,44458,,5,
Mic開聲,謝雷,台語,56671,,,67,
MineMine,周未倫,國語,,57473,,2,
Miss you,,華語,61,,,,
MissingYOLI,范逸臣,國語,,56743,,2,
MonevMoney,方鈴,台語,,891,,5,
Money . money,方鈴,台語,558,,,00,
Mr. Lee你往那裡去,周治平,國語,54,,,,
Mr. Q,蔡依林,國語,5896,,,,
Music All Night,林曉培,國語,58,,,,
My Dear,,華語,6590,,,,
My Dears,Dears,國語,5,,,61,
My First Song,麥小兜,華語,,,,69,
My Life Will,張懸,國語,43,,,,
MyDears,DearS,國語,,3,,2,
MyFriend,于立成,國語,,4,,2,
Mybeautifulgirl,丁于,國語,,689,,2,
NALUWAN,亞,國語,,446,,2,
NANANA,吳克群王心凌,國語,,56462,,2,
NLOVEWITHWTHYOU,張學友黎日,國語,,3,,2,
NO.1,王思佳,國語,,2,,2,
NO3No.z5,趙之璧,國語,,3,,9,
NOTHINGEVERCHANGES,s.H.H.E,國語,,4,,2,
NaNaNa,徐懹鈺,國語,,3,,2,
Neon,曾甜,台語,,475,,5,
Never leave,,華語,6540,,,,
No.,趙之璧,國語,573,,,85,
Nobody,WONDER&GIRLS,國語,,4,,2,
Nothing My Friend,豬段桃,國語,98,,,,
Now is the time,,華語,,,,51,
OAOA,五月天,國語,,574,,2,
OAOA,陳寶一,國語,,561,,2,
ODMORNINGNGGOODAFTERNO()NGO蟑,螂合,國語,,4,,2,
OK啦,沈建豪,台語,7,0,,55; 55; 5; 55,
OK啦,蔡義德秀卿,台語,,8,,5,
OK拉,五月天,台語,,968,,5,
ONE NIGHT IN台北,羅百吉,國語,584,,,78,
ONLY ONE,順子,國語,82,,,,
OS不一樣,圖騰樂溫,國語,,565,,2,
On1yYou,翁立友,台語,,587,,5,
PK曹,梁,國語,,56693,,2,
Party女王,閃亮三姊妹,台語,566,,,61,
RADIO的點歌心情,黃乙玲,台語,55574,,,61,
RADRADIOI0的點歌心情,黄乙玲,台語,,0,,7,
Rain,范曉萱,國語,587,,,42,
Ready For Love,張柏芝,國語,96,,,,
Remember,,台語,64,,,,
Remember,S.H.E,國語,588,,,46,
Rock,南拳媽媽,國語,5,,,52,
SAKURA之吆,張瀛仁,台語,,45460,,6,
SAKURA之戀,,國語,67,,,,
SAY GOODBYE,,台語,43,,,,
SAYYES,李代沬,國語,,57845,,2,
SCREAM,JS,國語,45,,,,
SHOWGIRLGRL,戴梅君,台語,,5,,5,
STYLE,陳奕迅,國語,,3,,2,
SUGAR,陳慧琳,國語,,0,,2,
SUMMERRAINRAN,范文芳,國語,,0,,2,
SUNNYDAY,李玟,國語,,1,,2,
SUPERMAN,倪子岡,國語,,489,,2,
SUPERMAN,曹格,國語,,56844,,2,
SUPERMARKET超級市場,曹格,國語,,3,,3,
Saddem Esay O(愛妳更多),羅百吉,國語,5,,,83,
Samba Samba,,台語,,,,95,
Say I Love You Tonight,,台語,,,,42,
Say Love You,,華語,64,,,,
Say U Love Me,Lara/Jason,國語,38,,,38,
Sayonara夜港邊,白冰冰,台語,6572,,,43,
Scream,張懸,國語,38,,,,
SeeYou阿囉哈,黃妃,台語,,6,,6,
Sexy ,羅百吉,國語,,,,61,
Sexy Sexy,丁國琳,台語,56399,,,65,
SexyLadY,戴梅君,台語,,799,,8,
SexySexy,丁國琳,台語,,94860,,5,
Shabu Shabu,2 MORO,國語,3955,,,,
She Knows,林曉培,國語,572,,,47,
Show Your Love,蔡依林,國語,72,,,,
Sisdora伊西絲,City&@魅,國語,,0,,2,
Sisdora伊西絲,City魅,國語,5,,,61,
So Far Away,張智成/陳綺萱,國語,5,,,99,
So Fun,李聖傑,國語,593,,,99,
So Nice,蘇永康,國語,570,,,46,
Somebody,霍建華,國語,3939,,,,
SomewhereSomeoSomeone,心堳,國語,,3,,2,
Sora(莎菈),江志豐,台語,,444,,5,
Sorry,王雪娥,國語,5,,,45,
Sorry 我不在家,丁國琳 森巴,台語,56400,,,65,
Sorry我不在家,丁國琳,台語,,94866,,6,
Spoil me,,華語,68,,,39,
Standup,羅百吉,國語,,767,,2,
Staywithme,李玟,國語,,7,,2,
Stefanie,孫燕姿,國語,3855,571,,; ; ; 2,
Stop,阮筱芬,國語,,765,,2,
Sugar Lady,柯有綸,國語,5,,,99,
SunriseS,順子,國語,,56568,,2,
SuperM0del1,S.H.H.E,國語,,6,,2,
SuperStar,S.II.E,國語,,1,,2,
SuperSunshSunshineine,曹格,國語,,56497,,2,
SupperStar,"S,H,E",國語,,9,,2,
Supperwoman,宜璇,國語,,68464,,2,
SuqarLadY,柯有綸,國語,,56880,,2,
Sweet,季欣霈,國語,,3,,2,
TA,,華語,63,,,,
TAKEMETOTHESTAR,信,國語,,7,,2,
TATAIPEIPEIPOWER,E-Turn,國語,,874,,2,
TATAIPEIPEIPOWER,YOUNG&SZ&,國語,,561,,2,
TAXI,趙秋凱,國語,,767,,2,
TeTellllme,A-Show,國語,,76755,,2,
TellMe,潘瑋柏&蔡娟娟,國語,,390,,2,
The Moment,孫燕姿,國語,3856,,,,
The sad song of love,,華語,65,,,,
TheEnd,李琳,國語,,499,,2,
ThePromiPromisese,陶吉吉,國語,,48474,,2,
Thinkingofyou,王品,國語,,49968,,2,
This is Taiwan 露營歌,羅百吉,國語,560,,,71,
TiAMO,徐懐鈺,國語,,2,,2,
Tiffany,梁靜茹,國語,508,,,42,
Tonight,南拳媽媽,國語,5,,,45,
U N Me,Dears,國語,5,,,61,
Up Down,,國語,,,,93,
VIP,羅百吉,國語,5,,,83,
W-H-Y,王力宏,國語,593,,,82,
WAKEUP拼了,抲有倫,國語,,7,,2,
What Can I Do,南拳媽媽,國語,545,,,51,
What is love,,華語,,,,53,
What's your name,,華語,64,,,,
When you cry,,華語,,,,54,
Will1YouRememberMe,李玖哲,國語,,46468,,1,
With Out You,,華語,39,,,96,
WorkiWorkingngHo1iday,玖壹壹,國語,,46486,,1,
X十Y亠疋愛,鄧麗君,國語,,398,,2,
YOIIareonlyone,super&7,台語,,590,,5,
YOYO舞步,謝金燕,台語,8449,,,72,
Ya Birthday,王力宏,國語,594,,,82,
Yes ! I do,王芯翎,國語,,,,61,
Yes or No,張惠妹,國語,509,,,44,
You Can,CITY魅,國語,5,,,61,
You Gotta Know,蔡依林,國語,44,,,,
You Know My Name,,台語,,,,48,
You Were There,黃義達,國語,5,,,99,
Youdon'tknow,李唯楓,台語,,57846,,5,
Your Heart My Heart,張棟樑,國語,42,,,,
[0套馬桿,鳥蘭托,國語,,6,,2,
[1雨綿綿情主綿綿,沈文程,台語,,2,,7,
[2失望的結局,姜育恆,國語,,3,,3,
[2少年中國,Lisa,國語,,482,,2,
[2王子麵,五月天系姿,國語,,6,,2,
[2都怪我,劉徳苹,國語,,3,,2,
[3我的愛,孫燕姿,國語,,8,,2,
[4離別的戀歌,王中平,台語,,0,,7,
[5世上只有媽媽,,國語,,3,,3,
[5你眼中的我,郭靜,國語,,579,,3,
[6SayYeah,謝和弦,國語,,6,,2,
[6因為愛情,陳奕迅王菲,國語,,573,,2,
[6安全感,王力宏,國語,,2,,2,
[6抱歉,李聖傑,國語,,4,,2,
[8停止七秒鐘,閃亮三姐外,國語,,767,,3,
[8好難得,丁噹,國語,,576,,2,
[8忙人的關懷,鄧麗君,國語,,6,,3,
[8沒有回頭的愛,祁隆vs,國語,,8,,3,
[8老情歌舊情人,張秀卿,台語,,3,,7,
[8註定孤單,楊宗憲,台語,,9,,6,
[9不要害怕,王力宏,國語,,2,,2,
[9而小昗心肝,甲子慧,台語,,8,,7,
baby,韋東明,華語,572,,,61,
call-in女人心,一綾,台語,6843,,,,
coCrazy,林為音,國語,,463,,9,
grow up,,華語,63,,,39,
i+化道上,葉佳修,國語,,7,,3,
i3悲戀的勃魯斯,,台語,,863,,7,
i3黃昏相思曲,李素專,台語,,8,,6,
k口果能夠,楊烈,國語,,382,,2,
l()沒禮貌,大嘴巴,國語,,3,,2,
ll1離開憂鬱的羽,周慧敏,Unknown,,1,,3,
lloPon搖擺,麥德羅金子嫣,國語,,0,,2,
ll今夜你甘會來,蔡秋鳳,台語,,1,,7,
ll具要愛,Miss&I%南台灣,台語,,941,,5,
ll冷霜月娘,甲子慧,台語,,841,,6,
ll勉強幸福,林宥嘉,國語,,971,,2,
ll告訁訴他你愛他,王品,國語,,49941,,3,
ll天涯同心肝,方瑞娥&傑克,台語,,46841,,8,
ll孤獨是會上癮,呉克群,國語,,591,,9,
ll巴冷公主,王宏恩阿娕,國語,,56541,,2,
ll幸福的旅途,如青,台語,,541,,6,
ll幸福的船,黄鳳儀山,台語,,441,,6,
ll念念不忘,鄭秀文,國語,,641,,2,
ll想你的時候,蔡琴,國語,,941,,3,
ll相依烹命,沈峻年,台語,,541,,6,
ll真心直立,季玟,國語,,841,,2,
ll純情的男兒,莊振凱,台語,,591,,8,
ll美麗的稻穗,北原山,國語,,2,,3,
ll路遙知馬力日久見,心周一,台語,,9,,7,
ll酒酉的恰恰,王識賢,台語,,1,,6,
ll阮的一生,吳淑敏,台語,,441,,6,
ll隨在珎啝,陳雷,台語,,94741,,6,
lnYourEyes,羅志祥攫丞琳,國語,,573,,2,
loYo舞歩謝,金燕,台語,,48542,,5,
love,,華語,6443,,,,
lt'Sover,阮筱芬,國語,,782,,2,
sThisA,呉建豪,國語,,574,,2,
sugerntheMarmalMarmaladeade,黎明,國語,,3,,2,
sweet baby,,華語,65,,,,
|5斷線琴,白冰冰,台語,,9,,5,
|6第野之戀,鳳飛飛,國語,,6,,2,
}2歡迎光臨,自由發,國語,,572,,3,
}ETⅢHIGHGHF.,I.R,國語,,8,,2,
~3笑容,黃文星,台語,,573,,5,
~6亠你信賴我,葉敕田,台語,,6,,7,
~IG0ttaLetYou,陶莉萍,國語,,842,,2,
»3在戶不惜,羅時豐,國語,,463,,2,
»3婚禮的祝福,楊哲,台語,,763,,6,
»3開心不是開會,丁于,國語,,68463,,3,
ÆÆDJDJ,確首す,Unknown,,8,,1,
3木頭人,黒澀會美眉,國語,,541,,2,
亻麼来西,呉克群,國語,,562,,2,
傷痕抹袂平,,台語,,2,,6,
内山姑娘嫁了,葉啟田,台語,,1,,7,
冷冷的心,王建傑,台語,,565,,6,
彩色的愛,翁倩玉,國語,,8,,2,
心肝跟人走,王品真,台語,,542,,6,
怎麼會愛上你,葉勝欽,國語,,461,,3,
愛你的情人,邱芸子,台語,,1,,6,
我的依賴,蔡依林,國語,,482,,2,
戒指情人,陳冠霖,國語,,1,,2,
有你就足鉤,王中平,國語,,461,,3,
枉鵑鳥的黄昏,重唱,國語,,1,,3,
歡喜做夥來,好秦,台語,,991,,8,
江山美人,代小波顧宇,國語,,451,,2,
甲天借問,冧雷昇,台語,,6,,8,
相思情,蔡秋鳳,台語,,1,,8,
相親相愛,飛碟歌,國語,,571,,2,
相逢夢何時,龍千玉,台語,,691,,6,
看見曙光,劉依純,國語,,541,,2,
米酒透保力達,石喬,台語,,841,,7,
花一開就相愛,林依晨,國語,,571,,3,
返來去,蘇錦煌,台語,,1,,5,
阮不願留,白冰冰,台語,,3,,6,
馬三克,蔡依林,國語,,941,,2,
H到爆炸,羅百吉,國語,,753,,2,
四面楚歌,周杰倫, 梭,
、少爺船,達人,台語,,768,,5,
"、,應",張惠妹,國語,,2,,2,
、0愛人怎謝,小辣椒,台語,,960,,6,
、3感情分開住,洪榮宏,台語,,3,,6,
、5愛妳的意義,江志豐,台語,,444,,6,
、、臭艹也亻匕,,國語,,547,,2,
々,光良,國語,,7,,2,
々,憶如&,國語,,5,,2,
風醉雨也醉,江蕙,台語,,1,,6,
甘講你嘸知,黃乙玲,台語,,2,,6,
巴夜雨,孫子涵,國語,,3,,2,
沒那種命,陳小春,國語,,3,,2,
莎約娜啝探戈,陳雷,台語,,3,,7,
天涼好個秋,,國語,,464,,1,
永遠愛你,謝金燕,台語,,654,,6,
紅塵有你,王傑,國語,,4,,2,
無愛卡快活,陳思安,台語,,766,,6,
請你原諒,歐鳳,台語,,758,,6,
你是我奮鬥的,日林慶源亘蟀,台語,,44659,,7,
愛過無後悔,戴梅君,台語,,859,,6,
直心話,何潤東,國語,,9,,2,
相思無藥醫,黄乙玲,台語,,659,,6,
WhatcanIdofor,you邊疆,國語,,687,,2,
疑心病,曾昱嘉,國語,,400,,2,
愛情是怎麼了,胡彦斌,國語,,579,,3,
說不完訴不盡,鳳飛飛,國語,,7,,3,
愛愈深傷愈重,袁小迪,國語,,997,,3,
精舞尸,羅志祥,國語,,9,,2,
今天的我,高明駿,國語,,3,,2,
大鬧一場,阿妹妹,國語,,3,,2,
紡,王壹珊,台語,,4,,5,
情歌變得不好,井柏然,國語,,4,,3,
愛上離婚的女,陳玉建,國語,,3,,3,
兩小無猜,童童,國語,,767,,2,
夢中的新娘,陳淑萍,台語,,6,,7,
註定的愛,尤雅,台語,,948,,6,
愛上你是一個,楊培安,國語,,568,,3,
家牙萬事興,莊心妍明,國語,,6,,3,
あいしてる我愛你,謝金燕 Reggae,台語,85,,,71,
お氵亡冫亡,方瑞娥,台語,,479,,8,
ぎハ你的衣,蔡依林,國語,,396,,3,
た,YUK,國語,,5,,2,
た,孫燕姿,國語,,590,,2,
サ薯藤過溝成,鳳,台語,,65576,,7,
ョ乖ョ乖龍滴冬,孫嘉敏,國語,,497,,3,
・+州河邊,陳蘭麗,國語,,8,,3,
氵亡氵亡,,台語,,8,,5,
氵亡氵亡,林儷蓉,台語,,95675,,5,
後一盞燈,陳昇,國語,,7,,3,
溫皿杀、的懸念唐,禹哲,國語,,4,,3,
的人田,雷好,國語,,2,,3,
長的電影,周杰倫,國語,,566,,3,
雨夕美麗,鄧麗君,國語,,2,,9,
二八阿芼吹喇,糯米糰,國語,,484,,3,
女人帶走我的,王羽澤,國語,,497,,3,
對著月冗訁忙,劉家昌,國語,,990,,3,
愛甲心死才願,蔡蓓倪,台語,,490,,7,
為你痴情為你,陳小雲,台語,,641,,7,
美麗與哀愁,",陳淑樺",國語,,444,,3,
遇上你是我的,央金蘭,國語,,9,,3,
守著你到永久,樊凡,國語,,1,,3,
寸寸相思未了,",郭大誠,台語,,582,,7,
美麗新世界,林子娟,國語,,7,,3,
言我們看雲去,陳明韶,國語,,6,,3,
夢似浪花愛像,夏文靜,國語,,663,,3,
大夥聽我、唱支,,國語,,3,,3,
你刂底愛我不,余天,國語,,4,,3,
原來你也在這,劉若英,國語,,7,,3,
美麗的姑娘,費玉清,國語,,559,,3,
愛情免詛咒,,台語,,7,,6,
我只有怨恨自,李芋慧,台語,,44875,,7,
福氣啦,高向鵬台萍,台語,,5,,5,
這個天會很,張衛健,國語,,955,,3,
又亻像細雨又亻像,劉家昌,國語,,776,,3,
對你日不完的,林牛,國語,,499,,3,
讓我照顧你,張芸京,國語,,56878,,3,
像夢一樣的女,金素梅,國語,,3,,3,
莫斯科沒有眼,INS,國語,,7,,3,
你給我多少時,莫文蔚,國語,,8,,3,
亻亻害我,,國語,,945,,3,
漂洋過海來看,娃,國語,,382,,3,
動天感動地,社桐非,國語,,49869,,3,
一一,庇龍,國語,,491,,2,
一一、寸相思思淚淚未盡盡,倪賓,國語,,2,,3,
一一、寸相相思思未了了忙情,倪賓,國語,,7,,3,
一一你世人良,游,台語,,966,,6,
一一個人恨一個人,李度,國語,,3,,3,
一一片馨一片情,,國語,,852,,3,
一一生最愛的人,艾歌,國語,,550,,3,
一一田雨,姚蘇蓉,國語,,5,,3,
一簾幽夢,蕭孋珠,國語,,0,,2,
一下下,同恩,國語,548,,,85,
一不破情網,李翊君,國語,,9,,3,
一不要愛情傷了,藍心溏,國語,,2,,3,
一丐德不思議,蔡依林,國語,,56748,,3,
一丐甲的繩索,蔡依林,國語,,576,,3,
一世不忘,,華語,6700,,,38,
一世人,江宏恩,台語,560,,,61,
一世人來還,,客語,,,,56,
一世人愛一個黄,乙玲,台語,,7,,7,
一世人的愛,,台語,,,,97,
一世情,徐亨,台語,,765,,5,
一世情,王建傑/劉依純,台語,84,,,71,
一世情,莊淑君,台語,68,,,,
一世情一世愛方高,向鵬瑞娥,台語,,4,,7,
一世情喙,邱芸子葉惧,台語,,44672,,5,
一世情喙,龍千玉,台語,,2,,5,
一世情緣,姜育恆,國語,,3,,2,
一世情緣,鳳飛飛,國語,,4,,2,
一世深情,艾蠃,台語,,994,,8,
一世的愛,,華語,69,,,54,
一串項隊,龍千玉,台語,,2,,5,
一主事風,,台語,,441,,6,
一主忙深,呉申梅,台語,,587,,5,
一了百了,信樂團,國語,,56560,,2,
一些又一些,王晶,華語,572,,,61,
一些愛,劉嘉亮,國語,,8,,9,
一些愛,劉嘉亮 搖滾,華語,575,,,67,
一亡口鋩ロ刀亡口,李翊君,國語,,3,,3,
一人一分想念,王品,國語,,49589,,3,
一人一條路,李蔡,台語,,0,,6,
一人一款命,張凱婷,台語,,0,,6,
一人一種孤單,民雄巴,國語,,54573,,1,
一人一路,蕭承祥,台語,1,,,64,
一人一路,蕭承翔,台語,,966,,5,
一人孤單兩人痛,馮偉傑,台語,,9,,8,
一人我飲酒醉 House ★ 豆包,,華語,68,,,,
一人水一項,蕭煌奇任家萱,台語,,4,,6,
一人走天涯,何亦芳,台語,,49383,,6,
一人跳舞,劉虹曄,國語,,859,,9,
一伍,,台語,,3,,5,
何時來阮身邊,黄乙玲,台語,,491,,7,
一你日一首歌,袁小迪,台語,,1,,7,
一佰萬,新寶島,台語,,3,,5,
一個:亻麼也小,松拓&,國語,,9,,3,
一個人,,華語,65,,,,
一個人,劉清立,台語,3,544,,5; 65; 65; 65,
一個人,張秀卿,台語,64,8,,; ; ; 5,
一個人,曹雅雯,台語,,477,,8,
一個人,楊麗珍,國語,,6,,2,
一個人,段千尋,國語,,497,,2,
一個人,王定傑,台語,,94756,,5,
一個人,蔡依林,國語,590,,,99,
一個人,袁小迪,台語,,658,,5,
一個人,詹雅雯,台語,,752,,5; 5; 8,
一個人,韋禮安,國語,,9,,9,
一個人一個夢,葉璦菱,國語,3967,,,52,
一個人一個夢葉,瞹菱,國語,,3,,3,
一個人一場夢,,台語,,2,,7,
一個人一場夢,一綾,台語,560,,,61,
一個人一場夢 吳艾媄 ◆ ◆,,客語,,,,51,
一個人一座城曹,寅,國語,,3,,3,
一個人不可能丁,嚆,國語,,57696,,3,
一個人不如兩個人,穌永康,國語,,3,,3,
一個人不如兩個人,蘇永康,國語,579,,,91,
一個人也罷,,華語,62,,,,
一個人也要挺住,,國語,,,,,
一個人兩個人唱歌。,張趙ネ,國語,,498,,3,
一個人哭,鄭源,國語,,3,,9,
一個人嗎真快樂,丁香,台語,0,,,63,
一個人在路上,石衛,華語,574,,,61,
一個人孃孃,王識賢,台語,,5,,6,
一個人就好,,華語,64,,,,
一個人恰自由,蔡小虎,台語,,1,,7,
一個人想著一個人,曽沛慈,國語,,57756,,3,
一個人愛過一個人,系淑媚,台語,,4,,7,
一個人挺好,,華語,62,,,53,
一個人旅行,易欣,國語,,498,,3,
一個人歲,張宇,國語,,484,,3,
一個人流浪,熊天平,國語,,3,,3,
一個人生活,,台語,,441,,6,
一個人生活,林凡,國語,,576,,3,
一個人生活,楊林,國語,,573,,3,
一個人的 KTV,謝金燕,台語,8450,,,72,
一個人的 Long Stay,,台語,,,,98,
一個人的Disco,吳勇濱,台語,,44469,,6,
一個人的KTV,謝金燕,台語,,4,,6,
一個人的事,那英,國語,,5,,3,
一個人的北京肖,飛,國語,,683,,3,
一個人的咖啡,,華語,72,,,,
一個人的回憶裡,,華語,63,,,,
一個人的天荒地老,張宇,國語,,3,,3,
一個人的寂寞兩個,人的,國語,,49659,,3,
一個人的心事,,華語,60,,,,
一個人的心事,王壹珊,台語,,4,,7,
一個人的心情,范美敏,台語,,448,,7,
一個人的情歌,寶藍,國語,,866,,9,
一個人的戀愛,陳筱筑,台語,,492,,7,
一個人的我依然會,微笑,國語,,3,,3,
一個人的房間易,欣,國語,,498,,3,
一個人的日子,揚靜,台語,,44548,,7,
一個人的時候,,華語,62,,,,
一個人的沙發,孫淑媚,台語,568,7,,64; 64; 64; 7,
一個人的生日快,江志豐,台語,,778,,8,
一個人的生日快樂,江志豐,台語,56850,,,64,
一個人的生活,沈芳如 吉力巴,國語,5,,,67,
一個人的生活沈,弓如,國語,,9,,3,
一個人的相思,龍啟萊(廖雷) 特魯多,台語,07,,,69,
一個人的等,劉超華,國語,,495,,3,
一個人的精彩,,華語,,,,39,
一個人的精彩蕭,亞軒,國語,,3,,3,
一個人的行李戴,佩妃,國語,,483,,3,
一個人走,林志炫,國語,,4,,2,
一個人還是想著一,個人,國語,,596,,3,
一個人飛翔,,華語,,,,,
一個人馮真快,丁香,台語,,46381,,8,
一個你兩個你三 Fanfan 個你,,華語,66,,,,
一個像夏天一個像,秋天,國語,,567,,3,
一個像夏天一個像秋天,范瑋琪,國語,539,,,38,
一個光年的距離,小宇,國語,,579,,3,
一個地方,東方駿,國語,,767,,2,
一個地方,東方駿,華語,571,,,61,
一個夢,廖秋濟,台語,2,543,,5; 64; 64; 64,
一個夢,簡美雀,台語,56766,576,,5; 62; 62; 62,
一個女人的寂寞,劉蕓微,國語,,546,,1,
一個女孩,,國語,,583,,3,
一個女孩的心,楊林,國語,,9,,9,
一個姑娘,趙薇,國語,,0,,3,
一個心跳的距離,庾澄慶,國語,,3,,3,
一個愛上浪漫的人,孟庭葦,國語,,48475,,3,
一個星期的紀念日,鴃美玲,國語,,476,,3,
一個紅蛋,江蕙,台語,,5,,5,
一個老頭穿靴頭,",霞",國語,,551,,3,
一個蓮蓬,姚莉,國語,,782,,2,
一個蓮蓬,紫薇,國語,,592,,2,
一個陌生的女孩,余天,國語,,0,,3,
一入心,劉菲菲,台語,,493,,5,
一公尺,言承旭,國語,48,485,,; ; ; 2,
一冫、湯貝,,國語,,395,,2,
一冬,鄭君威,台語,,556,,5,
一刀兩斷,王瑞霞,台語,,499,,5,
一刀兩斷,王羽澤,國語,,497,,2,
一刀兩斷,荒山亮,台語,,573,,5,
一分乀情,半分乀是假",謝雷,台語,,0,,7,
一分情半分是假,謝雷,台語,63,,,,
一分鐘追悔,蔡健雅,國語,5,,,82,
一切一切為著你,尤小鳳,台語,,497,,7,
一切交乎你,吳勇濱,台語,,7,,6,
一切係過去,林仲一/林娜,台語,57598,,,63,
一切天註定,黃千芸vs&vs&r%73c,台語,,8,,6,
一切從簡,,華語,64,,,39,
一切從頭,楊克強,國語,5,9,,63; 63; 63; 2,
一切成敗掌手中,,客語,93,,,,
一切抛是假,高向鵬,台語,,46783,,8,
一切攏 OK,張傳,台語,0,,,64,
一切攏乎你,成鳳,台語,,5,,6,
一切攏是假,游麗紅,台語,0,94747,,64; 64; 6; 64,
一切攏是假,蔡董 特魯多,台語,3,,,66,
一切攏是命,葉冰倢,台語,6,96578,,65; 65; 6; 65,
一切攏是命,詹雅雯,台語,,6,,6,
一切攏是空,蔡秋鳳,台語,,56952,,6,
一切攏是錯,沈芳如,台語,563,0,,61; 61; 6; 61,
一切攏隨緣,劉佳軒,台語,8446,,,72,
一切攏順利,張蓉蓉,台語,,5,,6,
一切是緣份,,華語,60,,,,
一切有我,葉明德,國語,,3,,2,
一切為了你,王紹博,華語,573,,,61,
一切為妳,蘇建安,台語,4,,,63,
一切為妹,蘇建安,台語,,95669,,5,
一切為著你,王建傑,台語,,2,,6,
一切為著愛,秀蘭瑪雅,台語,7990,,,64,
一切無問題,蔡小虎王瑞,台語,,4,,6,
一切無問題,蔡小虎王瑞&,台語,,7,,6,
一切甘是天咅,龍千玉,台語,,4,,7,
一切甘是天音,林婀,台語,,7,,7,
一切都會好起來的,,華語,57,,,,
一切隨喙,黄思婷,台語,,665,,5,
一切隨風去,,華語,,,,45,
一別兩寬,,華語,63,,,,
一剪梅,費玉清,國語,,4,,2,
一創望天涯,呉俊宏,台語,,44578,,6,
一加一等於我愛你,こ;,國語,,2,,3,
一千個世紀,五月天,國語,546,,,52,
一千個世紀,方瑞娥,台語,,4,,6,
一千個傷心的理由,張學友,國語,,1,,3,
一千個理由,張菱,台語,,0,,6,
一千個相思,傅振輝昔思婷,台語,,98747,,8,
一千個輪回,易丹,華語,578,,,61,
一千年的等候,孫嘉敏,國語,,497,,3,
一千步的距離,,華語,67,,,39,
一千萬個祝福,王孟麗,國語,596,,,55,
一千零一個夜晚,,華語,60,,,,
一千零一夜,蜜雪薇琪,國語,3952,,,,
一半,庹宗華,國語,5,,,,
一半,曹雅雯,台語,,447,,5,
一半,楊麗菁,國語,,542,,2,
一半,王建傑&依純,台語,,8,,5,
一半,王建傑/劉依純,台語,55941,,,61,
一半一半,吳克群,國語,,4,,2,
一半一半,徐華鳳,國語,,5,,2,
一半人生,五月天,國語,,59752,,1,
一半心,陳百潭,台語,,592,,8,
一卞皮箱,洪榮宏,台語,,3,,5,
一卡手戒,,台語,,,,,
一卡破皮箱,良山,台語,,438,,8,
一去不回,小辣椒,台語,,499,,5,
一去不回的人,黄品源,國語,,6,,3,
一去無回頭,羅時豐,台語,64,,,,
一口乿,張秀卿,台語,,438,,8,
一口氣,徐金塘,台語,400,,,60,
一口氣全唸對,周杰倫,國語,,460,,9,
一口氣楊,靜,台語,,4,,5,
一口飯蔡,秋鳳,台語,,572,,5,
一古風駛一時,林玉惜,台語,,786,,8,
一句愛,楊靜陳,台語,,974,,8,
一句愛,陳隨意楊靜,台語,,952,,8,
一句愛你買多少,,華語,96,,,,
一句我愛你,,華語,76,,,,
一句我愛你,詹曼鈴,台語,562,,,61,
一句袂赴講的,子揚,台語,,8,,8,
一句話,尤雅,台語,,480,,8,
一句話,蔡義徳,台語,,685,,5,
一句話,蕭玉芬,台語,,562,,5,
一台腳踏車,鄭進一,台語,,0,,6,
一吋心,,台語,,,,98,
一吻之間,張碧晨,國語,,597,,1,
一吻傾心,沈丹丹,華語,,,,69,
一吻天厓,程響,國語,,852,,1,
一吻天涯,,華語,,,,43,
一吻天荒,胡歌,國語,,57847,,2,
一嘜擱在這廢話謝,金燕,國語,,794,,3,
一嘴乾一杯,江蕙,台語,88,,,59,
一嘴乾一林,江蕙,台語,,4,,6,
一圈一圈,范文芳,國語,,5,,2,
一國戀,Tank,國語,,5,,2,
一城山水,,華語,68,,,,
一場一場表演,豬哥亮,台語,,956,,7,
一場夢,尤雅,台語,81,,,53,
一場夢,郭健一,台語,558,,,93,
一場夢,陳素英,台語,,977,,5,
一場夢一場空,上明,台語,82,,,57,
一場夢一場空,洪百慧,台語,,383,,7,
一場夢一齣戲,林慶源,台語,,46574,,8,
一場大夢一場空,,華語,69,,,,
一場大雨,代小波,國語,,684,,2,
一場情夢一齣戲,蔡小虎,台語,,584,,7,
一場愛情一場夢,申力妍,國語,580,,,64,
一場愛情一場戲,,客語,,,,98,
一場愛情一場戲,張北北,國語,,0,,1,
一場相遇一生回憶,,華語,6991,,,,
一場雨,,華語,6750,,,,
一声之叫君一声之苦,陳盈潔,台語,,97438,,7,
一壺酒,,華語,55,,,,
一夜夜夜.夜,梁靜茹,國語,,489,,2,
一夜情,,台語,,493,,5,
一夜情,良一 特魯多,台語,567,,,62,
一夜情歌,石衛,國語,,685,,2,
一夜酒,,台語,,3,,8,
一夜長大,梁靜茹,國語,,1,,; ; ; 2,
一夜香,徐紫淇,台語,56841,769,,64; 64; 64; 8; 8,
一夢中媽媽,甄蝿,國語,,851,,3,
一夢千尋,",阿蘭,國語,,8,,9,
一夢好多年,,華語,63,,,,
一夢想見家,林志穎,國語,,2,,3,
一夢袂情難斷,郭健一,台語,,447,,7,
一大待逢日,王識賢,台語,,561,,6,
一天SAKULA,李素專,台語,,4,,6,
一天一萬年,孫淑媚,台語,84,,,64,
一天一萬年,系淑媚,台語,,486,,6,
一天一點夊讎,梁朝偉,國語,,7,,3,
一天一點愛戀,梁朝偉,國語,544,,,39,
一天三百六十五年,彭羚,國語,,1,,3,
一天到晩游泳的魚,張雨生,國語,,2,,3,
一天我,張瓊瑤,國語,,396,,3,
一套破西裝,簡春生,台語,,44461,,6,
一好的寂寞,順子,國語,,4,,3,
一如當初,葉敕田,台語,,764,,5,
一字一句,,華語,64,,,,
一字喙,唐儷,台語,,972,,5,
一宅愛一宅恨,陳柏全,國語,,57493,,3,
一定嬴,陳聖崴,台語,564,,,61,
一定是你不好,,華語,69,,,,
一定會出頭天,揚哲,台語,,760,,7,
一定會卡好,王冰疌,台語,,547,,6,
一定會贏,七郎,台語,6577,3,,; ; ; 5,
一定會赢,朝峰,台語,,782,,8,
一定要堅強,,客語,7,,,51,
一定要嫁給我,林慶源,台語,,47658,,8,
一定要幸福,王中平魚仔,台語,,56469,,6,
一定要幸福,魚仔/王中平,台語,56539,,,61,
一定要愛你,田一龍,國語,,7,,3,
一定要成功,陳百潭,台語,,4,,6,
一家團圓,,台語,43,,,,
一寶島姑娘,阿茹,台語,,971,,7,
一寸光陰一寸金,,客語,4,,,51,
一寸相思,,台語,,,,,
一寸相思一寸淚,葉啟田,台語,,391,,7,
一寸相思一滴淚,郭金發,台語,,4,,7,
一寸真心,許富凱,台語,,445,,5,
一封信,鄭智化,台語,,4,,5,
一封情書,龍飄飄,國語,,58543,,2,
一封舊情書,林玉英,國語,,462,,9,
一封難回的信,,國語,,464,,1,
一將真來表示,洪文斌某鈺苹,台語,,3,,7,
一對一,梁靜茹,國語,5,,,85,
一對新耳鉤,狄鷽,台語,,2,,6,
一你一世情洪,金河,台語,,545,,6,
一尕小、花乚,憶如,國語,,3,,2,
一展愁眉,,客語,,,,56,
一岸子的孤單,劉若英,國語,,7,,3,
一年前,胡彥斌,國語,,4,,2,
一年好一年,康橋,國語,,7,,9,
一年換二十四,家劉福助,台語,,4,,7,
一廂忙願,楊林,國語,,7,,2,
一廂情願,堂娜,國語,57,,,,
一廴月,唐飛,台語,,497,,5,
一你日連暝歐,能,台語,,541,,6,
一張信一朵花,周雅芳,台語,66,,,,
一張相月,林添一,台語,,491,,5,
一張相月,高向鵬方咄嬂,台語,,56953,,5,
一張相片,曉涵 特魯多,台語,392,,,69,
一張空白紙,甲子慧,台語,55754,48878,,61; 61; 6; 61,
一張車票,沈芳如,台語,55871,6,,5; 61; 61; 61,
一往情深,劉依純,台語,,7,,5,
一往情深,李麗芬,國語,5,,,61,
一往情深,游鴻明,國語,,3,,2,
一往情深,金素梅,國語,,3,,2,
一後,張清芳,國語,,6,,2,
一心二葉,林俊吉鳳娘,台語,,43960,,8,
一心為你,翁立友,台語,,467,,8,
一心疼是你,彭偉華,國語,,541,,3,
一心等待你,,客語,6,,,51,
一忙;,,國語,,56456,,2,
一忙、,人出",葉敕田,台語,,1,,7,
一念之差,截梅君,台語,,7,,5,
一念之差（DJ沈念版）,,華語,65,,,39,
一念之間,陶吉吉,國語,,484,,2,
一念執著,胡阿蘭瓦,國語,,578,,2,
一念成魔,,華語,63,,,,
一念破,,華語,69,,,,
一念花開一念落,,華語,6640,,,,
一思一念為了你,許以慈,國語,568,,,61,
一思念鄉的愛人,東,台語,,964,,7,
一情路到站,楊哲,台語,,46750,,8,
一情雨夢,,華語,63,,,,
一想到你呀,張惠妹,國語,,479,,3,
一想扌耒氣洪,榮宏,台語,,8,,6,
一意由愛開始,童安格對唱,國語,,391,,3,
一愛人高跟鞋,豪記大對唱,台語,,48875,,7,
一愛你踈,謝金燕,台語,,575,,5,
一愛多早知道,殷悅,國語,,56544,,3,
一愛幸福畐,許富凱,台語,,77556,,8,
一愛情探戈,白冰冰,台語,,453,,6,
一愛的旅途,江蕙,台語,,2,,6,
一愛難求,徐佳瑩,國語,,59652,,1,
"一感、情乎,開",廖秋濟,台語,,543,,6,
一感、情靠無山,陳淑萍,台語,,958,,6,
一感情枷鎖,楊靜,台語,,4,,6,
一感情親像,王瑞霞,台語,,967,,6,
一我不小丑,郎軍,國語,,9,,3,
一我也想也,孫燕姿,國語,,6,,3,
一我也醉過,馬浚偉,國語,,960,,3,
一我介一家人,北原山,國語,,4,,3,
一我們,林孟宗,國語,,5,,9,
一我們間,火星熊,國語,,973,,2,
一我又起尔,江美琪,國語,,3,,3,
一戒不你的温柔,曽春年,國語,,0,,3,
一手好牌,王瑞霞,台語,,498,,5,
一手捧杯啊,高子洋,台語,6564,1,,; ; ; 6,
一把傘,3Club,國語,3956,,,,
一把情種,陳小雲,國語,,766,,2,
一把無情鹽,蔡小虎,台語,,575,,6,
一摸蜆兼、洗褲,七一,台語,,9,,7,
一撕碎溫柔,,台語,,571,,6,
一支喇叭吹,,台語,86,,,,
一支番仔火,陳思安,台語,,596,,8,
一敗塗地,,華語,39,,,98,
一日、亠夂廴,厠美雲,國語,,383,,2,
一日三餐,,華語,,,,96,
一日情,揚小萍,台語,,7,,5,
一日情,楊小萍,台語,6574,,,,
一日無見三日愁,,客語,6,,,51,
一日過一日,江志豐,台語,02,,,69,
一明白言我,藍聖文,國語,,3,,3,
一昜夢,亞亞,台語,,546,,5,
一昜夢,郭健一,台語,,485,,5,
一星日,周杰倫,國語,,5,,2,
一時失敗唔使驚,,客語,7,,,51,
一時賭氣,方怡萍 慢迪斯可,台語,55551,,,,
一時風一時雨,林俊吉楊靜,台語,,6,,7,
一時風駛一時船,惜惜 特魯多,台語,0,,,66,
一時風駛一時船,陳建誠,台語,567,,,63,
一暝,楊靜,台語,,590,,8,
一暝三一匁,唐儷,台語,,58544,,5,
一暝思念,,台語,,968,,5,
一暝思念,一綾,台語,56944,,,68,
一暝聽江蕙,王俊傑,台語,567,3,,62; 62; 6; 62,
一暝花香,,台語,56,,,,
一暝雨,陳雨柔,台語,,49382,,5,
一曖昧,阿弟仔,國語,,0,,2,
一曲為紅顏,,台語,58,,,,
一曲相思,,台語,,,,50,
一曲相思,半陽,國語,,8,,1,
一曲相思,龍飛門,國語,,462,,9,
一曲相思唱不完,余天,國語,563,,,52,
一曲相思情難了,倪寊,國語,,550,,3,
一曲難忘,鳳飛飛,國語,,5,,2,
一最後眷戀,黎亞,國語,,450,,3,
一最後種快樂,力火,國語,,0,,3,
一月天,王識賢,台語,,4,,5,
一月真心,楊哲,台語,,59576,,8,
一月雪,洪榮宏黃妃,台語,,573,,5,
一有你生才美麗,陳雷,台語,,086,,7,
一有情終成眷屬,鄭趙,國語,,767,,3,
一有愛就走巴,許茹芸,國語,,56786,,3,
一有愛愛批是痛,陳安,台語,,489,,7,
一有話能甲你講,楊子鋒,台語,,445,,7,
一有量是福氣啦,“,台語,,94787,,7,
一朵亻匕,MATZKA,國語,,574,,2,
一朵匕,朱海君,台語,,43952,,8,
一杯,,台語,,,,47,
一杯咖啡,高登,國語,,463,,2,
一杯珈畊,江志豐,台語,,5,,5,
一杯相思,林俊彦&年湛,台語,,495,,5,
一杯美酒,Cha Cha,台語,6580,,,,
一杯苦酒幾滴淚,余天,國語,595,,,58,
一杯酒,施文彬,台語,555,,,87,
一杯酒,袁小迪,台語,,46588,,8,
一杯離人淚 Hip-Hop 安揚.蘇星婕,,華語,6658,,,,
一杯黑咖啡,,台語,87,,,,
一林美酒,人對唱,台語,,0,,5,
一林酒,施文彬,台語,,4,,5,
一林醉,謝雷,台語,,976,,5,
一枝梅,鄧麗君,國語,,568,,2,
一枝花,小錬椒,台語,,677,,5,
一枝草一點露 探戈 利用人如欲使用本產品於「公開場所」使用，請逕洽集管團體或,,華語,66,,,54,
一枝草一點露,,客語,4,,,51,
一根扁擔,,國語,,3,,2,
一根扁擔兩頭尖,李碧華,國語,,994,,3,
一根扁擔兩頭尖,鄧白英,國語,,847,,3,
一根香煙半瓶酒,,華語,6774,,,,
一桶金,王建傑,台語,55980,0,,5; 61; 61; 61,
一梅戲,慕蓉曉,國語,,3,,2,
一條内酷帶,豬哥亮三珊,台語,,574,,6,
一條情歌,詹曼鈴,台語,,,,61,
一條披鰊,七郎,台語,,2,,5,
一條橋,,國語,,6,,2,
一條橋,青婉曲,國語,,4,,2,
一條簡單的歌,鳳娘,台語,55474,,,,
一條紅線,潘美月,台語,4,95639,,5; 60; 60; 60,
一條紅線,許志豪張秀卿,台語,,57675,,5,
一條路,劉唯仁,台語,,49398,,5,
一樣傻,中堅份,國語,,0,,2,
一樣傻,中堅份子,國語,574,,,79,
一樣愛你,楊林,國語,,4,,2,
一樣的夏天,系燕姿,國語,,766,,3,
一樣的月光,徐佳瑩,國語,,56881,,3,
一樣的月光,蘇芮,國語,,8,,3,
一樣米養百樣人,劉福助,台語,6684,5,,; ; ; 7,
一次離別,,華語,62,,,,
一步,秀蘭瑪,台語,,3,,5,
一步一回頭,施志興,台語,55657,549,,52; 52; 52; 6,
一步一步,宇兒,國語,,682,,2,
一步一步,馬天宇,國語,,550,,2,
一步一腳印,,華語,,,,93,
一步一腳印,蔡秋鳳,台語,6575,4,,; ; ; 6,
一步一錯,孫淑媚,台語,84,,,59,
一步成詩,王詩安,國語,,59453,,1,
一步步靠近你,,台語,67,,,56,
一歩一歩行,葉諾帆,台語,,7,,8,
一歩一錯,孫淑媚,台語,,486,,5,
一段情,林慧萍,國語,,766,,2,
一段情,蔡秋鳳,台語,,564,,5,
一段情,陳彼得,國語,,1,,9,
一段情,高榮裕,台語,,96585,,5,
一段情,高榮裕 特魯多,台語,4,,,60,
一段情一場夢,蔡小虎龍千玉,台語,,4,,7,
一段情一首歌,辨棠二人姐,台語,,765,,7,
一段情緣,,台語,,,,,
一段感情,林合和,台語,3,,,66,
一段過往一段傷,,華語,6751,,,,
一決樂新年,黄三元文蓊,台語,,4,,6,
一浮屮,姚穌容,國語,,868,,2,
一清二楚,林子娟,台語,559,9,,5; 61; 61; 61,
一滴涙兩種呠,林慧萍,台語,,575,,7,
一滴目屎一滴愛,王識賢,台語,,560,,7,
一滴目屎一滴汗,林美莉,台語,89,,,59,
一滴目屎一滴淚,甲子蕙,台語,,764,,7,
一滴眼涙,陳奕迅,國語,,9,,2,
一為了一生,,國語,,1,,3,
一為亻煩惱,,國語,,769,,3,
一為亻離開我,白嘉莉,國語,,764,,3,
一為我己批路,趙詠華,國語,,9,,3,
為著十萬元,,台語,,647,,6,
一無應放阮孤單。,邱芸子,台語,,4,,7,
一無所有,楊克強,國語,5,,,66,
一熱情,劉家昌,國語,,0,,9,
一片光明,賴崑龍,台語,569,,,68,
一片流/L雲,林玉英,國語,,769,,2,
一片漆黑,冷顯達,國語,,49592,,2,
一片相思,謝雷,國語,,9,,2,
一片空白,,台語,69,,,,
一牽著,翁立友,台語,,2,,5,
一玫瑰匕,王歡,國語,,974,,2,
一生/只、月能匕匕愛,一個固",胡楊林,國語,,495,,3,
一生一世,林玉英,國語,,1,,2,
一生一世,高向鵬林蜊,台語,,4,,5,
一生一世愛你到,廬弘哲蚪,台語,,3,,8,
一生一世的愛,羅時豐,國語,5,7,,61; 61; 61; 3,
一生一吹,黄乙玲,台語,,997,,5,
一生一你成、動,祁隆,國語,,7,,9,
一生一擺的愛,葉啟田,台語,83,,,60,
一生一擺的愛葉,丿田,台語,,657,,7,
一生一次,劉德華,國語,,1,,2,
一生中愛你尚深,俞隆華,台語,,76587,,7,
一生中的第一,童安格,國語,,0,,3,
一生交乎你,劉育綾,台語,88,,,54,
一生何求,李克勤,國語,,3,,2,
一生何用,阿吉仔,台語,,559,,5,
一生來愛你,林良歡,台語,,7,,6,
一生只交你,林俊吉&林為,台語,,46852,,8,
一生只愛你,楊偵鈺,台語,9,,,60,
一生只愛你,王識賢,台語,85,48777,,65; 65; 65; 6,
一生只愛你一個,,台語,,2,,7,
一生只愛你小,小辣椒,台語,,562,,6,
一生只愛你小,林俊吉林為音,台語,,980,,8,
一生只有一擺豪對,記大唱,台語,,0,,7,
一生只有你,王建傑,台語,562,1,,61; 61; 6; 61,
一生只有你,蔡小虎,台語,,5,,6,
一生只為你,葉啟田,台語,,4,,6,
一生只為你活,家榮,台語,55677,,,00,
一生只為你活家,榮,台語,,4,,7,
一生奉陪,洪明欽 吉力巴,台語,,,,61,
一生好伴侶,林玉英/良一,台語,56644,,,67,
一生好伴侶,良林玉英,台語,,7,,6,
一生守候,方順吉魏嘉検,台語,,59753,,8,
一生守候,陳淑樺,國語,,0,,2,
一生守候,陳隨意,台語,,448,,5,
一生尚愛你一,哈菲子,台語,,957,,8,
一生平安,曹雅雯,台語,,974,,5,
一生情,,客語,6,,,51,
一生情,莊振凱戴梅君,台語,,668,,5,
一生情一世愛,高向鵬方瑞娥,台語,,4,,7,
一生情一生愛,余天,國語,,583,,3,
一生情伴,陳思安,台語,,96567,,5,
一生情願,七郎,台語,,951,,5,
一生情願,上明,台語,82,7,,57; 57; 57; 5,
一生愛你千百回,梅艷芳,國語,,,,,
一生愛的是你,馬雲龍,國語,,684,,3,
一生愛過的人,,台語,,,,97,
一生所愛在夢中,余天,國語,,582,,3,
一生所求,喬幼,台語,,992,,8,
一生攏是為著你,唐飛,台語,56564,5,,66; 66; 66; 7,
一生最愛你,謝金晶,台語,,593,,8,
一生最愛的人,,台語,51,,,,
一生最愛的人,佰百,國語,,3,,3,
一生最愛的是你,,華語,48,,,,
一生最愛的是你,祁隆,國語,,8,,3,
一生有你來作伴,"王識賢,",台語,,647,,7,
一生朋友,兄弟匯,國語,,5,,2,
一生求平凡,謝雷,台語,63,,,,
一生為你感動,祁隆,華語,57557,,,68,
一生為你醉,洪榮宏,台語,,775,,8,
一生為你,楊唐,台語,,8,,5,
一生為著你,蔡秋鳳,台語,,48539,,6,
一生為著你,蔡秋鳳 特魯多,台語,89,,,74,
一生無悔,高安杭,國語,,5,,2,
一生甘願只有你小,鄭琇月,台語,,5,,7,
一生甘願為你錯,林姍,台語,,7,,7,
一生甘願跟你走,詹曼玲,台語,,8,,7,
一生痴心,黎明,國語,,,,2,
一生痴戀,談芳兵,國語,39,,,00,
一生癡情有幾擺,陳美鳳,台語,,0,,7,
一生癡戀,王馨平,國語,,3,,2,
一生白錯誤,邱芸子,台語,,451,,6,
一生的伴,李偉誠/鄭玉彩,台語,7,,,61,
一生的伴,李偉誠鄭玉杉,台語,,47988,,8,
一生的傷宸,林姍,台語,,745,,6,
一生的堅持,張燕清,台語,,056,,6,
一生的堅持,莊振凱,台語,,46749,,8,
一生的好朋友揚,哲,台語,,487,,7,
一生的惑立日,你方順吉,台語,,57453,,7,
一生的愛,呉勇濱,台語,,976,,5,
一生的愛,沈志仲,國語,,68500,,2,
一生的愛,龍千玉,台語,,765,,5,
一生的愛 過去的名,龍啟萊(廖雷),台語,2,,,68,
一生的故事,曽朝松陣鈺姍,台語,,6,,8,
一生的故事,曽朝松陣鈺岬,台語,,46788,,8,
一生的故事,曾朝松/陳鈺姍,台語,56953,,,68,
一生的最愛,吳俊宏,台語,,489,,8,
一生的最愛,陳雷,台語,,440,,6,
一生的朋友,費玉清,國語,545,,,,
一生的期待,詹雅雯不想紅,台語,,2,,6,
一生的畏靠,艾贏,台語,,9,,8,
一生的相思,,國語,75,,,,
一生的眼淚,施志興,台語,561,443,,61; 61; 6; 61,
一生的約定,陳建誠/丁香,台語,9,,,63,
一生的約定,陳建誠丁香,台語,,46380,,8,
一生的誓言,海洋,華語,573,,,61,
一生的錯誤,邱芸子,台語,554,,,61,
一生的驕傲,王萊,台語,56651,,,67,
一生知己,林子娟,台語,8438,0,,65; 65; 65; 5,
一生等待你,甲子慧,台語,,44898,,6,
一生等待你,陳淑萍,台語,,43854,,8,
一生等待的人,温瀚龍,台語,,761,,8,
一生能有幾吹選擇,伺篤霖,國語,,3,,3,
一生託給一個人,潘美辰,國語,,3,,3,
一生輸給一個人,,華語,64,,,,
一生陪伴你,詹雅雯,台語,,4,,6,
一生陪你行,艾贏,台語,,8,,8,
一生難忘,,台語,52,,,52,
一生鬥陣行,上明一,台語,,694,,6,
一生鬥陣行,吳上明.一綾,台語,62,,,,
一生老伴,,客語,860,,,51,
一男兒淚不輕彈,,台語,,449,,7,
一當你辟的時候蔡,亻雅,國語,,540,,3,
一疋月,張蓉蓉,台語,,591,,8,
一疋贏,陳聖歳,台語,,44843,,5,
一疒糹愛一生,李素專,台語,,44470,,7,
一癡心癡情,洪榮宏,台語,,94742,,6,
一白色婚紗,甲子慧,台語,,567,,6,
一百個放心,張津滌,國語,,448,,3,
一百元,,台語,,,,98,
一百種孤獨的理,郭“,國語,,598,,1,
一百簡平的歌王,力宏,國語,,6,,3,
一百萬,黃一飛,台語,,786,,5,
一百萬種親吻,梁文音,國語,,750,,3,
一的人田,曽春年,國語,,58585,,3,
一的就是你,王力宏,國語,,2,,3,
一的愛李,明原&,台語,,544,,6,
一的排行榜,大芭,國語,,4,,3,
一的田,梁文音,國語,,566,,3,
一的號碼牌,Sweety,國語,,672,,3,
一的進行式,陳淑樺,國語,,769,,3,
一盛夏果實,·,國語,,57688,,3,
一盞的明燈,,台語,53,,,39,
一直,許茹芸,國語,,3,,2,
一直像這樣子,張可芝,國語,,478,,3,
一直在等你回頭,,華語,,,,39,
一直想去看你,,華語,,,,,
一直為你等,楊千燁,台語,,494,,6,
一眷歸,于櫻櫻&,國語,,559,,2,
一眼千年,那英,國語,,597,,1,
一眼萬年',,國語,,5,,2,
一眼萬年',S.H.E,國語,,76785,,2,
一瞞過三冬,鄧詠家,台語,,76492,,6,
一石二鳥,伍佰,國語,,743,,2,
一碗麵,林俊吉,台語,,1,,5,
一秒也好,卓文萱,國語,,4,,2,
一秒的天堂,梁靜茹,國語,589,,,66,
一秒的安慰,黃義達,國語,5,,,63,
一秒鐘,,華語,69,,,,
一秒鐘,姜鵬,國語,,684,,2,
一秒鐘認識一單子,忘記,國語,,458,,3,
一程傷悲,,華語,6987,,,,
一種人一種味,張蓉蓉,台語,,567,,7,
一種心忙,李碧華,國語,,991,,2,
一種愛,,台語,,,,42,
一種成覺,陽江,國語,,3,,2,
一笑了之,女孩,華語,6988,,,,
一笑天下,荒山亮,台語,,449,,5,
一笑天下,蔡振南,台語,,3,,5,
一笑天涯,黄鳳儀,台語,,57654,,5,
一笑頂峰,黃文星,台語,,777,,8,
一笡沒有明天,萬芳,國語,,577,,3,
一第二春天,江蕙,台語,,3,,6,
一筆勾銷,洪百慧,台語,,952,,5,
一箇中味,張星啝,國語,,461,,3,
一粒心住兩人,陳亞蘭,台語,63,,,,
一粒心兩種面,向蕙玲,台語,,76454,,7,
一粒心塊你去,唐飛,台語,,490,,7,
一粒汗,蔡義德,台語,,57573,,5,
一粒糖,吳蕙君,台語,,467,,8,
一粒電火,芭比,國語,,657,,2,
一紙離愁 一個人的未完待續,,華語,65,,,,
一級棒,謝金燕,台語,,0,,5,
一級棒,謝金燕,國語,5,579,,2; 61; 61; 61,
一級棒,高子洋,國語,,,,,
一累格,戴愛玲,國語,,565,,2,
一絲不壮,陳奕迅,台語,,579,,5,
一縷情絲一場夢,,國語,,9,,3,
一縷相思情,于櫻櫻&,國語,,0,,3,
一縷輕煙,,國語,,6,,2,
一繁華+是夢,游鴻明,台語,,6,,7,
一繁華北市,黃西田,台語,,0,,7,
一罐米魯,林美莉,台語,84,,,59,
一聊滉抱,張宇,台語,,1,,5,
一聲再會,甄妮,國語,,888,,2,
一聲叫君一聲苦,鄭琇月,台語,,8,,7,
一聲愛,莊振凱,台語,,3,,5,
一聲我愛你,陳子賢,台語,,978,,6,
一脚破皮箱,良山,台語,,2,,6,
一脚踏兩船,阿黒,台語,,4,,6,
一臉清秀,蔡詩蕓,國語,504,,,46,
一舞難忘,謝雷,國語,,839,,2,
一花一世界,,華語,69,,,,
一茜見達尼,張惠妹,國語,,3,,3,
一萬、個祝福,羅婉琳,國語,,955,,3,
一萬個對不起,,華語,,,,,
一萬個理由,鄭源,國語,,76649,,3,
一萬個藉口,,華語,63,,,39,
一萬年,,國語,,741,,1,
一萬滴淚滴,,台語,94,,,,
一萬種如果,,華語,,,,,
一葉女人心,江蕙,台語,,572,,6,
一葉心,,台語,,,,96,
一蔡,秋鳳,台語,,647,,5,
一蕊雲,,台語,,,,47,
一薄命花,秀如,台語,,393,,7,
一蜚你不完,郭富城,國語,,9,,3,
一蜚愛愛不放放心心劉黎,劉嘉玲,國語,,6,,3,
一衝動,動力火,國語,,8,,2,
一襲寒衣萬縷情,包娜娜,國語,563,,,68,
一襲青紗萬縷情,",費玉清,國語,,788,,3,
一西門的小姑娘,洪榮宏,台語,,665,,7,
一見傾心 如果最後我們不能在一起,,華語,6385,,,38,
一見鉅情,林日品,台語,,542,,5,
一見鍾情,藍心湄,國語,,2,,2,
一見鍾情,賴慧如,台語,,43900,,8,
一見鍾情,鳳飛飛,國語,,76642,,2,
一覺醒來,倪安東,國語,,7,,2,
一言難盡,李翊君,台語,,57875,,5,
一言難盡,李芋慧,台語,,3,,5,
一言難盡,葉勝欽,台語,,46867,,8,
一言難盡,鄭君威董育,台語,,497,,5,
一讓我暖,彭王,國語,,7,,3,
一貞冫生,葉敗田,台語,,3,,5,
一起去福,王識賢,國語,,4,,3,
一起去跑平,宇宙人,國語,,484,,3,
一起吃苦的幸福,周華健,國語,73,,,,
一起愛,,台語,74,,,00,
一起月亮,,國語,,938,,3,
一起淋雨那幾年,,華語,6839,,,,
一起老去,薛凱琪子&,國語,,0,,2,
一起走吧,Energy/羅志祥,國語,5,,,67,
一起開始的旅程,S.H.E,國語,5,,,55,
一起闖,高進vs季理,國語,,1,,9,
一起闖蕩,,華語,6659,,,,
一路上有你,張學友,國語,,5,,3,
一路兩個人,,國語,,54570,,1,
一路到這,沈定豪,台語,,5,,5,
一路到這,沈建豪,台語,56685,,,61,
一路向北,周杰倫,國語,,,,,
一路孤獨,法璦,國語,50,,,,
一路有你,劉霏玲,國語,,452,,2,
一路發,吳永發,台語,,548,,5,
一路行來,翁立友,台語,,0,,5,
一路順風,陳盈潔/鳳娘,台語,555,,,86,
一路順風,陳盈潔張鳳娘,台語,,560,,5,
一路順風一路發,王識賢,台語,55467,561,,; ; ; 7,
一路高飛,,台語,,,,48,
一輩子孤獨,劉若英,國語,,985,,3,
一輩子愛著你,楊小萍,國語,,5,,1,
一輩子的兄弟,羅百吉,國語,5,,,61,
一輩子的愛,,華語,,,,,
一輩子的錯,劉德華,國語,5,0,,62; 62; 62; 3,
一輪明月,,華語,6441,,,38,
一辛苦阿爸的名,羅時豐,台語,,44678,,7,
一追再追,永邦,國語,,893,,; 9,
一透,許如芸,Unknown,,2,,2,
一邊月半邊三,龍千玉,台語,,4,,7,
一金甲,周杰倫,國語,,566,,2,
一針一線,邱芸子,台語,,9,,5,
一錯再錯,,華語,69,,,,
一錯再錯,李明翰,國語,,495,,2,
一錯再錯,蔡小虎,台語,,480,,5,
一鍵還原,,華語,64,,,38,
一開始說陪你到老 韓小欠 的人現在他還在嗎,,華語,62,,,,
一間厝,林姍,台語,,464,,5,
一陣冷酸風,成洋,台語,,494,,6,
一陣西北雨,洪榮宏,台語,,0,,6,
一陣風一陣雨,張秀鉚,台語,,6,,7,
一陪我日出,,國語,,562,,3,
一陳,盈潔,台語,,3,,5,
一隹說渚不在乎,,Unknown,,9,,3,
一隻白鴿,小辣椒,國語,,,,,
一隻蝴蝶,安東陽,國語,,9,,9,
一隻鳥仔哮啾啾,,台語,,2,,7,
一雙目調,邱淑君,台語,,442,,5,
一雙筷,吳俊宏淑萍,台語,,594,,8,
一雨,銀霞,國語,,8,,2,
一面鏡,曹雅雯,台語,,440,,5,
一頂眠床兩粒心,傅振輝叩淑君,台語,,8,,8,
一領冷被單,謝沛林,台語,,965,,6,
一領情網,龍十玉,台語,,646,,5,
一領新娘衫,張秀卿,台語,,465,,6,
一領破被單,唐飛,台語,,970,,8,
一領被單,沈文程,台語,,3,,5,
一領鴛鴦被,,台語,,,,,
一顆孤獨的心,,國語,,,,,
一顆屵涙,甄秀珍,國語,,1,,2,
一顆心,羅百吉,國語,5,,,79,
一顆心JAJAM,BO鳳飛飛,國語,,5,,3,
一顆心交給誰,伍思凱,國語,,4,,3,
一顆心住著兩個人裘,海正,國語,,1,,3,
一風,石喬,台語,,9,,8,
一風雨,,國語,,643,,2,
一首情歌,,客語,6,,,51,
一首情歌,阿杜,國語,,981,,2,
一首愛你的歌,陳威(EVON),國語,,1,,3,
一首歌,錢幽蘭,國語,,481,,2,
一首歌兒一個夢,銀霞,國語,,847,,3,
一首沒有明天,黃曉明&系僻,國語,,7,,3,
一首青眷,林宗興,台語,,466,,5,
一髪白百,冷鄭,Unknown,,469,,1,
一鯊+堤曉,,國語,,889,,3,
一鱹米魯,甲子蕙,台語,,764,,5,
一黃玫瑰,柯柯以敏,國語,,5,,2,
一黃色克,梁文音,國語,,57775,,2,
一點光一點亮,光良,國語,5,,,58,
一點心,,國語,,9,,2,
一點鐘聽見你的聲音,羅百吉 搖滾,國語,551,,,61,
一點點,周杰倫,國語,,460,,9,
一點點吾歡,鄧福如,國語,,443,,3,
一路上,,客語,2,,,51,
一切付流水,,客語,3,,,51,
丁嚀鼓勵祝福甄,秀珍,國語,,761,,3,
丁字路口請轉彎,,華語,6779,,,,
丁愛的家鄉,銀霞,國語,,788,,3,
丁憐落魄人葉,璦菱,國語,,1,,3,
丁達爾效應,,華語,6441,,,,
丁香花,唐磊,國語,,572,,2,
七上八下,蔡依林,國語,,454,,2,
七世夫妻,沈雅雯,台語,,2,,8,
七世夫妻,謝宜君,台語,,1,,8,
七世情,王建傑,台語,567,3,,5; 62; 62; 62,
七仔,施文彬,台語,,0,,5,
七仔虧,荒山亮,台語,55956,964,,5; 61; 61; 61,
七分滿,,國語,,599,,1,
七分醉,江志美,台語,,994,,8,
七夕情,詹雅雯,台語,,2,,5,
七夕情,鄭琇月,台語,,849,,5,
七夕愛情故事,段千尋,國語,,497,,3,
七夕雨,陳淑樺,國語,,884,,2,
七天,江志豐,台語,,57553,,5,
七年之癢,,華語,64,,,,
七心香,高凌風,國語,,462,,9,
七忙六慾,李翊君,國語,,439,,2,
七星岩,蔡曉,國語,,7,,9,
七月一號,游鴻明,國語,,2,,2,
七月七日晴,許慧欣,國語,73,,,,
七月的傷,,華語,63,,,39,
七秒艟的記憶,徐孫羽幽,國語,,5,,3,
七秒記憶的魚 梭 謝子淇 ◆,,客語,,,,98,
七美戀歌,余美玲 特魯多,國語,566,,,61,
七老八十,江蕙,台語,,4,,5,
七股七寶,楊欣樺,台語,569,,,68,
七股彼段情,王小玲/黃柏儒,台語,569,,,68,
七股戀情,方順吉魏嘉掩,台語,,44493,,5,
七股海邊的女人,,華語,67,,,,
七色橋,,國語,,3,,2,
七迌人,豪記大,台語,,490,,5,
七逃人的心聲,良一 特魯多,台語,6844,,,,
七逃人的愛,揚哲,台語,,96497,,6,
七逃人的目犀,郭金發,台語,,1,,7,
七逃囝仔,阿弟仔,台語,55469,,,,
七逃無了時,劉燕燕,台語,,3,,6,
七逃無了時,麗娜,台語,,445,,6,
七里香,周杰倫,國語,,,,,
七里香,洪榮宏林為音,台語,,468,,8,
七點五分的飛,陳豪,台語,,5,,7,
万界塵濤,阿爍,台語,,43840,,8,
三,小萍,國語,,3,,1,
三,藍心湄,國語,,3,,2,
三む兩意,張秀卿,台語,,968,,5,
三む兩音,詹雅雯,台語,,7,,5,
三む雨意,黄文星曽煜嘉,台語,,573,,5,
三不五時,于立成,國語,,691,,2,
三世香,詹曼鈴,台語,55767,48962,,5; 61; 61; 61,
三人世界,孫淑媚,台語,,858,,5,
三人的世界,江宏恩/林子娟,台語,558,,,61,
三人的世界,江宏恩林子娟,台語,,57574,,6,
三人遊,方大同,國語,,56694,,2,
三個人的拔河,陶莉萍,國語,,560,,3,
三個人的星糸,呉勇濱,國語,,9,,9,
三個人的晚餐,黃韻玲,國語,75,,,,
三個人的晩餐,黄韻玲,國語,,6,,3,
三個人的電影,,華語,67,,,38,
三個願望,梁文音,國語,,56993,,2,
三八兄弟,浩角翔,台語,,97638,,5,
三八阿芼吹喇,糯米糰,台語,,579,,7,
三冥又一工,陳淑萍,台語,,9,,6,
三分癡七分迷,莊振凱,台語,,43890,,8,
三分鐘熱度,張文綺,台語,,444,,6,
三十歲,,台語,,,,95,
三十歲,孫浩雨,國語,,884,,9,
三十男人心,剛澤斌,國語,5,,,47,
三千三萬黑頁,韓寶儀,台語,,6,,7,
三千個月亮,,國語,,,,95,
三口一口,龍千玉,台語,,4,,5,
三口組,翁立友乖政雄,台語,,574,,5,
三吋心,吳俊宏,台語,,57697,,5,
三咅的時,呂雯,國語,,495,,3,
三國,,華語,57,,,,
三國誌,黃三元,台語,,7,,5,
三大記律八項注咅,,國語,,694,,3,
三天兩夜,張學友,國語,,2,,2,
三字經一句話,黃三元,台語,67,,,,
三季戀歌,,台語,,,,,
三寸天堂,嚴藝丹,國語,,577,,2,
三年三月到九天,夜黄鶯鶯,國語,,5,,3,
三年前的我,葉敗田,台語,,3,,6,
三年後的我,葉敗田,台語,,2,,6,
三年情七分愛,,華語,95,,,,
三年感情,,華語,77,,,,
三年的大特,陳一郎,台語,,2,,6,
三年的愛忙,陳雷,台語,,3,,6,
三年的戚情,陳思安,台語,,462,,8,
三年的舊情,洪榮宏,台語,,8,,6,
三心二意,藍心湄,國語,576,,,58,
三暝三日,夬示憲,台語,,5,,5,
三暝三日,賴信宏,台語,4,,,60,
三暝三日寫三字,林秀綾,台語,554,,,98,
三更,,台語,,,,,
三更半暝,侯美儀,台語,8439,446,,70; 70; 70; 5,
三更暝半,截梅君,台語,,863,,5,
三更淚,曾玉英,台語,1,54463,,5; 69; 69; 69,
三更雨,蔡小虎,台語,,6,,5,
三更雨,陳小雲,台語,,767,,5,
三月,鳳娘/李霖,台語,551,,,90,
三月天,謝莉婷,台語,,94856,,5,
三月清風吹,,國語,6396,,,38,
三月雪,柔均,台語,553,6,,00; 00; 00; 5,
三月風四月雨,張瀛仁,台語,,493,,7,
三朵花,張琍敏,國語,,771,,2,
三桃調,劉福助,台語,,980,,5,
三次情,張瀛仁,台語,,496,,5,
三步做兩步,方怡萍,台語,,4,,6,
三步情,林俊吉戴梅君,台語,,8,,8,
三歩味涙,黄西田,台語,,0,,5,
三生三世,,國語,,598,,1,
三生再三世,張瑩瑩,華語,,,,61,
三生煙火,,國語,,46398,,1,
三生石,李明洋朱海君,台語,,565,,5,
三生石頂,洪榮宏,台語,,3,,8,
三生緣,,台語,,,,,
三生緣,方瑞娥,台語,,598,,5,
三百六十五夜,白冰冰,台語,55578,458,,61; 61; 61; 7,
三百六十五里,文章,國語,,789,,3,
三碗豬聊,張文綺,台語,,446,,5,
三秒鐘,陳慧琳,國語,3953,8,,; ; ; 2,
三笑姻緣,鄧麗君,國語,,781,,2,
三籓市,火星熊,國語,,972,,2,
三線路,邱蘭芬,台語,,7,,5,
三缺浪人,林玉峰,台語,,98540,,8,
三聲再無奈,邵大倫,台語,,4,,6,
三聲無奈,,台語,,6,,5,
三股之歌,魏嘉揄,台語,,599,,5,
三萬夹尺,迪克牛孒,國語,,8,,2,
三藩市,火星熊,國語,5,,,61,
三號碼頭,高向鵬林雅婷,台語,,0,,8,
三行情書,,華語,69,,,,
三角戀,傅振輝千玉,台語,,9,,5,
三角湧之戀,森森,台語,8,54777,,64; 64; 6; 64,
三角關係,沈芳如,國語,5,758,,63; 63; 63; 2,
三貂嶺戀情,,華語,87,,,; ; ; ,
三輪車,蒲庭龍,台語,,762,,5,
三點四分五十二秒,,華語,64,,,,
上一分艟下一分艟姚,黛珒,國語,,8,,3,
上上籤,周華健,國語,,4,,2,
上上籤,斯琴高,國語,,49670,,2,
上元的古燈,方瑞娥,台語,,495,,6,
上北火車,蔡小虎,台語,,44452,,5,
上天眷顧,彭佳慧,國語,,3,,2,
上山崗,,國語,,5,,2,
上山崗,張琍敏,國語,,9,,2,
上山落海,,國語,,,,94,
上岸,龍千玉,台語,,650,,5,
上崎唔得半崎坐,,客語,1,,,51,
上帝也哭泣,王傑,國語,,8,,3,
上帝創造女人,劉徳華,國語,,9,,3,
上帝創造女人,劉德華,國語,500,,,44,
上帝救我,伊能靜,國語,,57393,,2,
上帝救救我,在佰,國語,,9,,3,
上帝的卦助,江美琪,國語,,2,,3,
上弦月,許志安,國語,,7,,2,
上愛唱的歌,,台語,,579,,6,
上愛唱的歌,陶吉吉,台語,,96676,,6,
上愛的人,洪榮宏,台語,,573,,5,
上水的花,蕭煌奇,台語,,2,,5,
上海一九四三,周杰倫,國語,5,,,,
上海之戀,張燕清卑淑萍,台語,,57848,,5,
上海假期,江蕙,台語,75,3,,49; 49; 49; 5,
上海灘,葉麗儀,國語,,8,,2,
上緊發條,藍心湄,國語,,4,,2,
上美ㄟ一首歌,陳雷,台語,,678,,7,
上美ㄟ一首歌,陳雷 特魯多,台語,568,,,64,
上美的春天,陳雷.楊靜,台語,6880,,,,
上驚,林淑容,台語,,989,,5,
下一個,,華語,60,,,,
下一個冬夏,徐溢,華語,57488,,,66,
下一個天亮,郭靜,國語,,565,,3,
下一個心願,,國語,,467,,3,
下一個春,,華語,6738,,,38,
下一個男人也許,亻更,國語,,0,,3,
下一個街角,趙婭文,國語,,3,,1,
下一個街角,趙婭文,華語,57551,,,68,
下一吹愛情來的,蔡健雅,國語,,5,,3,
下一枝匕,陳小春,國語,,6,,3,
下一欠微笑,楊丞琳,國語,,777,,3,
下一次哭,,華語,69,,,,
下一次愛情來的時候,蔡健雅,國語,589,,,44,
下一次戀、愛,",蕭亞軒,國語,,9,,3,
下一次雍抱,朱俐靜,國語,,58461,,3,
下一秒,,華語,61,,,,
下一站再愛祢,郭美美,國語,,396,,3,
下一頁的我,王心凌,國語,,4,,3,
下下沙沙,游鴻鸿明,國語,,1,,2,
下個星期去英,陳陭貞,國語,,681,,3,
下個街角,蕭煌奇,國語,,865,,9,
下午的一齣戲,江蕙,台語,,442,,7,
下單子,玖壹壹,國語,,465,,9,
下單子你還是我,的女,國語,,495,,3,
下墜,,華語,6569,,,,
下完這場雨,后弦,國語,,592,,9,
下定決心忘記,正雲,國語,,596,,9,
下山,,華語,62,,,,
下次如果離開,阿杜,國語,,786,,3,
下毒手,鄧詠家,台語,,43982,,8,
下沙,游鴻明,國語,38,,,,
下港兄,楊小萍,台語,,869,,8,
下輩子不要做情人,毛泓豔,華語,575,,,61,
下輩子不要再遇,你艾歌,國語,,550,,3,
下輩子也要找到你,,台語,,,,00,
下輩子依然愛你,,台語,,,,,
下輩子依然愛你,欣張,國語,,880,,9,
下輩子別再讓我遇見你(DJ浩然版) Techno 侯澤潤 ★,,華語,60,,,,
下輩子如果我還,記得,國語,,569,,3,
下輩子你還愛我喝常,健鴻,國語,,683,,3,
下輩子活成想要,,華語,68,,,,
下輩子還要和你 小高哥 成個家,,華語,6697,,,,
下雨天,GOGO&MEME,國語,,,,2,
下雨天,董育君,台語,,4,,5,
下雨的夜晚,蘇打錄,國語,,45495,,3,
下雨雨,李宇春,國語,,685,,2,
下雪邊界,張信哲,國語,,2,,2,
不,鄧麗君,國語,,477,,2,
不、永遠遠,陳凱欣葉諾忄,台語,,4,,8,
不一定,戴佩妮,國語,,3,,2,
不一樣,高凌風,國語,,8,,2,
不一樣又怎樣,蔡依林,國語,,468,,3,
不一樣的地方,何潔,國語,,689,,3,
不一樣的女孩,方文琳,國語,,3,,3,
不一樣的愛,羅美玲,國語,,456,,3,
不一樣的朋友,亂彈,國語,,3,,3,
不不可可以説說,曽慶瑜,國語,,4,,2,
不不過過問問,郭釆潔,國語,,574,,2,
不了情,蔡琴,國語,,780,,2,
不亻像你,張宇,國語,,9,,2,
不作單身漢,周俊偉,國語,,1,,3,
不作歹命子 慢迪斯可 歌曲 ◆ 田易佳,,台語,,,,,
不倘擱傷我的,楊宗憲,台語,,5,,7,
不值得再去等待,,國語,,,,,
不做你共同好友,,華語,64,,,,
不做壞人很久了,陳威全,國語,,0,,3,
不做你的愛人,張信哲,國語,,4,,3,
不停的陀螺,蔡小虎,台語,,958,,6,
不偽装的温杀,藍心淵,國語,,3,,3,
不傷心,楊靜,台語,,467,,8,
不傷成情,林佳儀,國語,,9,,2,
不免丐,羅時豐,台語,,575,,5,
不免傷心來奉,王識賢,台語,,577,,7,
不免傷心來奉陪,王識賢,台語,558,,,61,
不免咒詛,方琪,台語,,494,,5,
不免你抱歉,向蕙玲,台語,,765,,6,
不免怨天,唐華,台語,,49389,,5,
不免想我,詹雅雯,台語,,7,,5; 5; 8,
不免講這多,林沐華,台語,,957,,6,
不公平,Jenny Yang,國語,3857,,,,
不公平,Jenny&Yang,國語,,5,,2,
不具名的悲傷,羅志祥,國語,,57554,,3,
不再,陳乃榮,國語,,569,,2,
不再去愛誰,郎軍,國語,,967,,3,
不再哭泣,迪斯可,國語,,,,61,
不再回頭,江音,國語,,6,,2,
不再寂寞,蔡淑娟,國語,,781,,2,
不再怕寂寞,曽沛慈,國語,,954,,9,
不再想他,甄秀珍,國語,,7,,2,
不再想你,西卿,台語,,966,,5,
不再擁有,方季惟,國語,,0,,2,
不再是朋友,古巨基,國語,549,,,41,
不再有你,棠星琪 搖滾,國語,546,,,61,
不再流浪,曹西平,國語,,4,,2,
不再癡心等你,童欣,國語,,576,,3,
不再相信愛情了,,華語,,,,,
不再碰感情,,華語,6849,,,,
不再等候的姑娘,,華語,63,,,,
不再等待天堂,曾淑勤,國語,39,,,,
不再聯繋,夏天Alex/*,國語,,444,,2,
不再聯繫,,國語,,9,,1,
不再聯繫,程響,華語,57568,,,65,
不再難過,林智惠,國語,,542,,2,
不冫講的代艹,銀河科,台語,,496,,7,
不准哭,同恩,國語,49,,,,
不准哭,張嘉杰,國語,,6,,2,
不切切,小辣椒,台語,,491,,5,
不到最後不放手,誓言,國語,,8,,3,
不及,,華語,66,,,,
不可再痴迷,林玉峰,台語,,9,,6,
不可忘己,謝雷,台語,,4,,5,
不可思議,詹曼鈴,台語,55765,48960,,5; 61; 61; 61,
不可抗力,,華語,65,,,,
不可收拾,庚澄慶,國語,,3,,2,
不可能忘記,范逸臣,國語,,6,,3,
不可能錯過你,王力宏,國語,45,,,,
不可能錯過你,王力宏,國語,,3,,3,
不可靠,白冰冰,國語,,5,,2,
不同,孫燕姿,國語,,387,,2,
不同,蘇有朋,國語,,9,,2,
不同的月娘,吳淑敏,台語,557,,,88,
不同的月娘,呉淑敏,台語,,566,,6,
不哭,,華語,,,,00,
不哭,林曉培,國語,4565,,,,
不哭,王心凌,國語,,392,,2,
不哭了,BY2,國語,,8,,2,
不噟,楊欣樺,台語,,469,,8,
不回頭不挽留,,華語,6845,,,,
不回頭的逃兵,李翊君,國語,,9,,3,
不夜城,張克帆,國語,,2,,2,
不夠勇敢,VJ,國語,39,,,,
不如,,華語,62,,,,
不如不見,,華語,65,,,,
不如不見,李行亮,國語,,6,,2,
不如市熟識,龍千玉,台語,,2,,6,
不如早點分離,尤雅,國語,,5,,3,
不如歸去,孫情,國語,,4,,2,
不如死在二十那年 House 王佳音,,華語,6592,,,,
不如睡覺,宇兒,華語,570,,,61,
不如跳舞,陳慧琳,國語,,0,,2,
不存在的情人,林俊傑,國語,,575,,3,
不安,,華語,64,,,,
不安,莊心妍,國語,,748,,1,
不安,莊心妍,華語,57590,,,63,
不安请爭,A.D,國語,,8,,2,
不完美,李玖哲,國語,,567,,2,
不完美小孩,TFBOYS,國語,,754,,3,
不容易,燕子/謝鳴,台語,0,,,66,
不容易,謝鸣,台語,,542,,5,
不富也鎮宅 梭 ★ 洛先生,,華語,67,,,,
不將就,李榮浩,國語,,6,,2,
不對時的愛,林俊彦,台語,,495,,6,
不小心愛上你,李濮昭,國語,,76769,,3,
不小心愛著你,孫淑媚,台語,55991,,,61,
不小心愛著你小,孫淑媚,台語,,690,,7,
不小心犯的錯,鄭源,國語,,483,,3,
不就,,華語,64,,,,
不屑,黃鴻升,國語,,569,,2,
不屑紀念,吳克群,國語,547,,,51,
不屑紀念,呉克群,國語,,1,,2,
不差錢,孫輝,國語,,689,,2,
不差錢,孫輝 吉力巴,華語,571,,,61,
不平凡的愛,方瑞娥,台語,,777,,6,
不幸的代誌覓造成,林郁芳,台語,,686,,7,
不強求不挽留,,華語,6446,,,,
不後悔,余帝,國語,552,,,52,
不後悔,張學友,國語,,6,,2,
不得不愛,潘瑋柏.弦子,國語,40,,,,
不得了,劉家昌,國語,,8,,2,
不得己,李明洋,台語,,594,,8,
不得已,,台語,,,,,
不得已,沈美玉,台語,2,54774,,5; 64; 64; 64,
不必勉強,齊秦,國語,,5,,2,
不必在乎我是誰,林憶蓮,國語,3800,0,,; ; ; 3,
不必太在意,藍心湄&,國語,,4,,3,
不必記得我,吳訊,國語,,,,60,
不忍心,黃小琥,國語,,468,,9,
不忍心開口說,,華語,6596,,,,
不忘,,台語,66,,,,
不快樂,曾靜玟,國語,,57475,,2,
不怎樣,,台語,,,,95,
不怕,,台語,,,,95,
不怕不怕,美美,國語,48,,,,
不怕你不愛我,黎明,國語,,4,,3,
不怕怕不不怕怕,郭美美,國語,,2,,2,
不急不急,北原山貓,國語,586,,,63,
不急急不不急,北原山,國語,,7,,2,
不怨情深 奈何緣淺,張津滌/司徒蘭芳,華語,576,,,66,
不恨,高佳群,台語,,874,,8,
不情不願,何方,國語,,8,,2,
不想,,華語,62,,,,
不想亻,江蕙,台語,,3,,5,
不想亻,謝金燕,台語,,648,,5,
不想作決定,莊心妍,國語,,5,,9,
不想你,謝金燕,台語,87,,,64,
不想你也難,張清芳,國語,,2,,3,
不想哭一,郎軍,國語,,861,,9,
不想回家,,華語,67,,,39,
不想失去你,張學友,國語,545,,,61,
不想想太多,蘇慧倫,國語,45,687,,; ; ; 3,
不想憧得,張留涵,國語,,56454,,2,
不想懂得,張韶涵,國語,5,,,,
不想戀愛了,楊林,國語,,1,,3,
不想有遺憾,郭靜,國語,,587,,3,
不想納税,施文彬,台語,,96855,,5,
不想要了,,華語,60,,,,
不想說太多,,華語,63,,,,
不想讓你愛,陳崴,國語,,383,,3,
不想讓你知道,周蕙,國語,5,,,,
不想讓你知道,周蕙,國語,,9,,3,
不惹紅塵,陳紹南,國語,,0,,2,
不愛了,大台風樂團,國語,,,,60,
不愛你,阿爆/Brandy,國語,590,,,46,
不愛你了,李玟,國語,38,,,,
不愛別的,蔡日軒,國語,,574,,2,
不愛又何必糾纏 Hip-Hop ★ 易自豪,,華語,64,,,,
不愛我乎'我離,詹曼鈴,台語,,3,,7,
不愛我乎我離開,詹曼鈴,台語,567,,,62,
不愛我就別傷害 葉筱萱.亞喃 我,,華語,69,,,,
不愛我就直說,,華語,63,,,,
不愛我放了我,許茹芸,國語,,481,,3,
不愛我的畫面,吳宗憲,國語,5,,,,
不愛最大,張清芳,國語,,2,,2,
不愛英雄,秦揚,台語,,4,,5,
不愛請閃開,蕭亞軒,國語,,4,,3,
不愛跳舞,謝霆鋒,國語,,5,,2,
不憧寂寞,羅美玲,國語,,8,,2,
不憧愛的人,潘美辰,國語,,3,,3,
不憧温柔,李克勤,國語,,6,,2,
不憧珍惜,夏筱晴,國語,,451,,2,
不懂,,台語,,,,97,
不懂,于台煙,國語,581,,,91,
不應一亥,沈文程,台語,,2,,5,
不應該,郭好筠,台語,,2,,8,
不應該 特魯多 沈建豪 ◆,,台語,,,,,
不應該勇敢,蘇盈之,國語,,57851,,3,
不應該愛到你,董育君,台語,,497,,7,
不應該愛你,蔡小虎,台語,,564,,6,
不應該有的愛,方瑞娥,台語,,6,,7,
不應該的夂,蔡宜蓁,台語,,498,,6,
不打擾 中板靈魂樂 ★ 夏婉安,,華語,61,,,,
不拜我羨墓你,陳慧琳,國語,,2,,3,
不按牌理出牌,魔幻力量,國語,,57476,,3,
不搖晃,,華語,6568,,,,
不搭,李榮浩,國語,,464,,2,
不敗,吳建豪,國語,,57678,,2,
不敗的戀人,徐若瑄,國語,,6,,3,
不敢,,華語,60,,,39,
不敢,梁靜茹,國語,,56882,,2,
不敢SayGood-ByeGood-Bye,陳中,台語,,6,,6,
不敢亡,鄭君威,台語,,595,,5,
不敢告訴你,…揚小萍,國語,,859,,3,
不敢哭,梁心頤,國語,,9,,2,
不敢哭出聲,張秀玲,台語,,494,,6,
不敢哭出聲,陳隨意,台語,,595,,8,
不敢哭出聲潘,越雲,台語,,7,,6,
不敢問自己,。鳳飛飛,國語,,496,,3,
不敢愛,鄧靈,華語,574,,,61,
不敢愛你,,華語,64,,,,
不敢愛你,陳黎明,國語,,3,,2,
不敢愛的你戴,梅君,台語,,739,,6,
不敢把淚流,余天,國語,,5,,3,
不敢提及,,華語,6867,,,,
不敢期望,,華語,65,,,,
不敢照鏡,孫淑媚,台語,,1,,5,
不敢相,王祖賢,國語,,8,,2,
不敢講話,謝金燕,台語,,965,,5,
不斷跳舞,黄立行,國語,,3,,2,
不是不可以,,華語,,,,,
不是不想,,台語,,,,44,
不是不想念,這位太,國語,,680,,3,
不是不愛,朱海君,台語,,475,,8,
不是不愛你,周蓬霖,國語,,464,,3,
不是不愛你了,樊凡,國語,,8,,3,
不是不愛你,陳志明,台語,,7,,6,
不是你不夠好,,華語,6848,,,,
不是你的錯,丁噹,國語,,57594,,3,
不是偶然,尤雅,國語,,7,,9,
不是分離時候,高勝美,國語,,499,,3,
不是刺骨的冬,,華語,6693,,,38,
不是因為寂寞才,想你,國語,,57757,,3,
不是因為寂寞才想你,沈丹丹,國語,,4,,1,
不是失敗的脚歩聲,林少興,台語,,498,,7,
不是好野人,高向鵬方瑞,台語,,56847,,6,
不是愛糊塗,林美惠,台語,,763,,6,
不是我不愛你,王羽澤,國語,,49799,,3,
不是我對你無,韓寶儀,台語,,679,,7,
不是我無情,蔡小虎,台語,,3,,6,
不是我騙你,台冰冰,台語,,3,,6,
不是所有人都會值得等,,華語,67,,,,
不是晋通的笨,童安格,國語,,8,,3,
不是每個戀曲都有,美好,國語,,7,,3,
不是真的愛我,孫燕姿,國語,5,9,,45; 45; 45; 3,
不是萍水不相逢,陳瑞/趙鑫,華語,576,,,66,
不是萍水不相逢,陳趙本,國語,,6,,1,
不是藉口的藉口,呂雯,國語,,495,,3,
不是阮無愛,張小玲,台語,,938,,8,
不是非愛不可,,華語,67,,,,
不曽説愛你,羅時豐,台語,,573,,6,
不曾愛過我,林子娟,台語,55900,,,61,
不會再有的錯,李翊君,國語,,6,,3,
不會再讓你哭,祁隆,國語,,888,,9,
不會再讓你哭,祁隆,華語,57447,,,61,
不會分手,潘寶新,國語,,553,,2,
不會分離,光良,國語,576,565,,80; 80; 80; 2,
不會告訁你,陳瑞,國語,,6,,9,
不會太久,江美琪,國語,,860,,9,
不會是朋友,劉依純,國語,,467,,3,
不會消失的夜晩,信樂團信言,國語,,48455,,3,
不會痛的不叫愛,吳克群,國語,,464,,9,
不會讓你看見我,流淚,國語,,688,,3,
不期而遇,梁文音,國語,,597,,9,
不棄不離,丁于,國語,,455,,2,
不棄不離,丁于,華語,572,,,61,
不歸人,,客語,60,,,,
不歸人,少命,國語,,464,,1,
不歸路,迪克牛,國語,,384,,2,
不海的執著,,國語,,5,,3,
不淮哭,同恩,國語,,56546,,2,
不滅的愛,譚詠麟,國語,,0,,2,
不為人知,,華語,6580,,,,
不為誰而作的歌,林俊傑,國語,,7,,3,
不然你要我怎麼,陳奕迅,國語,,946,,9,
不然你要我怎麼樣,陳奕迅,國語,39,,,,
不甘,,華語,67,,,,
不甘,戴挴君,台語,,6,,5,
不甘也著放,劉育綾,台語,87,,,64,
不甘你的目屎,辦桌阿,台語,,95461,,7,
不甘妳哭,羅時豐張秀卿,台語,,48886,,5,
不甘寂寞,孫露,國語,,463,,9,
不甘寂寞,張宇,國語,,9,,2,
不甘你醉,余天龍謝萂婷,台語,,44673,,5,
不甘心,,華語,65,,,,
不甘心不放手,動力火,國語,,6,,3,
不甘忘記你的,沈芳如,台語,,0,,7,
不甘忘記你的名,沈芳如,台語,564,,,61,
不甘放手,辯棠二人組,台語,,443,,5,
不甘示弱,白小白,華語,,,,61,
不用人陪,劉德華,國語,578,,,58,
不用抱歉,,華語,6699,,,,
不用擔心,柯有綸,國語,595,485,,91; 91; 91; 2,
不由自己,南台灣忄姑娘,台語,,8,,5,
不留痕跡,韓信,國語,,495,,2,
不當爛好人 秋天的紅葉不過冬,,華語,6591,,,,
不痛,張韶涵,國語,548,,,47,
不痛,樊凡,國語,,5,,2,
不痛,謝金燕,台語,56789,57656,,5; 63; 63; 63,
不痛多好,羅美玲,國語,,1,,40; 40; 40; 2,
不相睡,梁靜茹,國語,,8,,2,
不県我不愛,蘇愛倫,國語,,2,,3,
不眠不歸,,華語,66,,,,
不睡,張惠妹,國語,,490,,2,
不矢,蕭閎仁,台語,,4,,5,
不知,,華語,6593,,,,
不知,向蕙玲,台語,,7,,5,
不知,柔均,台語,553,763,,00; 00; 00; 5,
不知,鄭進一,台語,,56381,,5,
不知戶所措措,優奪李,國語,,5,,2,
不知所措,,華語,62,,,,
不知知好好歹歹,林曉培,國語,,3,,2,
不知誰娶到妳,,台語,,443,,7,
不知道,,華語,,,,98,
不知道方向,小松拓也,國語,,0,,3,
不破不立,,台語,,,,38,
"不穿高跟鞋,",伊雪莉,國語,,9,,3,
不等閒,,華語,6838,,,,
不管,,國語,,,,,
不管你愛誰,張衛健,國語,,8,,3,
不管你是誰,,國語,,5,,3,
不管你是誰,張琍敏,國語,,550,,3,
不管有多苦,那英,國語,,380,,3,
不經意的風,,華語,6846,,,,
不習慣喊痛,陳勢安,國語,,57555,,3,
不老活龍,葉台,國語,,2,,1,
不老的愛,黄思娉呉俊宏,台語,,97660,,5,
不老骨頭,葉復台,國語,,8,,1,
不老骨頭,葉徲台,國語,,4,,1,
不考慮了,黃湘怡,國語,575,,,79,
不耐煩,謝霆鋒,國語,,3,,2,
不能不流淚,洪榮宏,國語,,3,,3,
不能停止愛你,東方快車,國語,3973,,,,
不能停止愛欠,葉瞹菱,國語,,1,,3,
不能停止的思念 搖滾 歌曲,,國語,,,,,
不能再等待,陳奕迅,國語,3962,2,,; ; ; 3,
不能和你分手,趙薇,國語,,1,,3,
不能失去你,,台語,59,,,,
不能承受的戚動,鄭秀文,國語,,5,,3,
不能沒你小,羅時豐,台語,,576,,5,
不能沒有你,徐淳蓁,國語,570,,,61,
不能沒有你,韓信,國語,,68499,,3,
不能沒有你,羅時豐,台語,,690,,6,
不能沒有你,陳冠霖秀蘭瑪,台語,,574,,6,
"不能給你温柔,",李政,國語,,2,,3,
不能説的秘密,周杰倫,國語,,772,,3,
不能講的秘密,翁立友,台語,,56994,,7,
不能跟情人説,咶范珒琪劉若英,國語,,567,,3,
不能開口的愛,,華語,6847,,,,
不脫長衫,,華語,61,,,,
不藥而癒,郭靜,國語,5,56760,,89; 89; 89; 2,
不被愛的天空下起了大雪 House 向思思,,華語,6590,,,,
不被認可的花,,華語,6966,,,,
不要/口丶序夊一點點,陳淑樺,國語,,848,,3,
不要亂摳,北原山貓 森巴,國語,5,,,77,
不要以為,,台語,98,,,,
不要你,,國語,,8,,2,
不要你,張帝,國語,,9,,2,
不要再來傷害我,張振宇,華語,575,,,61,
不要再來傷害我,鄭智化,國語,,8,,3,
不要再心酸,白嘉莉,國語,,4,,3,
不要再欺騙,段千尋,國語,,497,,3,
不要再試探,,華語,61,,,,
不要再說,王建傑,國語,5,,,67,
不要再說你愛我,于台煙,國語,574,870,,62; 9,
不要再說你還交我,冷陳瑞,國語,,848,,9,
不要問,,國語,,461,,1,
不要問我,凌峰,國語,557,,,52,
不要問我分手後,怎麼,國語,,1,,3,
不要問我過的好不好,南方二重唱,國語,594,,,44,
不要在律上吻我,陳齪麗,國語,,770,,3,
不要在我寂寞的時,候說,國語,,638,,3,
不要在我的傷口,撒鹽,國語,,5,,3,
不要在臉上流下,眼淚,國語,,560,,3,
不要在臉上流下眼淚,羅百吉,國語,568,,,68,
不要在街上吻我,,國語,,5,,3,
不要在街上吻我,薛岳,國語,,575,,3,
不要對他說,張信哲,國語,,3,,3,
不要對我再眖夂.,Adrian&Fu,國語,,56399,,3,
不要對我說,,華語,,,,43,
不要對我說無所謂,祁隆,國語,,4,,9,
不要忘記我愛你,,華語,6445,,,,
不要怕,郭美美,國語,,4,,9,
不要愛上我,溫嵐,國語,,4,,3,
不要打電話給我 梭 ★ 寂悸,,華語,6585,,,,
不要拋棄我,姚蘇蓉,國語,,465,,3,
不要放棄,顧宇,國語,,7,,2,
不要煩惱,,華語,75,,,,
不要給我打分數,郭婷筠,台語,,43964,,8,
不要說給不起的矛,承諾,國語,,2,,3,
不要説走就走,李翊君,國語,,4,,3,
不要讓你知道,郭富城,國語,,7,,3,
不要讓我難過,劉嘉亮,國語,,766,,3,
不要跌倒,,華語,68,,,,
不要輕易說 Bye Bye,江淑娜,國語,39,,,,
不要輕言別離,張済芳,國語,,5,,3,
不要錯過愛,憲羅4,國語,,884,,9,
不要錯過愛,羅心潔/憲明,華語,571,,,68,
不要隨便説BYEBYE,陳淑樺,國語,,4,,3,
不要離我太遠,單行道,華語,570,,,61,
不要驚動愛情,鄭秀文,國語,,3,,3,
不見,楊丞琳,國語,40,639,,; ; ; 2,
不見得,古巨基,國語,,3,,2,
不見見不不散,柯以敏,國語,,446,,2,
"不解釋親吻,",蕭亞軒,國語,,2,,3,
不解風情,山風點,國語,,7,,2,
不記得,,華語,62,,,38,
不許人佔有,鄭中基,國語,,7,,3,
不該,周杰倫,國語,,878,,9,
不該再愛,林郁芳,台語,,8,,5,
不該夂,鄭筑伊,台語,,54465,,5,
不該想念,錢幽蘭,國語,,476,,2,
不該愛,李俊男,華語,579,,,61,
不該愛,鄭筑伊,台語,4,,,60,
不該愛著你,林玉英,台語,,5,,6,
不該擱再愛,沈芳如,台語,55989,,,61,
不該攔再愛,沈芳如,台語,,698,,6,
不該欺騙我的愛,人芭,台語,,4,,7,
不該為你動了情,,華語,62,,,,
不該相遇在秋天,,台語,,,,44,
不該相遇的人,陳黎明,國語,,49797,,3,
不該結求,南拳媽,國語,,56397,,2,
不該認直,潘協慶,國語,,8,,2,
不該認真,潘協慶,國語,596,,,91,
不該讓你走,宇桐非對唱,國語,,687,,3,
不該讓愛你的人流,伍義,國語,,547,,1,
不該讓我哭泣,閃亮三姉外,國語,,4,,3,
不該讓我哭泣,閃亮三姐妹,國語,5,,,61,
不該（DJ德鵬版）,,華語,6844,,,,
不認識你就好了,,華語,6447,,,,
不說,,華語,64,,,,
不說,李榮浩,國語,,591,,9,
不說可惜，不談虧欠 Hip-Hop 迪力.善宇,,華語,67,,,38,
不說後悔,王力宏,國語,580,,,91,
不説再見,S.H.EE,國語,,687,,2,
不説後悔,王力宏,國語,,381,,2,
不談愛情,,國語,,597,,1,
不識好歹,,華語,64,,,,
不變,ivia&吅,國語,,9,,2,
不變的心,,國語,,8,,2,
不變的心,張琍敏,國語,,590,,2,
不變的笑容,黄平洋,國語,,9,,3,
不變的諾言,李玟,國語,,775,,3,
不讓你孤單,,台語,,,,,
不讓你哭,丁于,國語,,495,,2,
不讓你看見我,泣文章,國語,,5,,3,
不讓我的眼淚陪,我過,國語,,5,,3,
不讓眼淚流進記憶,海洋,華語,570,,,61,
不負人不負我,巫敗賢,國語,,8,,3,
不負相思不負君,沐婷,國語,,461,,9,
不走,杜德偉,國語,,9,,2,
不走尋常路,代小波,國語,,685,,3,
不通一直潦落去,唐飛,台語,56555,,,66,
不通一直遼落,唐飛,台語,,494,,7,
不通乎我空等,王建傑,台語,55691,659,,61; 61; 61; 7,
不通乎我等乎我望,詹雅雯,台語,,555,,7,
不通做流氓,蘇錦煌,台語,,447,,6,
不通做黒車,戴梅君,台語,,3,,6,
不通傷阮的心,謝莉婷,台語,,94857,,7,
不通呷燒酒來結親家,蔡雅鈴,台語,,766,,7,
不通呷燒酒來結親戚,蔡亞玲 慢迪斯可,台語,88,,,56,
不通將阮放孑,系淑媚,台語,,6,,6,
不通展你勇甲,劉嘉惠,台語,,6,,7,
不通想計較,蔡亞玲 慢迪斯可,台語,8381,,,74,
不通擱愍舸,,台語,,8,,6,
不通擱愛我這,林添一季慧英,台語,,493,,7,
不通放我塊徘徊,薛麗珠,台語,0,,,65,
不通放阮孤單,陳雷,台語,8444,2,,69; 69; 69; 7,
不通流目犀,蘇錦煌,台語,,7,,6,
不通為我流目屎,陳夏蓮,台語,,43939,,8,
不通犬,戴梅君,台語,,8,,5,
不通相口乂,蔡雅鈴,台語,,767,,6,
不通看人無,張秀玲,台語,,49396,,6,
不通看輕自己,林明興,台語,,9,,7,
不通繼續呆謝,沛琳,台語,,494,,6,
不通耽誤前途,佘帝,台語,,496,,7,
不通衝紅燈,陳雷,台語,,3,,6,
不通袂記ㄟ,林鈺茹,台語,56796,,,63,
不通袂記弋,林鈺茹,台語,,446,,6,
不通認輸,葉啟田,台語,,4,,5,
不通講愍話,錢愛真,台語,,948,,6,
不通辛負我,陳盈潔對唱,台語,,2,,6,
不通這呢呵,蘇錦煌,台語,56798,,,63,
不通這呪呵,蘇錦煌,台語,,582,,6,
不通這呪苛,蘇錦煌,台語,,781,,6,
不通遼落去,飄香香,台語,,647,,6,
不通顧七,唐飛,台語,,490,,5,
不通黒白來,陳志明,台語,,7,,6,
不過人間,,華語,62,,,53,
不過失去了一點點,曾沛慈,國語,,4,,3,
不過少個人人夂,張宇,國語,,3,,3,
不過是你,,華語,69,,,,
不過是你不愛我,趙鑫,國語,,947,,9,
不過是場失戀,勃露斯,華語,57552,,,68,
不過是場失戀,南苡,國語,,3,,1,
不過期的守候 林可昕 ◆,,國語,,,,95,
不遠的情人,關詩敏,國語,,8,,9,
不遺憾了吧 抒情搖滾 ★ 林澤勳,,華語,6994,,,,
不邕説走就走,黄晨富美玲,國語,,6,,3,
不配懷念,,華語,64,,,,
不醉不會,田馥甄,國語,,1,,2,
不醒,堂娜,國語,,383,,2,
不醒夢,張王,國語,,9,,9,
不錯過,,華語,61,,,,
不難,徐佳瑩,國語,,477,,2,
不需要理由,徐若暄,國語,,382,,3,
不願一個人,周華健,國語,,3,,3,
不願乎你娶,林玉英 慢迪斯可,台語,7972,,,54,
不願也不甘,陳怡真,台語,,972,,6,
不願來忍輸,艾莉,台語,,43888,,8,
不願兩頭飛,余帝,台語,,953,,6,
不願意的擁抱,雅蜂,國語,,49771,,3,
不願愛清甲人分,王瑞霞,台語,,6,,7,
不願放你走,李茂山,台語,,7,,6,
不願放開你的手,羅時豐,台語,63,,,,
不願為你,陳慧琳,國語,,6,,2,
不願為情來拖朮,石喬,台語,,858,,8,
不願相信,沈芳如,台語,569,887,,65; 65; 65; 8; 8,
不願認翰,蔡義徳,台語,,96756,,5,
不願長醉,姜育恆,國語,,386,,2,
不願離開你的愛,,國語,00,,,,
不顧一切,張惠妹,國語,38,,,,
不顧一切,彭佳慧,國語,,387,,2,
不顧一切,林志穎,國語,,8,,2,
不顧一切,王識賢,台語,,480,,5,
不顧一切來愛你,鸞=,台語,,9,,7,
不驚一忙第,王彩樺,台語,,94852,,6,
不驚歹環境,,台語,01,,,51,
不驚歹環境,朱珊妙,台語,,9,,8,
不驚等歸年,黃乙玲,台語,56982,,,69,
不驚等歸年,黄乙玲,台語,,44446,,6,
不驚行忙亠,王彩樺,台語,,578,,6,
丏思念氵巟氵尚,王歡,國語,,739,,2,
丑角,曹格,國語,,572,,2,
且揮長劍,,華語,6845,,,38,
且行且珍惜,張信哲,國語,,1,,3,
世上無非兩件事,,華語,6638,,,,
世事一夕變化,劉家昌,國語,,4,,9,
世事多演變陳,明仁,台語,,656,,6,
世事多變,郭婷筠,台語,,87983,,6,
世事多變,陳亞蘭,台語,,3,,6,
世問事,高向鵬方咄娥,台語,,574,,5,
世問情,周育嬋,台語,,948,,5,
世外桃源,許雅捷,台語,,545,,6,
世情啊,蔡一州,台語,,991,,8,
世態炎涼,,華語,67,,,,
世界以痛吻我,,華語,67,,,,
世界只有我們,黃立行,國語,,8,,3,
世界唯一的你,曹格,國語,,566,,3,
世界多美麗,魏素貞 特魯多,國語,5,,,64,
世界就是這麼好,四大天王,國語,541,,,66,
世界是個圓圈,麥瑋婷,國語,,393,,3,
世界末日,S.B.D.W,國語,5,,,39,
世界末日,信樂團,國語,5,,,61,
世界末日,高慧君,國語,,7,,2,
世界第一勇,呉蕙君,台語,,467,,8,
世界第一名,林俊古,台語,,5,,6,
世界這麼大還是遇,,華語,69,,,,
世界遺忘了我,孫豪,國語,,394,,3,
世界阿數瑟,,華語,6564,,,39,
世説心語,孫燕妻,國語,,574,,2,
世間,蔡秋鳳,台語,,5,,5,
世間,鄭進一,台語,60,0,,; ; ; 5,
世間,黄思嬶,國語,,469,,2,
世間一日情海一年,陳盈潔,台語,,384,,7,
世間人,高向鵬方瑞娥,台語,,4,,5,
世間人心,,客語,881,,,51,
世間人心太假,,華語,67,,,,
世間人的心,謝宜君,台語,,96573,,6,
世間仙,廖峻陳亞蘭,台語,,8,,5,
世間後生人,,客語,2,,,51,
世間情,王尚宏,台語,,2,,5,
世間情,郭桂彬昔乙玲,台語,,994,,5,
世間情路,,台語,,,,,
世間情路,邱賢桂邱芸子,台語,,988,,8,
世間愛,傅振輝,台語,56659,,,67,
世間愛,傳振輝,台語,,961,,5,
世間愛,傳振輝高向鵬,台語,,447,,5,
世間愛,豪記人,台語,,4,,5,
世間活菩薩,七郎 特魯多,台語,56650,,,67,
世間男女,翁立友,台語,,2,,6,
世間的美麗,黃乙玲,台語,565,,,61,
世間的舞台,蔡小虎年秀卿,台語,,575,,6,
世間米,蔡義億,台語,,577,,5,
世間纏綿,張齺哲,國語,,3,,2,
世間路,呉奇隆,台語,,3,,5,
世間路,蔡小虎龍千玉,台語,,9,,5,
丟,陳小春,國語,,5,,2,
丟了幸福的豬,姜玉陽,國語,,49956,,3,
丟了幸福的豬,姜玉陽,華語,570,,,61,
严严煙雨,高凌風,國語,,8,,3,
严子,阿錡,台語,,494,,5,
严定望夫崖,高勝美,國語,,961,,3,
並非美麗才放棄,任健耀,華語,571,,,61,
丨2永遠不同,曾心梅,台語,,2,,6,
丨6噢莎萂,,國語,,3,,2,
丨6酉醉紅顏,冷漠,國語,,450,,2,
丨7査某人的心事,董育君簡辰凌,台語,,097,,7,
丨7青紅燈下的戀,李秀蘭,台語,,0,,7,
丨9用力愛,李琳,國語,,499,,2,
丨あい乚てぬ我愛,謝金燕,台語,,392,,7,
丨一顆心的距離,范珒琪,國語,,565,,3,
丨下港的風,王建傑,台語,,7,,5,
丨不免騙我,詹雅霙,台語,,0,,5,
丨不通天光,阿吉仔昔小菁,台語,,495,,5,
丨不顧一切,黄乙玲,台語,,9,,5,
丨五嬌娃,鳳飛飛,國語,,492,,2,
丨今生的夢,張燕清,台語,,0,,5,
丨以後以後,林芯儀,國語,,465,,9,
丨你甘會知,邱賢桂,台語,,466,,8,
丨例外,黃靖紘,國語,,0,,2,
丨兩難,柯以敏,國語,,396,,2,
丨再戰英雄路,荒山亮,台語,,950,,6,
丨再會啦再會,蔡小虎黃思婷,台語,,5,,6,
丨冷月照孤單,伍浩哲,台語,,5,,6,
丨出頭的日子,人衛,台語,,7,,8,
丨南國的賣花姑,文夏,台語,,9,,7,
丨原人,誓言,國語,,48492,,2,
丨又擱是黯淡的,俞隆華,台語,,76592,,7,
丨叫您第一名,孫小喬,台語,,476,,8,
丨含慢子,陳隨意,台語,,44600,,5,
丨問世間,高向鵬,台語,,562,,5,
丨問籤詩,戴梅君,台語,,7,,5,
丨天生自然,曹西平龍千玉,台語,,594,,8,
丨失約,王玲,台語,,6,,5,
丨女人花,張瀛仁,台語,,9,,8,
丨對待你的愛,張秀卿,台語,,900,,8,
丨尚愍的人,楊宗憲,台語,,7,,6,
丨尚愛的人,蔡一州,台語,,1,,8,
丨尚愛的人,龍千玉,台語,,490,,6,
丨年輕美姑娘,洪榮宏,台語,,8,,6,
丨心對佗去,孫淑媚,台語,,5,,5,
丨怎麼忍心放開,山野,國語,,2,,3,
丨情人淚,羅時豐秀卿,台語,,572,,5,
丨情路作流氓,羅文聰,台語,,9,,6,
丨愛著無法度,張文綺,台語,,447,,6,
丨懷念媽媽,唐飛,台語,,492,,6,
丨我放開你的手,江志豐,台語,,447,,7,
丨放開的是我,王中平徐芷頑,台語,,5,,6,
丨星星知我心,方文琳,台語,,560,,6,
丨是友情是愛情,杜忻恬feat.,台語,,98000,,8,
丨望故鄉,蔡秋鳳,台語,,965,,5,
丨森林傳説,芭比,國語,,692,,2,
丨歡宍時光,張琍敏,國語,,8,,3,
丨永遠攏同款,向蕙玲,台語,,767,,6,
丨流浪黒狗兄,王建傑,台語,,898,,6,
丨淚的衣裳,姚蘇蓉,國語,,698,,2,
丨源點,5566,國語,,6,,2,
丨溫柔的歹子,阿黒,台語,,4,,6,
丨滴滴目屎為了,簡美雀,台語,,946,,7,
丨火柴天堂,齊秦,國語,,1,,2,
丨熬攤,唐飛,台語,,49391,,5,
丨生命的鎖匙,詹曼鈴,台語,,46593,,8,
丨用性命愛我,喬幼,台語,,593,,8,
丨男AKTV人KTV,胡彦斌,國語,,565,,2,
丨痴忙港口我等,劉育陵,台語,,2,,7,
丨痴情最後傷自,霈涵,台語,,962,,7,
丨相思未了情,李明洋,台語,,581,,6,
丨真心愛我,顏榮貴,台語,,972,,6,
丨福氣的恰恰,艾莉,台語,,439,,8,
丨花蝶之戀,張瀛仁邱圭,台語,,46697,,8,
丨苦戀記,郭大誠,台語,,7,,5,
丨藏心事,張衛健,國語,,897,,2,
丨虎頭埤之戀,談詩玲,台語,,46998,,8,
丨血依無畏,王定傑,台語,,700,,6,
丨補破夢,王瑞霞,台語,,1,,5,
丨貝多麗,閮美麗,台語,,8,,8,
丨越熱鬧越孤單,許諾,國語,,696,,3,
丨醉心花,朱海君,台語,,8,,8,
丨阿君愛阿娘,黄西田李千慧,台語,,752,,6,
丨陪你同齊老,李明洋方瑞,台語,,691,,6,
丨離不了,秀蘭瑪,國語,,463,,9,
丨靠近我,小龍女,國語,,51,,2,
丨鬧忙緒,梁詠琪,國語,,3,,2,
中你一槍,,華語,63,,,,
中原崇正客家心,,客語,99,,,,
中國一定強,張琪,國語,,4,,3,
中國中國,朱南溪,國語,,985,,2,
中國人,劉德華,國語,55,61,,; ; ; 2,
中國少年,,國語,,985,,2,
中國新娘,江玲,國語,,390,,2,
中國足球,沈志仲,國語,,49747,,2,
中國鮭娃,蔡幸娟,國語,,3,,2,
中場休息,游鴻明,國語,,1,,2,
中場時間,I.n.g,國語,4566,,,,
中山北路行七擺,,台語,,2,,7,
中意他,梁詠琪,國語,,391,,2,
中意你,,華語,6448,,,,
中毒太深,鳳娘,台語,55475,,,,
中毒攻瑰,蕭薔,國語,,3,,2,
中瓶仔,俞隆華,台語,80,,,48,
中的故鄉,邵大倫,台語,,0,,7,
中秋月員時,蘇錦煌,台語,,496,,6,
中秋月員時,蘇錦煌欣諭,台語,,773,,6,
中秋月圓,,華語,42,,,54,
中秋月圓時,蘇錦煌/鄭如涵 特魯多,台語,6982,,,00,
中秋望月圓,邱芸子,台語,,475,,6,
中秋望月圓,邱芸子 特魯多,台語,559,,,93,
中秋的暗暝,,台語,,,,97,
中等美女,剛澤斌,國語,5,,,77,
中等美女,潘美辰,國語,,9,,2,
中範亻,葉啟田,台語,,76442,,5,
中華民國新希望,,客語,94,,,,
中華血兩岸情,大合唱,國語,,,,61,
中醉,李明洋,台語,,571,,5,
中間,梁靜茹,國語,547,6,,95; 95; 95; 2,
中間,陳威全/王藍茵,國語,506,,,39,
中頭彩,吳淑敏,台語,553,,,86,
中頭才,吳淑敏,台語,,564,,5,
中頭才,曾瑋中,台語,,6,,5,
丮卂,范曉萱,國語,,6,,2,
串串回憶,余天,國語,,0,,2,
串串風鈴響,鳳飛飛,國語,,764,,3,
"串起又散落,",姜育恆,國語,,0,,3,
串起毎一刻,張清芳,國語,,638,,3,
串起每一刻,張清芳,國語,83,,,,
丶卜,游麗紅,台語,,94750,,5,
丶宅愛'清,向蕙玲,台語,,443,,6,
丶能想念你,蕭敬騰,國語,,574,,3,
丶茫亡茫相目思夢,蔡秋鳳,台語,,7,,6,
"丷讎,亻花匕",,台語,,5,,5,
丹指日,梁詠琪,國語,,4,,2,
主,,國語,,8,,2,
主不要走,高勝美,國語,,49962,,3,
主事似雲,鳳飛飛,國語,,762,,2,
主事只能回味,,國語,,6,,3,
主事如替,潘秀矎,國語,,973,,2,
主事如目,鳳飛飛,國語,,3,,2,
主事難追憶,鳳飛飛,國語,,76651,,3,
主亻流曰夂,楊偵鈺,台語,,6,,8,
主你恰恰,汪佩蓉,國語,,8,,3,
主問芳名,楊燕,國語,,787,,3,
主宰,大台風,國語,,2,,2,
主宰,大台風樂團/張皓,國語,577,,,61,
主後餘生,馬系,Unknown,,59769,,1,
主情籤,陳聖芬,國語,,398,,2,
主日情懷,楊小萍,國語,,953,,9,
主日的售夢,,國語,,3,,3,
主日的痕跡,,國語,,3,,3,
主深亦甘願,蘇世豪,台語,,757,,6,
主眷,鄔兆邦,台語,,949,,5,
主眷恰恰,康倍馨,台語,,544,,6,
主網,甄妮,國語,,388,,2,
主角,ME2,國語,,490,,2,
主軻仔嫂,張清芳,台語,,3,,6,
主鄧,麗君,國語,,8,,3,
久久愛,尊華,華語,579,,,61,
久別重逢,蘇芮,國語,,380,,2,
久千,姜鵬,國語,,496,,2,
久違的;們,余天,國語,,2,,3,
么冫,劉德華,國語,,56557,,2,
乊罒非,江宏恩,台語,,577,,5,
乍天,費玉清,國語,,8,,2,
乍樣會堪,江蕙,台語,,7,,6,
乎'我照顧,江,台語,,6,,6,
乎'我醉,陳盈潔,台語,,6,,5,
"乎,你自由",白冰冰,台語,,4,,6,
"乎,你走",詹曼鈴,台語,,0,,5,
乎乾,袁小迪,台語,,445,,5,
乎伊走,孫淑媚,台語,,795,,5,
乎你全世界 因為愛你所以嫁給你,,華語,,,,49,
乎你卡如意,沈美玉,台語,458,,,60,
乎你反悔,蘇宥蓉,台語,,788,,8,
乎你好命,黃文昌,台語,,1,,8,
乎你愛,小辣椒,台語,,859,,8,
乎你打敗,鳳娘,台語,558,562,,83; 83; 83; 6,
乎你知,阿弟仔,台語,55470,,,,
乎你走,詹曼鈴,台語,569,,,61,
乎你騙不知,王玲,台語,8991,,,,
乎妳好命,黃千芸,台語,,93862,,8,
乎妳水噹噹,蔡小虎,台語,,5,,6,
乎你騙不知,陳小雲,台語,,98690,,8,
乎你知,阿弟仔,台語,,9,,5,
乎你騙不知,王玲,台語,,2,,6,
乎我卡多,陳秀玲 吉力巴,台語,67,,,,
乎我想看覓,彭桂英 特魯多,台語,9,,,65,
乎我擱惜一擺,洪榮宏,台語,,9,,7,
乎我照顧,江宏恩,台語,55840,,,61,
乎我置這,李,台語,,564,,6,
乎我置這,李嘉,台語,554,,,00,
乎我這孤單,倖奴,台語,,46888,,8,
乎甲己歡喜,方仟翊,台語,,740,,6,
乎醉,李嘉,台語,,2,,5,
乎風吹想要飛,陳淑萍,台語,,9,,7,
乖不乖,楊丞琳,國語,40,655,,; ; ; 2,
乖乖,,華語,,,,,
乖乖,鄧麗君,國語,,885,,2,
乖貓,蔡依林,國語,5,9,,62; 62; 62; 2,
乘各客王,菲,國語,,8,,2,
乘風,王藍茵,國語,5,,,,
乘風破浪,曾瑋中林孟宗,國語,,4699,,1,
乙是你亻,黃偉霖,台語,,98842,,8,
乙望,黃妃,台語,,2,,5,
乙本份,林姍,台語,,988,,8,
乚之戀,戴梅君,台語,,873,,5,
乚開富貴,陳雲唐李秀玉,台語,,54764,,6,
乚間道,王又萱,國語,,548,,2,
九九艷陽天,高如星,國語,,988,,3,
九二一紀念曲,行船人純情曲,台語,,780,,7,
九二一紀念歌,補破網,台語,,779,,7,
九個太陽,齊秦,國語,,5,,2,
九十三公里,,國語,,,,,
九天,林宗興,台語,,467,,5,
九張機,,國語,,749,,1,
九張機,葉炫清,華語,57567,,,63,
九曲橋之戀,歐禮全,台語,,990,,6,
九月雪,風采輪,台語,,43843,,8,
九月颱無人知,張菱,台語,,6,,7,
九百九拾九条攻瑰邵,正宵,國語,,0,,3,
乞丐,,華語,6588,,,,
乞丐擱會弄拐,李秀蘭,台語,,9,,7,
乞食調,陳盈潔,台語,,1,,5,
也不是我不願,林俊彥,台語,,4,,7,
也不是我願意,林俊彥,台語,65,,,,
也午,趙默,國語,,76700,,2,
也可以,悶奕格,國語,,7,,2,
也好,黎明,國語,,382,,2,
也异疋奇蹟,蘇芮,國語,,9,,9,
也愛的人,吳淑敏林美美,台語,,76478,,6,
也是情歌,陳彼得,國語,,383,,2,
也算是奇蹟,蘇芮 吉力巴,國語,4960,,,,
也罷,阿吉仔,台語,,57698,,5,
也訁一天,李曉兵,國語,,790,,3,
也訁我不同,楊林,國語,,384,,3,
也許,,台語,,,,95,
也許,,華語,67,,,,
也許,任健耀,華語,576,,,61,
也許不該認識,阿龍正,國語,,697,,3,
也許也許,余天,國語,550,,,52,
也許你們,,華語,69,,,,
也許愛,=林為音,國語,,463,,9,
也許我不該 Hip-Hop 浩然 H.R,,華語,6656,,,,
也許開始就是個錯誤,王鍵,華語,577,,,61,
也許陽光知道,蓀豪,國語,,390,,3,
也鄉情歌,七郎,台語,,587,,6,
也鄉的路,林俊彥,台語,,496,,6,
也鄉的雨,龍千玉,台語,,652,,6,
习貝亠好,羅志祥,國語,,575,,2,
乾一下,黃西田,台語,,4,,5,
乾一杯,葉啟田,台語,,6,,5,
乾一杯 涂晨洋 ◆,,台語,,,,94,
乾一林來安慰,,台語,,2,,7,
乾啦,甘奇靈,台語,6754,,,,
乾啦乞啦,八三夭任賢齊,國語,,2,,9,
乾妹妹,張震嶽,國語,,9,,2,
乾妹妹妳在那裡,陳玟綺,國語,560,,,00,
乾拜,張蓉蓉,台語,,740,,5,
乾杯,五月天,國語,,57582,,2,
乾杯,康康 洛克,國語,54,,,,
乾杯,曾明莉,台語,,897,,8,
乾杯,陳思安,台語,62,,,,
乾杯再會,馬沙,台語,55598,,,61,
乾杯啦 陳雷 歌曲 ◆,,台語,,,,94,
乾燥花,李明徳,國語,,3,,2,
乾燥花,童安格,國語,,3,,2,
乾脆,那英,國語,,3,,2,
乾脆點,胡彥斌,國語,,3,,9,
亂,陳寶蓮,國語,,541,,2,
亂世問,蕭玉芬,台語,,1,,5,
亂世英雄,周厚光,台語,,8,,6,
亂世遊,,華語,6489,,,39,
亂中秋,,台語,,542,,5,
亂亂亂,張文崎,台語,,577,,5,
亂了,關淑怡,國語,,3,,2,
亂情歌,陳思安,台語,,5,,5,
亂頭鬃,,台語,79,,,00,
亅是阮的心肝,彭莉,台語,,5,,7,
亅路,鄧麗君,國語,,1,,2,
了不起,周俊偉,國語,,6,,2,
了斷,張秀卿,台語,,9,,8,
了斷未了情,陳亞蘭,台語,63,,,,
了無牽掛,毛寧,國語,,57474,,2,
了結,,華語,6942,,,,
了解,陳淑萍,台語,561,0,,5; 61; 61; 61,
事事如意,侯貴美 特魯多,台語,0,,,66,
事到如今,喬幼,台語,,44699,,6,
事到如今,蘇錦煌,台語,56795,,,63,
事到如今,陳小,台語,,1,,6,
事後終,管罄,國語,,6,,2,
二九年華,,國語,,9,,2,
二人的世界,龍安麗,台語,,741,,6,
二個人也會寂,詹曼鈴江宏恩,台語,,470,,7,
二個人也會寂寞,詹曼鈴/江宏恩,台語,55789,,,61,
二八三一四六九,林慶源攫淑慎,台語,,46956,,8,
二八青春,陳怡婷,台語,,445,,5,
二分之一愛,許燕,國語,578,49555,,3; 61; 61; 61,
二分分之之一一的的愛愛情情,小剛,國語,,8,,3,
二十一世紀,凌峰,國語,,853,,3,
二手煙,蔡健雅,國語,544,,,61,
二月三日,鄭中基,國語,,980,,2,
二棧溪之戀,林在福,台語,,546,,6,
二道彩虹,孟庭葦,國語,,386,,3,
亍出一月天憶,晴,台語,,544,,6,
亍出阮生命謝,莉号,台語,,483,,6,
亍善有福報陳,,台語,,5,,6,
亍船人的愛洪,榮宏,台語,,5,,6,
互相坦白,林裕洲/廖麗琴 特魯多,台語,,,,61,
互相鼓勵,李茂山,台語,,0,,5,
五分鐘的愛,林子娟,台語,67,,,,
五匕,曾心梅,台語,,7,,5,
五十年以後,,華語,68,,,53,
五尺以上男子漢,石喬,台語,,872,,8,
五年千歲,李天良廖一郎,台語,,794,,8,
五更酉,黃妃,台語,,661,,5,
五更鼓,佚名,台語,,2,,8,
五月,七郎,台語,,442,,5,
五月,七郎 特魯多,台語,56583,,,66,
五月二十日,陳振雲,華語,571,,,61,
五月亻,吳晉淮,台語,,572,,5,
五月十一彼下埔,沈文程,台語,,4,,7,
五月十三彼下埔 特魯多 高敏裕,,台語,,,,47,
五月情咅,歐陽菲,國語,,9,,2,
五月梅雨,鄭怡萍,台語,7690,,,84,
五月的誕生,蔡琴,國語,,843,,3,
五月的雪,游鴻明,國語,4850,,,,
五月的風,文夏,台語,,1,,5,
五月薔薇花兒開,果霞,國語,,5,,3,
五月雪,,台語,99,,,,
五月雪,,客語,,,,38,
五月雪,鄔兆邦育君,台語,,597,,8,
五湖四海美名揚,甄妮,國語,,883,,3,
五湖四海美名揚,鄭少秋,國語,,394,,3,
五甲媽,,台語,,,,46,
五百次回眸,田躍君,華語,572,,,61,
五花轎,,國語,,392,,2,
五花轎…,楊燕,國語,,962,,2,
亞奴呢,良山,台語,,94792,,5,
亞洲之夜,羅百吉,國語,559,,,68,
亞熱帶,杞宏仁,國語,,9,,2,
亠,高向鵬方,台語,,562,,5,
亠2半點情,唐飛,台語,,492,,5,
亠2紫丁香,張琪,國語,,2,,2,
亠55幸福畐誓言,鹿龍,國語,,5,,2,
亠6半屏月,曽雅晴,台語,,496,,5,
亠6半邊月,辯桌二人組,台語,,56956,,5,
亠6外線,紀宏仁,國語,,9,,2,
亠6紫竹調,江南民,國語,,6,,2,
亠73友情時間,BOK和平組入,國語,,76773,,2,
亠一條腿,陳對,國語,,686,,2,
亠一無懼,戴愛玲,國語,,587,,2,
亠一無有,雇健,國語,,8,,2,
亠一遍遍,宋新媚,國語,,9,,2,
亠喝酒,羅百吉,國語,,738,,2,
亠單眼,楊丞琳,國語,,585,,2,
亠單細,嚴爵,國語,,48442,,2,
亠廂願,段千尋,國語,,497,,2,
亠春子聲,葉敕田方瑞娥,台語,,6,,6,
亠春我甲你,文夏,台語,,069,,6,
亠春曼波,王識賢金,台語,,7,,6,
亠春諂替,張蓉蓉,台語,,56964,,6,
亠春運命,沈文程,台語,,440,,6,
亠春願望,黄思好,台語,,3,,6,
亠無塊回,,台語,,762,,6,
亠無戶,楊克強,國語,,6,,2,
亠男兒,洪一峰,台語,,444,,6,
亠疋你,范珒琪,國語,,748,,2,
亠眷作陣行,黄思婷,台語,,2,,6,
亠眷冒險家,王智君,台語,,441,,6,
亠眷少年家,林儀貞,台語,,473,,6,
亠眷探戈,柔均,台語,,639,,6,
亠眷日記,謝金燕,台語,,3,,6,
亠眷是無價,林子娟,台語,,073,,6,
亠眷會言話,,台語,,3,,6,
亠眷機車隊,黄瑞琪對,台語,,585,,6,
亠眷歹亡亡,台冰冰,台語,,671,,6,
亠眷毛再辟,蔡小虎,台語,,0,,6,
亠眷的戀夢,劉依純,台語,,76569,,6,
亠眷的肉體,林俊吉,台語,,381,,6,
亠眷的馬車,,台語,,587,,6,
亠葉舞秋風,費玉清,國語,,970,,3,
亠變形岡,丁于,國語,,454,,3,
亠讓愛走,林玉英,國語,,777,,3,
亠賣布心聲,呉宗和,台語,,492,,7,
亠金比,杜德偉,國語,,549,,2,
亠霧,吳秀珠,國語,,8,,2,
亡忙苶,洪百慧,台語,,2,,5,
亡憂谷,楊小萍,國語,,676,,2,
"交,",蘇曉芊,台語,,557,,5,
"交,清的Melody",呉淑敏,台語,,9,,6,
交代,秀蘭瑪,台語,,3,,5,
交代,秀蘭瑪雅,台語,8387,,,59,
交你小交甲心痛痛,陳小龍,台語,,57900,,7,
交你三千二百年,王丁姵均,台語,,58871,,8,
交你抹、變心,高向鵬方瑞皺,台語,,7,,6,
交你三千二百年,丁娵均王燦,台語,,438,,8,
交情,,客語,1,,,51,
交情阿莎小力,詹雅雯,台語,,3,,8,
交換,張琍敏,國語,,547,,2,
交杯酒,賴新化/顏月娥,台語,493,,,60,
交殳匱'感,荒山亮,台語,,986,,8,
交蠁夢,蘇打隸,國語,,4,,2,
交錯,李碧華,國語,566,,,67,
产幺糹,陶喆,國語,,569,,2,
京城雪,,華語,66,,,,
京尤.是は這示欠IIIIISIIILISIC1C,蘇世豪,台語,,750,,6,
京解,慕容婕,台語,,761,,8,
亮色人生,王中平/林雨葶,國語,549,,,61,
亮點,大合唱,台語,,386,,8,
人,俞隆華,台語,7695,5,,43; 43; 43; 5,
人,江蕙,台語,6939,3,,48; 48; 48; 5,
人,黎亞,國語,,49655,,2,
人上人,楊淑慎,台語,,543,,5,
人世一遊,,華語,66,,,,
人严味,林俊吉,台語,,1,,5,
人中之龍,劉昱賢,台語,,46793,,8,
人人愛,大對唱,台語,,0,,5,
人作野狗,,華語,69,,,,
人兒不歸,光雅,國語,,6,,2,
人兒不能留,鄧麗君,國語,,1,,3,
人兒不見了,甄妮,國語,,873,,3,
人兒在天涯,楊小萍,國語,,757,,3,
人兒幾時歸,白嘉莉,國語,,4,,3,
人到中年,,客語,8,,,51,
人到老來真冇通,,客語,4,,,51,
人前人後 House 歌曲 ◆ 不靠譜組合,,華語,49,,,,
人去去樓樓空空,張渧芳,國語,,9,,2,
人吃一點氣,傅振輝,台語,56580,880,,65; 65; 6; 65,
人在一昏裡,禹黎朔,國語,,1,,3,
人在世上飄,龐龍,國語,,842,,3,
人在他鄉,羅時豐,台語,,48888,,5,
人在江湖,陳雷,台語,8380,689,,59; 59; 59; 5,
人在雨中,張學友 吉力巴,國語,549,,,80,
人塊做天塊看,,台語,,966,,7,
人好假,許景淳,國語,74,,,,
人客的要求,江蕙,台語,,0,,6,
人工衛星導航,脱拉庫県蔡,國語,,648,,3,
人心,,客語,5,,,51,
人性,俞隆華,台語,7696,,,48,
人情,李殊,國語,,641,,1,
人情世故,,客語,2,,,51,
人情味,江蕙,台語,,5,,5,
人情味,蔡佳麟,台語,,468,,8,
人情味,鄭君威二,台語,,495,,5,
人情味,陳小春,國語,,3,,2,
人情歌,甲子慧,台語,56847,775,,64; 64; 64; 8; 8,
人抛重戚情,阿吉仔,台語,,0,,6,
人會訶勞,林郁芳,台語,,698,,5,
人有志氣唔怕窮,,客語,400,,,51,
人朝裡擁抱(DJ版),,華語,6553,,,,
人比人,鄭安安,台語,,8,,5,
人比人氣死人,黃三元,台語,6769,,,,
人海中遇見你,林育,國語,,46394,,1,
人生,,台語,80,,,,
人生,沈建豪,台語,55872,671,,5; 61; 61; 61,
人生on line,,台語,71,,,40,
人生一場夢,,客語,6,,,51,
人生一棚戲,,客語,90,,,,
人生一路,陳盈潔,台語,,4,,5,
人生一首歌氵,羅時豐江志,台語,,576,,6,
人生一齣戲,翁立友,台語,,44839,,6,
人生一齣戲,陳定安,台語,,499,,6,
人生七十,,台語,,,,45,
人生七十正開齋 林展逸 ◆,,客語,870,,,51,
人生世事,邱芸子,台語,,447,,5,
人生之旅,呉秀珠,國語,,589,,2,
人生以北,,華語,6480,,,39,
人生似浮雲,費玉清,台語,,94764,,6,
人生借過,蔡振南,台語,,481,,5,
人生像一首歌,鳳飛飛,國語,,8,,3,
人生像做戲 華爾滋 ◆ 楊欣樺/王中平,,台語,98,,,,
人生光明路,,客語,7,,,51,
人生公路,詹雅安,台語,,565,,5,
人生公路,詹雅雯,台語,554,,,98,
人生到尾本是,唐飛,台語,,497,,7,
人生劇場,王智君,台語,6686,,,00,
人生唔好鑽牛角 林展逸 ◆,,客語,8,,,51,
人生啊,翁立友,台語,,446,,5,
人生四李謠,,台語,,8,,6,
人生在世交朋友,,客語,8,,,51,
人生在世善為先,,客語,9,,,51,
人生太荒唐,,華語,6946,,,,
人生好滋味,,客語,79,,,,
人生如夢,巫敕賢,國語,,9,,2,
人生如歌,,華語,6397,,,,
人生就是戲,蔡琴,國語,,7,,3,
人生就是戲,鄧麗君,國語,,969,,3,
人生平班,詹雅安,台語,,8,,5,
人生心情,王中平,台語,0,,,61,
人生戲,方順吉王祥鶴,台語,,7,,5,
人生戲愛情夢,謝雷,台語,,764,,7,
人生按個讚,白冰冰,台語,,7,,6,
人生擂台,謝金晶,台語,,46771,,8,
人生旅途,,台語,56,,,,
人生旅途,洪榮宏,台語,,1,,5,
人生旅途,蔡小虎,台語,,448,,5,
人生有你,,台語,,,,,
人生有宗旨,謝雷,台語,,4,,6,
人生有希望,蘇秋鐮,台語,,98943,,8,
人生有幾年,江志豐/甲子慧,台語,00,,,69,
人生歸途,,國語,6552,,,38,
人生海海,,台語,60,,,,
人生海海,五月天,國語,,693,,2,
人生海海,陳秋滿,台語,4,,,60,
人生渺渺茫,,客語,3,,,51,
人生生不不要要錯錯一一平平,葉明德,國語,,9,,3,
人生的,阿吉仔,台語,,0,,5,
人生的光彩,王光滿 特魯多,台語,9,,,64,
人生的光彩光,滿,台語,,54462,,6,
人生的列車,,台語,,493,,6,
人生的列車,程安,台語,55642,,,61,
人生的劇本,沈建豪,台語,567,,,61,
人生的十字路,洪榮宏,台語,,9,,7,
人生的太陽邵,大倫,台語,,44584,,6,
人生的寄金簿,李度,台語,,742,,8,
人生的意義,鳳琴,台語,0,,,66,
人生的探戈,孫淑媚,台語,55797,,,61,
人生的探戈孫,系淑媚,台語,,5,,6,
人生的方向蔡,秋鳳,台語,,896,,6,
人生的旅途,葉啟田,台語,6581,844,,; ; ; 8; 8,
人生的旅途,陳嘉琪,台語,,3,,8,
人生的月台,,台語,60,,,,
人生的月台,米淇林,台語,,438,,8,
人生的歌,黄乙玲,台語,,1,,5,
人生的歳月張薛,政雄潔,台語,,8,,6,
人生的滋味蔡郭,佳麟婷筠,台語,,57676,,6,
人生的演歌,陳思妏,台語,5,47986,,61; 61; 61; 8; 8,
人生的理想,張簡美玉,台語,,,,61,
人生的理想,鑫蒂,台語,5,,,69,
人生的脚歩阿,吉仔,台語,,4,,6,
人生的舜伴蕭,承祥,台語,,543,,6,
人生的舞伴,蕭承祥,台語,1,,,64,
人生的舞台,趙玉琪,台語,898,,,60,
人生的路,蘇錦煌,台語,,94765,,5,
人生的路,蘇錦煌 特魯多,台語,56770,,,62,
人生的路,陳姵心,台語,6,,,64,
人生的車票,卓靜芬,台語,7,,,65,
人生的道場,,華語,6696,,,,
人生的鹹酸甜,,華語,,,,,
人生的鹹酸甜,方瑞娥,台語,,439,,8,
人生的鹹酸甜,邱賢桂方瑞娥,台語,,58977,,8,
人生相逢,,台語,96,,,39,
人生看頭前,蔡敕田,台語,,468,,8,
人生真短暫,黄西田,台語,,986,,6,
人生真美麗,湘羽,台語,399,,,69,
人生第一名,阿本嫂 特魯多,台語,391,,,69,
人生第一歩,林俊吉,台語,,5,,6,
人生紅綠燈,楊小萍,國語,,5,,3,
人生美酒,申人衛,國語,,971,,2,
人生舞台,,客語,3,,,51,
人生舞台,吳金寶,台語,,747,,8,
人生舞台,李晨,台語,,882,,8,
人生舞台,林雪美,台語,2,,,65,
人生舞台,沈文程,台語,,4,,5,
人生舞台,翁立友,台語,,1,,5,
人生舞台,詹雅雯,台語,,456,,5,
人生舟,石琇惠,台語,,492,,5,
人生船,石琇惠,台語,553,,,00,
人生茶,洪百慧,台語,,966,,5,
人生萬里路,揚宗憲,台語,,2,,6,
人生親像一齣,成威,台語,,764,,7,
人生親像一齣,葉承威,台語,,44878,,7,
人生親像一齣戲,成威,台語,67,,,,
人生親像河,,華語,,,,96,
人生路,,台語,00,,,51,
人生路,余天,台語,,477,,5,
人生路,劉信明,台語,569,467,,66; 66; 66; 8; 8,
人生路,大對唱&,台語,,6,,5,
人生路,江蕙,台語,,946,,5,
人生路,祁隆,華語,575,,,67,
人生路,陳盈潔,台語,6774,,,,
人生路,陳誠安,台語,,555,,5,
人生路,高向鵬方娥,台語,,7,,5,
人生車班,詹雅雯,台語,,7,,8,
人生車站,洪榮宏,台語,,594,,8,
人生車站,龍飄飄,台語,,896,,5,
人生這一路,,國語,00,,,,
人生這條路,,華語,,,,51,
人生這條路,張燕清洪百慧,台語,,885,,6,
人生道中,何華,台語,,,,60,
人生酒場,,台語,,,,,
人生阿人生,袁小迪,台語,,762,,6,
人生隨緣,,國語,93,,,,
人生鹹酸甜,楊宗憲徐嘉,台語,,4,,6,
人甲人,高向鵬,台語,,699,,5,
人甲媽祖,劉育陵,台語,,448,,5,
人的命,七郎,台語,55557,,,61,
人的心,謝宜君,台語,,9,,5,
人的這一生,,華語,68,,,,
人笨鐘,周杰倫,國語,,966,,2,
人約一後,李雅芳,國語,,3,,3,
人聲説出心内的話,呉宗憲,台語,,7,,7,
人船入港,董育君,台語,,577,,5,
人若是順天理天自然,子周一,台語,,9,,7,
人見人愛,,華語,,,,,
人賤人愛,肖飛,國語,,683,,2,
人質,張惠妹,國語,5768,,,,
人造美,孫浩雨,國語,,8,,9,
人造美,孫浩雨,華語,57494,,,71,
人野狼,閃亮三姐外,國語,,7,,2,
人間,,華語,6440,,,,
人間四月天,,華語,67,,,39,
人間有你,,台語,65,,,,
人間有福報,,客語,8,,,51,
人間煙火,,華語,64,,,,
人間煙火,田馥甄,國語,,8,,9,
人間的晚風,,華語,6442,,,,
人間長河,,客語,47,,,56,
人間神仙夢,,客語,8,,,51,
人雨欲來,亦帆,台語,,1,,5,
人面桃花,鄧麗君,國語,5954,959,,; ; ; 2,
亻、奇,孫燕姿,國語,,7,,2,
亻、話,5566,國語,,9,,2,
亻、話,羅吉鎮李碧華,國語,,7,,2,
亻乚乚,古玉珠,台語,,95664,,5,
亻亻心疼,孫淑媚,台語,,478,,6,
亻仰,張信哲,國語,,2,,2,
亻仰,蕭敬騰,國語,,589,,2,
亻任,王力宏,國語,,1,,2,
亻勿心涙,喬幼,台語,,59542,,8,
亻匕,伊能靜,國語,,57462,,2,
亻匕十忈幺',余天,台語,,948,,6,
亻在心裡面,吳克群,國語,,484,,3,
亻徒,神木與,國語,,3,,2,
亻心,林姍,台語,,747,,5,
亻心人亻心歌,向蕙玲,台語,,895,,8,
亻心啥滋味,洪百慧,台語,,9,,6,
亻心夜港邊,陳盈潔,台語,,1,,6,
亻心涙,孫淑媚,台語,,485,,5,
亻心的我,高峰,台語,,947,,6,
亻心雨又一暝,蔡玲玲,台語,,494,,7,
亻必再留戀,廖卉湊,台語,,54474,,6,
亻必去燒香,情歌對,國語,,947,,3,
亻必呪愛人,鄧麗君,國語,,7,,3,
亻必唱忙歌,笑夭,國語,,453,,3,
亻必在一起,張杰,國語,,681,,3,
亻必心肝凝,七郎,台語,,478,,6,
亻必擱再疒,李秋菊,台語,,542,,6,
亻必為著伊,沈文程,台語,,9,,6,
亻日再吻君,鳳飛飛,國語,,0,,3,
亻日君再來,鄧麗君,國語,,1,,3,
亻日君回來,于立成,國語,,567,,3,
亻時再相逢,廬科逢曽淬,國語,,544,,3,
亻的冬天,何耀珊,Unknown,,3,,3,
亻福,張嘉洵,國語,,853,,2,
亻福,張學友,國語,,9,,2,
亻福,心宜,國語,,542,,2,
亻等,夏天Alex,國語,,668,,2,
亻苦又和苦,葉勝欽,台語,,882,,6,
亻虍是歸程,姚蘇蓉,國語,,9,,3,
亻處尋愛人,林玉英,國語,,461,,3,
亻號,許茹芸,國語,,3,,2,
亻願人長久,鄧麗君,國語,,2,,3,
亻願替長久,施文彬,國語,,8,,3,
亻麼口做愛,阿吉仔,台語,,439,,6,
亻麼叫做愛,陳雷,台語,,2,,6,
亻麼抛熄起,頼縣義,台語,,94766,,6,
亻麼是愛忙,江蕙,台語,,2,,6,
亻麼號做愛,葉敗田,台語,,1,,6,
什出,楊宗憲,台語,,94755,,5,
什錦民謠,劉褔助,台語,,5,,5,
什麼什麼,蔡依林,國語,,59578,,1,
什麼叫做情什麼叫,愛石劉.,台語,,880,,7,
什麼叫做愛,沈雀美,台語,4,,,63,
什麼是幸福快樂,,華語,,,,43,
什麼時候,楊克強,國語,575,,,63,
什麼樣的你,鳳飛飛,國語,,396,,3,
什麼樣的愛,蔡依林,國語,,,,,
什麼樣的愛你才,會懂,國語,,397,,3,
什麼款的好才是你想欲要,劉佳軒,台語,8481,,,71,
什麼渚不怕,楊千嬅,國語,,4,,3,
什麼源因想抛無,張秀卿,台語,,2,,7,
什麼瘏可以,黄曉明,國語,,568,,3,
什麼瘏捨得,截佩媚,國語,,4,,3,
什麼破歌,,華語,63,,,,
什麼號做愛,陳一郎,台語,,466,,8,
什麼都不想説,,國語,,8,,3,
什麼雫,蔡秋鳳,台語,,1,,5,
什麼風把你吹,的范逸臣,國語,,579,,3,
仅雨思情,,台語,,7,,6,
今世喙,施志興,台語,,447,,5,
今世忙再世喙,郭婷筠佳麟,台語,,46892,,8,
今世情再世緣,蔡佳麟郭婷筠,台語,,983,,8,
今世情喙,大一,台語,,0,,5,
今世情喙,孫博,國語,,9,,2,
今世情深,鄭君威蘇宥蓉,台語,,997,,8,
今世緣,施志興,台語,566,,,61,
今仅直心話,余天,台語,,492,,6,
今仔日,辦桌二人組,台語,85,,,65,
今仔日,辯棠二人組,台語,,2,,5,
今仔日,鄭君威,台語,,6,,5,
今仔日的恰恰 恰恰 幸雅 ◆,,華語,,,,,
今夕何夕,陳蘭麗,國語,,5,,2,
今夕是何夕,曽慶瑜,國語,,1,,3,
今夜,,台語,,,,47,
今夜,,華語,,,,00,
今夜,周韋杰鳳娘,台語,,3,,8,
今夜不一樣,湯秋蓉,國語,,,,61,
今夜不想一個人,張津滌,國語,,879,,9,
今夜不想你,,華語,91,,,45,
今夜乎我醉,郭健一,台語,55495,439,,61; 61; 6; 61,
今夜乎醉,上明,台語,81,,,56,
今夜今夜為你醉,謝金燕,台語,,560,,7,
今夜你會不會來我夢裡,,華語,67,,,38,
今夜又失眠,李冠璋,台語,,7,,6,
今夜又擱塊落雨,李茂山,台語,,2,,7,
今夜又擱塊落雨,袁小迪向玲,台語,,552,,7,
今夜又擱想起你,楊宗憲,台語,,383,,7,
今夜又擱想起你,辯棠阿陣思,台語,,56450,,7,
今夜又擱是孤單,薛金顯,台語,56864,466,,64; 64; 64; 8; 8,
今夜又擱為你醉,楊靜,台語,,448,,7,
今夜又攔月光圓,謝莉婷,台語,,479,,7,
今夜又攔為你醉,李茂山,台語,,1,,7,
今夜又是細雨,謝雷,國語,,7,,3,
今夜又是落雨暝,李芊慧,台語,8995,,,,
今夜又是落雨暝,李芋慧,台語,,9,,7,
今夜台北城,,台語,,545,,6,
今夜台北沒有你,尤雅,國語,,459,,3,
今夜台北沒有你,青山,國語,,793,,3,
今夜嘸願為你醉,蔡淑蘭,台語,0,,,66,
今夜夢醒,尤君,台語,38,,,61,
今夜好冷,岑嬣,國語,4,,,,
今夜你・不來,黎明,國語,,4,,3,
今夜你置叨位,洪榮宏,台語,,469,,8,
今夜山風吹心房,江蕙,台語,,6,,7,
今夜山風吹心房,江蕙 吉力巴,台語,6857,,,,
今夜山風吹阮心房,江蕙,台語,,2,,7,
今夜思想起,施志興,台語,569,447,,61; 61; 6; 61,
今夜情歌,張瀛仁,台語,,498,,5,
今夜想你,謝金晶,台語,,96767,,5,
今夜想起你,李翊君,台語,,57939,,6,
今夜愛我,李昭儀,台語,,854,,5,
今夜我如此孤單,夢然,華語,576,,,66,
今夜我將離開,林子娟,國語,5,871,,67; 9,
今夜我想喝醉,鄚進冖,國語,,2,,3,
今夜我擱想你,曾文龍,台語,3,,,63,
今夜我敬你,羅時豐林淑蓉,國語,,3,,3,
"今夜我有點壞,",郭富城,國語,,3,,3,
今夜我無法去入睡 搖滾 ★,,華語,6639,,,,
今夜我要為我哮,周雅芳,台語,67,,,,
今夜我陪你,施文彬,台語,,781,,6,
今夜擱再想你,許富凱,台語,556,,,50; 50; 50; 52,
今夜攔來一杯,沈文程,台語,,4,,7,
今夜星光燦爛,姜育恆,國語,,3,,3,
今夜月娘圓,澎恰恰,台語,,1,,6,
今夜欲離開,王瑞霞,台語,,096,,6,
今夜為何這旡冷,洪榮宏,台語,,6,,7,
今夜無伴,江蕙,台語,,3,,5,
今夜燒酒,王識賢,台語,,7,,5,
今夜猶原想著你,蔡秋鳳,台語,88,485,,59; 59; 59; 7,
今夜猶原想著你,邱芸子 吉力巴,台語,550,,,93,
今夜甘願為你醉,謝雷,台語,,948,,7,
今夜留一點夂、,我甄秀珍,國語,,3,,3,
今夜的 Party,白冰冰,台語,66,,,,
今夜的Party,白冰冰,台語,,2,,5,
今夜的心放叨位,方鈴,台語,558,9,,00; 00; 00; 7,
今夜的情,,台語,,5,,5,
今夜的我,陳盈潔,台語,,2,,5,
今夜的月光,陳雷,台語,8383,5,,60; 60; 60; 6,
今夜的月娘,龍千玉,台語,,442,,6,
今夜的流星,七郎,台語,55556,,,,
今夜的燒酒,蔡秋鳳,台語,,6,,6,
今夜的酒,白冰冰,台語,,6,,5,
今夜的酒場,郭健一,台語,55460,4,,; ; ; 6,
今夜的酒杯,白冰冰,台語,,4,,6,
今夜的雨,小辣椒,台語,,951,,5,
今夜的雨,林俊彥,台語,,495,,5,
今夜的雨聲,施文彬,台語,,470,,6,
今夜的風,,台語,60,,,38,
今夜的風,王建傑,台語,,462,,5,
今夜相思雨,王芷蕾,國語,,3,,3,
今夜睘是想你,白雅肜,國語,,860,,9,
今夜誰知己,阿爍沐,台語,,448,,6,
今夜讓我醉,胡婉,國語,5,,,64,
今夜跳倫巴,楊欣樺王中平,台語,,0,,8,
今夜跳倫巴 倫巴 ◆ 江志豐/江詠琪,,台語,90,,,,
今夜酒杯,王建傑,台語,,5,,5,
今天,劉德華,國語,5,0,,2; 61; 61; 61,
今天不回家,姚蘇静,國語,,1,,3,
今天你要嫁給我,陶&蔡依挤,國語,,7,,3,
今天到永遠,李蚊,國語,,3,,3,
今天和明天,白嘉莉,國語,,5,,3,
今天你愛了瑪,初百軍,國語,,685,,3,
今天就要回家,,華語,84,,,,
今天我們結婚啦,梭,華語,576,,,68,
今天有雨,,台語,,,,,
今天的天氣很好,黎明,國語,,3,,3,
今天的祝福明天,的孤,國語,,991,,3,
今天雷雨北風4一5級,不靠譜組丶,國語,,692,,1,
今宵夕珍重,費玉清,國語,,1,,3,
今山古道,黃大,國語,,464,,1,
今年一定會好過,詹雅雯,台語,80,2,,43; 43; 43; 7,
今年冬天特別冷,翁立友龍千玉,台語,,4,,7,
今年咱一定會中,大台風樂團,台語,568,,,64,
今年的冬天特別冷,龍千玉翁立友,台語,,769,,7,
今年的我,石喬,台語,,091,,5,
今年的我,石喬 特魯多,台語,552,,,86,
今年自一定會中,大台風,台語,,750,,7,
今後一個人走,,華語,,,,99,
今後不再説你,我李灘召,國語,,767,,3,
今日的情明日的愛,家榮/喬幼 吉力巴,台語,55676,,,00,
今日的情明日的愛~,家榮喬幼,台語,,4,,7,
今日的月光,陳雷,台語,,693,,6,
今日看我,林慶源,台語,,542,,5,
今晚,李玟,國語,,797,,2,
今晚你想念的人是,不是,國語,,566,,3,
今晚只想和妳恰怡,恰恰,國語,,3,,3,
今晚我欲去你遐,王瑞霞,台語,,598,,7,
今晚我要唱歌,任賢齊江,台語,,3,,7,
今晚我要唱歌,江蕙.任賢齊,台語,62,,,,
今晩要開趴,呉俊宏,台語,,9,,8,
今暝的雨,張凱婷,台語,,855,,5,
今朝有酒今朝醉,陳隨意,台語,,44884,,7,
今朝醉,呉俊宏,台語,,468,,5,
今生,林子娟,台語,56753,584,,5; 62; 62; 62,
今生不了情不了,金素梅,國語,,3,,3,
今生不換,,華語,,,,,
今生不能再重來,,華語,65,,,,
今生今世,呉海性珒淑姶,台語,,542,,5,
今生今世,翁立友龍千玉,台語,,560,,5,
今生今世,陳小春,國語,74,,,,
今生今世尚愛你,,華語,47,,,39,
今生來世,曾心梅,台語,55468,477,,; ; ; 5,
今生來世,莊振凱,台語,,971,,5,
今生來註定,陳美鳳,台語,84,1,,64; 64; 64; 6,
今生共明月,秀蘭瑪雅/王識賢,台語,8382,,,70,
今生共明月,秀蘭瑪雅盟,台語,,869,,6,
今生只愛你一人,顏榮貴/戴梅君,台語,55690,,,61,
今生只愛妳,廖誌誠,台語,6,,,64,
今生只愛你,方阡翊簫承祥,台語,,7,,6,
今生只愛你一人,林林,台語,,493,,7,
今生只愛你一人,顏榮貴截君,台語,,6,,7,
今生只愛珎,廖誌誠,台語,,95648,,6,
今生只有妳,朱宏敏,台語,,,,61,
今生只為你,陳隨意,台語,,572,,6,
今生唯一的愛,,華語,97,,,,
今生喙,羅時豐,台語,,448,,5,
今生喙,詩雨,台語,,644,,5,
今生圓滿 中板靈魂樂 何仟仟,,台語,66,,,,
今生墹愛你,翁立友,台語,,574,,6,
今生天註定,李日池/林淑姮,台語,7,,,64,
今生尚水的伴 類型,,客語,90,,,,
今生情涙,詹曼鈴,台語,,768,,5,
今生情淚,詹曼鈴,台語,55939,,,61,
今生愛上你,高安張美,國語,,5,,3,
今生愛無悔,楊素霞,國語,5,,,64,
今生愛的就是你,,華語,44,,,,
今生愛的就是你,祁隆,國語,,9,,9,
今生我愛過,龍千玉,台語,,0,,8,
今生我的愛,謝宜君陣隨意,台語,,96677,,6,
今生最愛,蔡小虎,台語,,572,,5,
今生最愛的名,李明洋,台語,,775,,8,
今生有你,龍梅子,國語,,462,,9,
今生有你陪,,台語,,,,,
今生有喙,李明洋,台語,,44381,,5,
今生朱了情,龍千玉,台語,,4,,6,
今生為你我願,洪榮宏,台語,,46779,,8,
今生為你活,洪百慧,台語,,649,,6,
今生為你,江志豐,台語,,565,,5,
今生無後悔,,華語,,,,,
今生無緣,唐吳倖文,台語,,491,,5,
今生無緣,唐飛/吳倖文,台語,563,,,62,
今生無緣,蔡小虎乖秀卿,台語,,572,,5,
今生無緣,錢一,台語,,57394,,5,
今生無緣,錢澄/一綾,台語,561,,,62,
今生珎甲我,余祥榮黃馨慧,台語,,546,,6,
今生的伴,陳隨意謝宜君,台語,,57495,,5,
今生的依偎,,台語,90,,,,
今生的依戀,黎亞,國語,,49684,,3,
今生的情債,洪百慧,台語,,846,,6,
今生的愛,蔡義德卑思安,台語,,576,,5,
今生的愛前世的債,王奕心,華語,575,,,66,
今生的最愛,類型 恰恰 ◆ 張漢朝 ◆ 羅聰,華語,,,,,
今生的牽掛,林孟宗&怡,台語,,46851,,8,
今生的牽掛,王江發云曼,台語,,768,,6,
今生的筆一,李素專葷承祥,台語,,8,,6,
今生的約定,張燕清洪百,台語,,057,,6,
今生的選擇 探戈 李明洋,,台語,,,,48,
今生的願望,許富凱,台語,,58567,,6,
今生的驕傲,阿富,台語,,542,,6,
今生的麻吉,余天龍伯白県,台語,,999,,8,
今生糖情海,劉家雯,台語,,2,,8,
今生緣,,客語,3,,,51,
今生緣,詩雨,台語,55868,,,00,
今生緣今世情,,華語,92,,,,
今生註定我愛你,屈風,國語,,6,,1,
今生註戸在一起,深南大,國語,,6,,3,
今生跟我,豬哥亮,台語,,6,,5,
今生遇見你,祁任立,國語,,3,,9,
今生錯過你,,華語,,,,,
今遇蘭,,國語,,4,,1,
今遇蘭,高進,華語,,,,61,
介入,阿政,國語,,7,,2,
介高尚,白冰冰,台語,,4,,5,
仍匕情木愛上,鄭伊健,國語,,563,,3,
仔的腳步,陳一郎,台語,,8,,6,
他一定很愛你,阿杜,國語,,2,,3,
他不愛我,莫文蔚,國語,,483,,2,
他不是真正愛你,的人,國語,,499,,3,
他不知道,,華語,66,,,,
他介的愛情,張済芳,台語,,6,,6,
他他他,,華語,6452,,,,
他們,張惠妹,國語,,4,,2,
他們都猜錯,陳偉,國語,46,,,,
他兌的,莊心妍,國語,,5,,2,
他剛好寂寞,,華語,6949,,,,
他和她的故事,蕭亞軒,國語,,645,,; ; ; 3,
他在屋頂唱歌,李蕙敏,國語,,3,,3,
他愛的人,吳淑敏/林美,台語,551,,,83,
他把我刪了,,華語,68,,,,
他日再相逢,陳小,台語,,492,,6,
他明明,,華語,60,,,,
他是你的愛,林美/吳淑敏,台語,557,,,83,
他是你的愛,呉淑敏,台語,,76474,,6,
他是我的心上,陽林,國語,,8,,9,
他會像我這樣愛你嗎,伍天宇,華語,574,,,61,
他比我更適合,胡夏,國語,,463,,9,
他沒有錯,范珒琪,國語,,9,,2,
他沒有錯,范瑋琪,國語,41,,,,
他的情批,安琪,台語,55477,,,,
"他的我,我的小",陶莉萍,國語,,563,,3,
他的攻瑰,冷漠,國語,,3,,2,
他的背影,楊克強,國語,,444,,2,
他知道,,華語,6998,,,,
他知道不知道,姚蘇蓉,Unknown,,6,,1,
他自暝,陳定誠,台語,,44443,,6,
他自寄相思,,台語,,963,,6,
他要去保護別的,,華語,6989,,,,
他説你沒用,丁嚆,國語,,685,,3,
他還是不憧,S.圧,國語,,451,,3,
他還是不懂,S.H.E,國語,5,,,61,
他郷思妻兒,林世芳,台語,,993,,8,
他郷思妻兒,麻世芳,台語,,3,,8,
他鄉,,台語,,,,99,
他鄉,吳家程,台語,,767,,8,
他鄉暝,陳建誠 特魯多,台語,565,,,61,
他鄉思妻兒,,台語,,4,,6,
他鄉思妻兒,方瑞娥,台語,,9,,6,
他鄉情歌,七郎,台語,567,,,62,
他鄉想愛人,蕭孋珠,台語,,498,,6,
他鄉流浪兒,葉啟田,台語,,5,,6,
他鄉的男兒,,台語,,543,,6,
他鄉的雨,楊宗憲,台語,,5,,6,
他鄉的雨,辦桌二人組,台語,62,,,,
他鄉的風吹啊吹,,華語,6874,,,,
他里霧之戀,李春色,台語,,544,,6,
他里霧之戀,李春色 慢迪斯可,台語,8,,,64,
付出不一定能收回,,台語,64,,,,
付出沒一定要收回,林娜,台語,2,,,66,
付出阮的愛,楊宗憲,台語,,0,,6,
付寸出,姜鵬,國語,,684,,2,
仙人掌,若羚,國語,59,,,,
仙佛八卦山,元元 特魯多,國語,953,,,63,
仙想嘛想無,,台語,,,,41,
仙走嗎走抹離 特魯多 歌曲 ◆ 艾莉/小龍 歌號 粵語歌曲,,國語,,,,,
仙道風骨,,台語,6555,,,38,
代價,東茂豐,台語,,6,,5,
代價,陳茂豐,台語,55882,,,61,
代名詞,,華語,64,,,,
代替,,華語,66,,,,
代替,丁嚆,國語,,56883,,2,
代替,羅時豐大芭,台語,,563,,5,
代替,謝金燕,台語,,8,,5,
代言人,蕭亞軒,國語,,564,,2,
代謝,,華語,6865,,,,
代迎彳乚,楊靜,台語,,593,,8,
令夭話,薛凱琪,台語,,57885,,5,
以分手為前提,戴父玲,國語,,481,,1,
以前以彳夋,ALIN,國語,,56997,,2,
以台中為榮,陳子賢,台語,,4,,6,
以台中為榮,陳子賢 吉力巴,台語,554,,,00,
以吻定情,鄧麗君,國語,,6,,2,
以後,鄭君威,台語,,597,,5,
以後別做朋友,周興哲,國語,,5,,3,
以後嫁的他,,華語,6752,,,,
以後的以後的以,"張""",國語,,6,,1,
以愛之.名,蕭敬騰,國語,,577,,2,
以火,IMON,國語,,7,,2,
以為你都知道,張雨生,國語,,3,,3,
以為分手後,江玲,國語,,,,,
以為愛情沒有,葉蓓,國語,,591,,9,
以為是遲來的,天陳莉,國語,,6,,3,
以為是遲來的春天,陳莉,國語,564,,,61,
以父之名,周杰倫,國語,505,,,,
仨一人,郭靜范珒乖,國語,,569,,2,
仨人,勃露斯,國語,5,,,89,
仰般沒了解,陳莉/石喬,客語,449,,,00,
仲夏之夢,蘇玉貝 Swing,國語,,,,,
件果,張蓉蓉,台語,,459,,5,
价价的,MPR魔幻力量,國語,,4,,2,
价偸叫你名字,馬沙,台語,,4,,7,
价心大盜,人台風,國語,,892,,9,
价故事的人,張惠妹,國語,,593,,1,
价走我的愛,黎明,國語,,462,,1,
任憑我,,華語,67,,,,
任逍遙,任賢齊,國語,,393,,2,
伊,謝銘祐,台語,,975,,5,
伊人在天涯,陳蘭麗,國語,,575,,3,
伊人未歸,,華語,69,,,,
伊媚兒,柔均,台語,,6,,5,
伊斯坦堡,周杰倫,國語,5,,,47,
伊是來亂的,,華語,73,,,99,
伊是我的希望,程雷,台語,,495,,7,
伊田園,季蚊,國語,,390,,2,
伊的一生,李洋洋,台語,,691,,6,
伊的溫柔羸過,陳淑萍,台語,,481,,7,
伊的溫柔贏過我,陳淑萍,台語,8465,,,72,
伊莎貝拉,王紹博,華語,570,,,61,
伏伊去,鄭智化,台語,,6,,5,
休止符,孫燕姿,國語,,7,,2,
休止符,李雅微,國語,,8,,2,
伙夜琴聲,鄭日清,台語,,567,,6,
伙夜追想曲,七郎,台語,,676,,6,
伙天來了,葉瞹菱,台語,,578,,6,
伙天的愛,陳夏蓮李明洋,台語,,96568,,6,
伙風女人心,江美麗,台語,,8,,6,
伙風婦落葉,卓依嬶,台語,,4,,6,
伙風彼一暝,施文彬,台語,,4,,6,
伯雫,林宥嘉,國語,,56586,,2,
伯鴿,郭富城,國語,,7,,2,
伴,,台語,0000,,,51,
伴,吳淑敏,台語,552,765,,83; 83; 83; 5,
伴,彭世華/邱雲子,台語,55656,,,61,
伴,羅時豐,台語,6900,8,,; ; ; 5,
伴,黃妃,台語,564,578,,5; 63; 63; 63,
伴,黃小琥,國語,,576,,2,
伴你一世人,游麗紅/良一,台語,4,,,64,
伴你一生,王馨平,國語,,4,,2,
伴你一生,郭金發,台語,,3,,6,
伴你一生一世,謝莉婷,台語,,9,,7,
伴你到永遠,姜有妹 特魯多,台語,4,,,65,
伴你的未來,廖大森鳳琴,台語,,773,,8,
伴你過一生,張蓉蓉,台語,,94888,,6,
伴你過一生,翁立友,台語,,56979,,6,
伴你過一生,詹曼鈴,台語,68,,,00,
伴侶,羅大佑,國語,,443,,2,
伴妳入夢中,蕭承祥,台語,5,,,64,
伴妳共天涯,許舉麟,台語,5,,,63,
伴我一生,鄺美雪,國語,,56999,,2,
伴我情深,溫翠蘋,國語,,0,,2,
伴珎渡一生,銀河科,台語,,496,,6,
伴珎過一生,柔均蕭,台語,,6,,6,
伴琴聲,許哲誠鳳琴,台語,,771,,8,
伴相隨,,台語,,,,,
伴相隨,,華語,77,,,99,
伴花,羅時豐,台語,,56764,,5,
伴阮一生,陳一郎,台語,,438,,8,
伸手亦越頭,陳雷,台語,,766,,6,
伸手摸心月,石石,台語,,497,,6,
伸手摸心肝,石琇惠/石喬,台語,553,,,00,
伸手摸心肝,陳美伶,台語,,797,,6,
伸手等你牽,卓依婷,台語,,9,,6,
似幻如夢的愛,,台語,95,,,,
似曾相識,張學友,國語,,1,,2,
佂服的路途余,獅吼凱,國語,,558,,3,
但願人長久,鄧麗君,國語,95,,,,
但願長醉,姜育恆,國語,,9,,2,
但願餘生都是你,,台語,66,,,,
但願餘生都是你小,賀敬軒,國語,,6,,1,
位得愛,曹雅安,台語,,3,,8,
位置,楊淨宇,國語,,,,61,
低估,,華語,63,,,,
低空飛行,紀宏仁,國語,,939,,2,
低等動物,陳奕迅,國語,5,382,,; ; ; 2,
低聲下氣,許秋怡,國語,,882,,2,
低調,張棟櫟,國語,,4,,2,
住在阮心肝,許富凱 森巴,台語,556,,,50; 50; 50; 52,
住在隔壁,彭羚,國語,,3,,2,
住進我心裡的那,,華語,,,,,
佔據幸福,李佳薇,國語,,587,,2,
佔缺,楊克強,國語,5,,,78,
佔缺,翁立友,台語,,56465,,5,
佔領年輕,SOS,國語,,0,,2,
何去何從,蘇錦煌,台語,56771,765,,62; 62; 6; 62,
何年何月再相逢,詹雅雯,台語,,466,,8,
何年何月再相逢,鄭麗絲,國語,,8,,3,
何必假裝(DJ阿鵬版),,華語,6676,,,,
何必做朋友,,台語,,,,,
何必再留戀,廖卉溱,台語,5,,,61,
何必再留戀,方怡萍 慢迪斯可,台語,555,,,,
何必問對與錯,于台煙薛忠銘,國語,,7,,3,
何必孤獨,巫啟賢,國語,,5,,2,
何必心肝凝,七郎,台語,6468,,,,
何必心頭凝,張寶玉,台語,1,54473,,64; 64; 6; 64,
何必情深,賀一航,國語,,1,,9,
何必擱再越頭,張秀卿,台語,6670,,,,
何必旁人來說媒,,國語,,6,,3,
何必旁人來說媒,美黛,國語,,573,,3,
何必旁人來說媒,費玉清,國語,,945,,3,
何必當初,黃乙玲,台語,,9,,6,
何必當初遇見你,姚蘇蓉,國語,,0,,3,
何必苦,趙柳芝,台語,,544,,5,
何必苦,邱云子,台語,,44585,,5,
何必道珍重,趙曉潭蘇文良,國語,,3,,9,
何日君再來,黃妃,台語,563,,,63,
何時來離開,龍千玉,台語,,663,,6,
何時再相會,江蕙,台語,,6,,6,
何時再相逢,洪一峰,台語,,430,,6,
何時再相逢,盧宥晴/葉明泰,台語,5,,,63,
何時找著你,葉人鳳,台語,62,,,,
何時會凍再相逢 倫巴 佩諭,,台語,,,,47,
何罪之有,,華語,6860,,,,
何苦,甲子慧,台語,558,57560,,5; 61; 61; 61,
何苦,翁立友,台語,,586,,5,
何苦再留戀,陳雷,台語,560,,,61,
何苦要等下輩子,,台語,,,,,
何處覓歸人,,華語,69,,,,
佛法無邊,鄭進一,台語,,7,,6,
"佛説,",何晟銘,國語,,57789,,2,
作不對夢,楊樺,台語,,558,,6,
作伊走,小林玉,台語,,973,,5,
作伴,王建傑,台語,8451,,,69,
作伴,王瑞霞辦卓阿,台語,,76388,,5,
作伴,蘇振華洪百慧,台語,,060,,5,
作你的情人,閃亮三,台語,,0,,6,
作你的情人,閃亮三姊妹,台語,55982,,,61,
作你行,蘇曉芊,台語,,494,,5,
作侠一世人,陳盈潔,台語,,76577,,6,
作夢也會笑,陳隨意,台語,,595,,8,
作家,田振達,華語,,,,60,
作情人,趙擎,國語,,6,,2,
作戰,孫燕姿,國語,,739,,2,
作曲家,李榮浩,國語,,538,,2,
作罷,,華語,67,,,,
作陣看煙火,翁立友,台語,,44588,,6,
作陣行,豪記大,台語,,8,,8,
作陣走,勃露斯,台語,68,,,,
作陣走,王中平,台語,,454,,5,
作陣飛,邵大倫鄧妙華,台語,,57538,,5,
你,簫敬騰,國語,,4,,2,
"你,好不好",周興哲,國語,,463,,9,
"你,好不好?",周興哲,國語,,9,,9,
你一定記得,,華語,66,,,,
你不一樣,陳慧琳,國語,,3,,2,
你不乖,何以奇,國語,,4,,2,
你不乖乖,謝金燕,台語,,568,,6,
你不來我不老,高西單女孩,國語,,881,,9,
你不免提起,江蕙,台語,,3,,6,
你不免知影,林美,台語,550,76550,,86; 86; 86; 6,
你不公平,江美琪,國語,,7,,2,
你不在,王力宏,國語,72,847,,; ; ; 2,
你不在,蜜雪薇,國語,,651,,2,
你不孤單,龍千玉,台語,,9,,8,
你不愛我,吳淑敏,台語,554,564,,86; 86; 86; 6,
你不懂,TZ/Panay,國語,,,,61,
你不懂我,,台語,,,,97,
你不是不在乎了嗎,楊克強,國語,,8,,3,
你不是唯一,王秀琪,台語,,791,,8,
你不是我,戴愛玲,國語,,758,,2,
你不是男人,李賢,國語,,2,,9,
你不是真正的快樂,五月天,國語,,56595,,3,
你不是說,那英,國語,,575,,2,
你不會,S.H.E,國語,,577,,2,
你不會了解,謝霆鋒,國語,562,,,77,
你不知擱我上知,石喬 吉力巴,台語,553,,,00,
你不要回頭,,華語,69,,,,
你不要那樣看著,我的眼,國語,,4,,3,
你不該想著別人ㄨ,又想著,國語,,7,,3,
你不該輕視我,江蕙,台語,6947,,,,
你不識我,江蕙,台語,6975,,,48,
你不配,謝容兒,國語,,7,,2,
你並不需要我愛你,,華語,65,,,,
你乎我心碎,錢澄,台語,560,5,,61; 61; 6; 61,
你乎我感動的每一天,王中平.徐芷頎,台語,68,,,,
你也知道我,,華語,63,,,,
你乾杯,陳隨意,台語,,4,,5,
你亅意態閑珊,黎亞,國語,,49991,,3,
你予我,,華語,6677,,,,
你住的城市不下雪,,華語,62,,,,
你何必,林美,台語,551,76551,,90; 90; 90; 5,
你你你,,華語,6547,,,,
你你你,林姍,台語,,7,,5,
你你我我,,客語,76,,,,
你來過我心裡,,華語,63,,,,
你來違背我,趙永豐,台語,,498,,6,
你依然在我心深處,胡瓜,國語,556,9,,; ; ; 3,
你係心中最愛,,客語,4,,,51,
你係理想美夢 林展逸 ○ 代表【midi 無人聲】 ★ 代表【原聲 或 原聲原影】,● 代表【midi+人聲伴唱】 利用人如欲使用本產品於「公開場所」使用，請逕洽集管團體或著作財 ◆ 代表【midi+原聲伴唱】 產權人取得「公播授權」後，始得合法使用 2 上述符號為【歌曲類型】依機型及功能而有所不同 專案歌集 51 集,客語,873,,,51,
你們是我的星,,國語,,564,,3,
你們要快樂,李聖傑,國語,540,,,45,
你做你、我做我,蘇錦煌,台語,568,,,63,
你偷走了我的,祁隆,國語,,8,,3,
你偷走了我的心,,台語,56,,,,
你傷我太深,詹雅雯,台語,,560,,6,
你像花,,華語,66,,,,
你儂我儂,楊小萍,國語,,3,,2,
你免同情我,王識賢,台語,,5,,6,
你其實現在和我一,樣,國語,,497,,3,
你冫夂的樣子很中,,國語,,3,,3,
你刂痛了我的,高明駿,國語,,0,,3,
你別傻了,劉德華,國語,,9,,2,
你別著急 先愛自己,,華語,65,,,,
你别太犟,,華語,66,,,,
你到底,YO,國語,,5,,9,
你到底有沒有認真愛過我 抒情搖滾 魚兒七,,華語,68,,,,
你剛分手 Hip-Hop 程響,,華語,6450,,,,
你加我,張政雄薛潔,台語,,441,,5,
你勺名字叫傷,陳亮吟,國語,,57561,,3,
你勺心讓我來,羅嘉良,國語,,1,,3,
你千萬別像風,,華語,6459,,,,
你去叼位,余李亞萍,台語,,0,,6,
你口我和他之,竇智孔,國語,,939,,3,
你只是路過,,台語,57,,,,
你可不可以愛愛我,張真,國語,,0,,3,
你可曾聽到心碎的,聲音,國語,,581,,3,
你可知道我愛,楊小萍,國語,,777,,3,
你可知道我愛,鄧麗君,國語,,880,,3,
你可聽見心碎的聲,音,國語,,983,,3,
你吶,趙睿涵,國語,,,,60,
你呀你,蘇路,台語,,446,,5,
你呀你,鳳飛飛,國語,,9,,9,
你咁有塊聽,羅時豐,台語,,567,,6,
你和我,王力宏,國語,586,,,68,
你和我和他之間,竇智孔/戴愛玲,國語,564,,,77,
你和我和愛情之間,郭子,國語,5,,,44,
你喜歡不如我,歡王菲,國語,,5,,3,
你喜歡我的歌,張清芳,國語,,2,,3,
你喜歡我的歌嗎,張清芳,國語,3986,,,,
你嘛卡正經,林依臻,台語,,6,,6,
你嘸知影,詹齡蘭,台語,5,,,66,
你在叨位,王建傑,台語,,760,,6,
你在叼位,阿弟仔,台語,,960,,6,
你在哪,東方駿,國語,,767,,2,
你在哪,東方駿,華語,579,,,61,
你在哪(WhereAreYou),東方駿,國語,,894,,2,
你在哪裡,羅百吉,國語,5,,,69,
你在我夢裡,許強,華語,573,,,61,
你在我夢裡的樣子,楊昕曦,國語,4961,8,,; 9,
你在我心中最深的,地方,國語,,3,,3,
你太冷靜,陳慧琳,國語,5,,,50,
你好不好,阿吉仔,台語,,469,,8,
你好嗎,周杰倫,國語,,57578,,2,
你好嗎,曾淑勤,國語,,383,,2,
你好嗎,王詩安,國語,,57998,,2,
你好就好,霍建華,國語,5,,,52,
你好毒,張學友,國語,,549,,2,
你媽媽不讓你談戀,愛,國語,,681,,3,
你存在,,華語,,,,99,
你家大門,鳳飛飛,國語,,0,,2,
你對我太重要,T.R.Y,華語,,,,61,
你對我很重要,唐古/章古,華語,575,,,67,
你對我的好,伊能靜,國語,,399,,3,
你小記得我好,江淑娜,國語,,380,,3,
你就不要想起,田馥甄,國語,,48486,,3,
你就像個小孩,杜成義,國語,85,,,,
你就是我最愛的女,人,國語,,685,,3,
你就是我的,,台語,,,,,
你就是我的命,,台語,,,,,
你就是方向,,台語,69,,,,
你就要幸畐,黃乙玲,台語,,592,,6,
你就要幸福,黃乙玲,台語,6957,,,,
你已不像你,林隆璇,國語,586,,,91,
你已經袂記我,,華語,,,,,
你巴愛情給了,王龍梅子,國語,,2,,3,
你巴愛情還給,蘇蓉,國語,,7,,3,
你帶我看的海 中板靈魂樂 範茹,,華語,66,,,,
你帶走我的夢,,國語,,768,,3,
你幸福我快樂,,華語,,,,,
你幸福阮就快樂,孫淑媚,台語,566,,,61,
你你敢敢是是無無忙情的的,孫淑媚,台語,,5,,7,
你很好很好,,華語,6897,,,,
你很愛他,F.I.R,國語,3946,,,,
你從前方來,崔苔菁,國語,3861,,,,
你從未懂我,,華語,64,,,,
你微笑我心跳,甄妮,國語,,762,,3,
你心如鐵,楊靜,台語,,597,,8,
你忘了跟我說再見,陳艾玲,國語,5,,,,
你快樂嗎,蔡依林,國語,,,,,
你快樂所以我快樂,王菲,國語,,671,,3,
你怎麼可以安心的,睡著,國語,,57999,,3,
你怎麼捨得讓我哭,帥霖,國語,,9,,9,
你怎麼捨得離開我,雨浩楓,華語,576,,,61,
你怎麼現在才來,,台語,,,,97,
你怎麼說,鳳飛飛,國語,,9,,2,
你怎麼連話都說不清楚,蔡依林,國語,5,,,46,
你怨誰人,,客語,8,,,51,
你惦我心內,蔡幸娟,台語,,769,,6,
你愛上別人我應該去問誰,陳順,華語,576,,,61,
你愛他嗎,鍾漢良,國語,,3,,2,
你愛我嗎,侯湘婷,國語,,3,,2,
你愛我嗎,劉虹嬅,國語,,897,,2,
你愛我嗎,楊淑慎,台語,,486,,6,
你愛我嗎,櫻桃幫,國語,553,,,52,
你愛甲心痛孫,一淑媚&,台語,,0,,7,
你愛的人,于浩威,國語,5,,,58,
你愛的夏天,輕鬆玩樂團,國語,578,,,58,
你愛的是哪個,沈丹丹,國語,,9,,3,
你愛的是哪個她,沈丹丹,華語,575,,,66,
你愛的是我還是你,自己,國語,,3,,3,
你愛過我嗎,姜華,國語,,3,,3,
你懂不懂,,國語,,3,,2,
你懂不懂,姚莉,國語,,860,,2,
你懂不懂,陳思安,國語,541,,,,
你懂我說的嗎,呂薔,Unknown,,59759,,1,
你我之間,陳淑萍翁立友,台語,,0,,8,
你我他,劉家昌,國語,,7,,2,
你我他,康康,國語,,2,,9,
你我來相挺,,華語,38,,,,
你我情深深,林昆翰/蘇洺慧,台語,9,,,69,
你我是同鄉,謝雷,台語,7986,,,54,
你我的恰恰,李明洋,台語,,496,,8,
你我的恰恰 恰恰 賴進財.陳貴花,,台語,,,,48,
你我的故事,甄秀珍,國語,,,,,
你我的選擇,易欣/孫鶯,華語,579,,,61,
你我相欠債,唐吳倖文,台語,,490,,6,
你我相欠債,唐飛,台語,563,,,63,
你我相逢,施文彬江,台語,,8,,6,
你把愛情給誰,王強,華語,570,,,61,
你把我灌醉,黃大煒,國語,38,,,,
你把我的女人帶走,溫兆倫,國語,,6,,3,
你把第一次給了誰,秀才,國語,,8,,3,
你抱著別的女人入,睡,國語,,940,,3,
你排第一,向蕙玲,台語,,690,,6,
你敢不敢,孫淑媚,台語,561,043,,61; 61; 6; 61,
你敢不敢,徐佳瑩,國語,,471,,2,
你敢不敢像我一樣,,華語,6688,,,,
你敢抹不甘,白冰冰,台語,,3,,6,
你敢知,朱春蘭,台語,3,,,66,
你敢知,黃鳳儀,台語,,3,,5,
你敢知人奈位痛,,客語,95,,,,
你敢袂尚絕,黃采淋,台語,,547,,6,
你是一個謎,孫嘉敏,國語,,49774,,3,
你是七仔魁,陳小雲,台語,,465,,6,
你是上可愛的女人,王首承,台語,,98680,,8,
你是上可愛的女人,王首承 吉力巴,台語,7685,,,53,
你是你!我是我,方仟翊,台語,,752,,7,
你是你我是我,迪克牛仔,國語,4948,,,,
你是你的,弦子,國語,,576,,2,
你是偷心的人,鄧麗君,國語,,7,,3,
你是否依然愛,江音,國語,,874,,3,
你是她的,梁詠琪,國語,,5,,2,
你是如此難以忘記,梁朝偉,國語,596,,,44,
你是愛我的嗎,林伊凡,國語,,3,,3,
你是我一生一世的,牽掛,國語,,497,,3,
你是我一生永遠的,幸福,國語,,550,,3,
你是我不知不覺,的傷,國語,,8,,3,
你是我今生最愛,的人,國語,,452,,3,
你是我今生該等,的人,國語,,9,,3,
你是我哭著唱的歌,,台語,63,,,,
你是我唯一的愛,洪文斌,台語,55388,,,98,
你是我尚愛的人,林小迪,台語,8,,,64,
你是我尚深的傷害,孫淑媚,台語,0,,,69,
你是我尚深的記憶,,客語,88,,,,
你是我心中最愛,的人,國語,,381,,3,
你是我心中的痛,,華語,,,,45,
你是我心內的一,首歌,國語,,568,,3,
你是我心愛的寶貝,王首承,台語,,98681,,8,
你是我心愛的寶貝,王首承/陳秀玲,台語,7681,,,49,
你是我心裡的寶,,台語,52,,,,
你是我心裡的寶,樂凡,國語,,9,,9,
你是我愛的主題,,台語,,,,,
你是我所有的回憶,齊豫,國語,597,,,47,
你是我所有的生命,楊宗憲,台語,62,,,,
你是我最後的偎靠,,華語,,,,,
你是我最愛,蕭承祥/方阡翊,台語,6,,,64,
你是我最愛,蕭承祥方阡翊,台語,,543,,6,
你是我最愛的人李,明洋,台語,,587,,7,
你是我最愛的人洪秀,榮宏瑪,台語,,581,,7,
你是我最愛的女人,沈志仲,華語,574,,,61,
你是我生命中的水,,台語,669,,,,
你是我的 Vitamin,鳳娘,台語,55476,,,,
你是我的一半,林俊吉二,台語,,4,,7,
你是我的一杯,汁陳黎明,國語,,49740,,3,
你是我的世界,辦桌阿&又,台語,,8,,7,
你是我的人,,台語,,,,51,
你是我的人,豪記大,台語,,595,,6,
你是我的伴,君子,台語,5,,,61,
你是我的兄弟,傅振輝高向鵬,台語,,9,,7,
你是我的全世界蔡張,日南,台語,,968,,7,
你是我的唯一,原陶鈺玉,國語,,2,,3,
你是我的唯一,方鈴,台語,558,9,,00; 00; 00; 7,
你是我的唯一,洪榮宏,台語,,444,,7,
你是我的唯一 梭 ◆ 龍哥,,台語,,,,42,
你是我的夢,,台語,,,,,
你是我的夢,,國語,62,,,38,
你是我的奇蹟,王冰洋,國語,,49953,,3,
你是我的女人,劉德華,國語,,384,,3,
你是我的寶貝,秀蘭瑪雅邵大,台語,,976,,7,
你是我的小情人兒,晏洋 吉力巴,華語,579,,,61,
你是我的心肝寶貝,吳淑敏,台語,552,,,86,
你是我的愛,陳建誠,台語,,44643,,6,
你是我的愛人我的,所有,國語,,981,,3,
你是我的新娘,馬智宇,國語,,857,,9,
你是我的星球,吳克群,國語,,6,,3,
你是我的春天 House ◆ 張瀚元/孫藝琪,,客語,,,,98,
你是我的春風,洪榮宏,台語,,2,,7,
你是我的最愛,易丹,華語,570,,,61,
你是我的泊岸,王識賢,台語,69,551,,; ; ; 7,
你是我的溫杀,劉德華,國語,,575,,3,
你是我的溫柔,劉德華,國語,582,,,61,
你是我的玫瑰,葉諾帆,台語,,975,,7,
你是我的玫瑰花,龐龍,華語,578,,,61,
你是我的生命,,華語,,,,,
你是我的生命,洪榮宏,台語,,8,,7,
你是我的生命根,蘇錦煌,台語,568,,,63,
你是我的生命根蘇,釒煌,台語,,678,,7,
你是我的男人,林憶蓮,國語,,385,,3,
你是我的眼,蕭煌奇,國語,5,,,41,
你是我的緣,龍飛/郭玲,華語,572,,,68,
你是我的翅膀,羅百吉,國語,,4,,3,
你是我的翅膀,羅百吉/寶貝,國語,5,,,61,
你是我的靠山,袁小迪,台語,,57579,,7,
你是我胸口永遠的,痛,國語,,0,,3,
你是我藏在九月的喜歡 抒情搖滾 承桓,,華語,68,,,,
你是我走找的美夢,馬沙,台語,55595,,,61,
你是此生最美的,風景,國語,,3,,3,
你是此生最美的風景,JS,國語,595,,,99,
你是水我是臽,謝金燕,台語,,564,,7,
你是無情的人,狄鶯,台語,,8,,7,
你是無情的人,袁小迪,台語,69,2,,; ; ; 7,
你是答案,范瑋琪,國語,568,,,,
你是英隹,白冰冰,台語,,0,,6,
你是誰我是誰,易欣,國語,,49855,,3,
你是負心人,包娜娜,國語,570,,,50,
你是阮今生的唯一,王中平/甲子慧,台語,567,,,61,
你是阮唯一,龍千玉,台語,,447,,6,
你是阮心肝,王瑞霞,台語,82,564,,48; 48; 48; 6,
你是阮的溫泉,孫淑媚/王識賢,台語,8391,,,56,
你是阮的溫泉孑,王識賢系淑媚,台語,,1,,7,
你是阮的過去,陳邱芸子,台語,,3,,7,
你是風阮是雲 中板靈魂樂 王中平,,台語,,,,44,
你曾愛過的女,,Unknown,,845,,1,
你曾愛過的女孩,,台語,58,,,,
你曾經對我說,郎軍,國語,,6,,3,
你曾經愛過我,,國語,,399,,3,
你最無情,,國語,,398,,2,
你最珍貴,,華語,,,,,
你最珍貴,張學友高慧君,國語,,397,,2,
你最珍貴,高慧君/張學友,國語,5,,,,
你會不會想起我,沈志仲,華語,576,,,61,
你會不會變,江美琪,國語,,3,,3,
你會幸畐的,李琳,國語,,49876,,3,
你會愛我到什麼時候,陶鈺玉,華語,575,,,67,
你會遇見更好的人 郭聰明 ◆,,台語,,,,97,
你有夠狠,蔡秋鳳/蔡義德,台語,8448,,,71,
你有夠狠,蔡義德蔡秋,台語,,6,,6,
你有情我有義,家鳯 吉力巴,台語,5,,,61,
你有沒有像我一樣,,華語,,,,,
你有講過,李嘉,台語,556,765,,84; 84; 84; 6,
你有講過,芭比,台語,,577,,6,
你正經盼得分來失望,,客語,443,,,51,
你比從前快樂,吳宗憲,國語,501,,,,
你比桃花更美麗,姚蘇蓉,國語,,6,,3,
你永遠不要告訴我,潘麗鈞,國語,5965,,,38,
你無愛的我的真心啊,彭立,台語,55967,,,61,
你無替阮相,秀蘭瑪,台語,,768,,6,
你無珍惜我,林彩鳳,台語,6,,,64,
你無置阮身邊,,台語,,,,,
你煞放抹寄,鄭家涵,台語,,499,,6,
你煞放抹記,鄭家涵,台語,55640,,,61,
你照樣快樂,,華語,64,,,,
你牽緊,謝莉好,台語,,94850,,6,
你猶原是我的最愛 莊長明 ○ 代表【midi無人聲】 ★ 代表【原聲 或 原聲原影】,● 代表【midi+人聲伴唱】 利用人如欲使用本產品於「公開場所」使用，請逕洽集管團體或著 ◆ 代表【midi+原聲伴唱】 作財產權人取得「公播授權」後，始得合法使用 2 上述符號為【歌曲類型】依機型及功能而有所不同 專案歌集 51集,客語,,,,51,
你現在好嗎,黃平洋,台語,,2,,6,
你現在過了好無,,華語,72,,,96,
你現在還好嗎,周華健,國語,,395,,3,
你甘會相阮,江蕙,台語,,57884,,6,
你甘會知影,江志豐,台語,,8,,6,
你甘會等我,陳世村,台語,,47983,,8,
你甘會體會,莊振凱,台語,,475,,8,
你甘有想我,邱淑君,台語,,4,,6,
你甘有愛過,鳳娘,台語,559,,,00,
你甘有聽見,桌二人組,台語,,391,,8,
你甘知,,台語,87,,,,
你甘知,朱春蘭,台語,,95642,,5,
你甘知,李嘉,台語,,2,,5,
你甘知影,林子娟,台語,565,473,,61; 61; 6; 61,
你用什麼感動我的心,陳艾湄,國語,,,,,
你甲我,大衛,台語,,988,,8,
你的,,台語,68,,,,
你的一生我只借一程,云若汐,國語,,,,61,
你的世界已萬人擁擠,,華語,6675,,,,
你的世界我曾經來,過,國語,,5,,3,
你的人,欒克勇,台語,562,039,,5; 68; 68; 68,
你的人生,余天,台語,,048,,6,
你的傷是我的痛,王中平,台語,558,7,,61; 61; 61; 7,
你的冷,凡妮絲,國語,,7,,2,
你的出現,曾心梅,台語,564,5,,61; 61; 6; 61,
你的名,黃文星,台語,,9,,8,
你的名字,丶陳零九,國語,,651,,1,
你的名字 抒情搖滾 總裁,,華語,65,,,39,
你的名字十一筆,,華語,66,,,,
你的名我的命,黃妃/江國賓,台語,56540,,,61,
你的好運就要來啦,,華語,69,,,,
你的婚禮,,華語,6879,,,,
你的婚禮,文奎,國語,,68381,,2,
你的寶貝,葉歡,國語,,1,,2,
你的左右,,華語,60,,,,
你的左邊我的右邊,玄樂團,國語,,49569,,3,
你的影子,,華語,64,,,,
你的微笑,I.R,國語,,565,,2,
你的微笑,余天,國語,,642,,2,
你的微笑,鳳飛飛,國語,,8,,2,
你的心,,台語,92,,,,
你的心不是冰,喬幼 特魯多,台語,55672,,,00,
你的心你的夢,陳淑萍 快華爾滋,台語,569,,,61,
你的心別人的,丁香 特魯多,台語,1,,,63,
你的心甘有我的存在,甲子慧,台語,56492,,,61,
你的心裡究竟住著誰,,華語,53,,,00,
你的愛,吳勇濱,國語,,876,,9,
你的愛給別人,黃思婷,台語,,852,,7,
你的憂愁忘了帶走,于台煙,國語,,7,,3,
你的承諾,羅百吉/寶貝,國語,557,,,71,
你的新衫,黃乙玲,台語,,488,,6,
你的樣子,林志炫,國語,,0,,2,
你的樣子,羅大佑,國語,,5,,2,
你的歌聲風中飛來,,台語,45,,,,
你的溫度,蔡健雅,國語,557,8,,; ; ; 2,
你的溫柔傷我最深 唐古 ○ 代表【midi無人聲】 ★ 代表【原聲 或 原聲原影】 適用機型：S-,● 代表【midi+人聲伴唱】 利用人如欲使用本產品於「公開場所」使用，請逕洽集管團體或著 ◆ 代表【midi+原聲伴唱】 作財產權人取得「公播授權」後，始得合法使用 1 上述符號為【歌曲類型】依機型及功能而有所不同 BD/IMSBP系列/N系列/N2系列 發行日期 /,華語,,,,96,
你的理由,楊家成,國語,,4,,2,
你的甜蜜,范曉萱,國語,,3,,2,
你的眼晴,熊天平許茹芸,國語,,5,,2,
你的眼晴偷走我白,的心,國語,,738,,3,
你的眼淚,黃品源,國語,,4,,2,
你的眼目主背叛你的,心,國語,,6,,3,
你的眼神,蔡琴,國語,,6,,2,
你的笑容,林正新,台語,,559,,6,
你的第一,霍建華,國語,567,,,,
你的答案,阿冗,Unknown,,59985,,,
你的肩是我今生的,天,國語,,2,,3,
你的背影,許志豪,台語,,96481,,6,
你的萬水千山,,華語,65,,,,
你的葫蘆賣啥藥 特魯多 ◆ 李明洋,,華語,92,,,,
你的誓言,誓林,國語,,3,,2,
你的路我的夢,洪玲,台語,,2,,7,
你的過去我不介意,唐古,華語,576,,,66,
你的選择,易欣,國語,,594,,1,
你的選擇,易欣,華語,571,,,61,
你的電話,藍心湄.脫拉庫,國語,73,,,,
你的電話,藍心湄脫瘁,國語,,866,,2,
你的魔力,閃亮三姐妹,國語,500,,,66,
你看一晃又一秋,,華語,61,,,,
你看啊,,華語,69,,,,
你看那遠山,,華語,66,,,,
你真叫人著迷,劉家昌,國語,,792,,3,
你真無情,劉家昌,國語,,7,,2,
你真無情,江蕙,台語,8984,0,,; ; ; 6,
你真無膽量,黃西田,台語,,4,,6,
你眼裡的光,,華語,6880,,,,
你知不知,李慧珊,台語,,692,,6,
你知否,楊宗憲,台語,,2,,5,
你知道嗎,,華語,6381,,,,
你知道我在等你嗎,張洪量,國語,,2,,3,
你知道的,,華語,60,,,,
你究竟有幾個好鮛,妹,國語,,7,,3,
你管我胖不胖 梭 ★ 文夫,,華語,68,,,,
你終究還是風,,華語,6678,,,,
你給我的愛還在不,在,國語,,5,,3,
你給我聽好,陳奕迅,國語,,58385,,3,
你給我記住,曹蘭,國語,,0,,3,
你給的愛全是假的,,台語,91,,,,
你老了,黃小琥,國語,,681,,2,
你能愛我多少,吳秀珠,國語,,555,,3,
你若嘸愛我,阿吉仔,台語,0,,,69,
你若是愛我請你說出口,陳冠蒨,國語,,4,,9,
你若是有情,林玉英,台語,,6,,6,
你若是真愛我,陳慧琳,國語,,8,,3,
你若無情休怪我無,義,國語,,451,,3,
你若盛開,玖月奇跡,華語,57663,,,68,
你著保重,秀蘭瑪,國語,,4,,2,
你著保重,秀蘭瑪雅,台語,554,,,93,
你著愛保重,洪榮宏,台語,,6,,6,
你著諒解,陳小雲,台語,,1,,6,
你袂了解,董事長,台語,,972,,6,
你要按怎還,一綾,台語,56947,,,68,
你要的愛,戴佩妮,國語,558,392,,41; 41; 41; 2,
你要等,,華語,67,,,,
你要走你就走,于珊珊 特魯多,國語,59,,,,
你說,胡安,國語,,68483,,2,
你說,陳科妤,國語,38,,,,
你說,黄鶯鶯,國語,,3,,2,
你說他是你想嫁的,人,國語,,3,,3,
你說你只想著他,,華語,,,,,
你說你會陪我過完這個冬 Hip-Hop 承桓,,華語,69,,,,
你說你比較習慣一,個人,國語,,3,,3,
你說呢,,台語,,,,97,
你說應該不應,陳玫綺鄭鈞元,國語,,884,,3,
你說走就走,鳳飛飛,國語,,6,,3,
你說過要在一起,,華語,6485,,,39,
你講好不好,蔡義德,台語,55581,,,61,
你講的話,江蕙,台語,,57971,,6,
你講要給我一個巢 恰恰 蘇芊蓉,,客語,58,,,55,
你走了,李聖傑,國語,550,660,,2; 61; 61; 61,
你返記得嗎,徐懷鈺,國語,,3,,3,
你連分手都那麼溫,柔,國語,,49597,,3,
你連笑起來都不快,樂,國語,,1,,3,
你連笑起來都不快樂,游鴻明,國語,49,,,,
你過了好否,詹雅雯,台語,,2,,6,
你過得好嗎,,華語,6460,,,,
你選叨一項,謝雷,台語,,444,,6,
你還愛我嗎,樊凡,國語,,2,,3,
你還愛我嗎,蔡依林,國語,,4,,3,
你還是我最深愛的,人,國語,,600,,3,
你還會記得無,,客語,8,,,51,
你還裝什麼,鄭國鋒,國語,,495,,3,
你還要我怎樣,薛之謙,Unknown,,3,,1,
你還要等他,,華語,6786,,,,
你那會甘,黃乙玲,台語,76,4,,48; 48; 48; 6,
你那這無情,呂惠英,台語,5,,,61,
你那麼愛她,李翊君,台語,,0,,6,
你那麼愛她,林隆璇/李聖傑,國語,5,,,89,
你長的真甜,甄妮,國語,,2,,9,
"你阝好冷的小,",銀霞,國語,,76661,,3,
你離開以後,山野,國語,,683,,3,
你離開於七月,,華語,60,,,,
你頭殼壞壞,小辣椒 吉力巴,台語,6500,,,,
你飛吧,張芸京,國語,5,4,,99; 9,
佳節!佳節盼君歸,連秀敏 特魯多,國語,571,,,61,
使人感動,林玲貞,台語,,543,,6,
使勁搖,芭比,國語,,584,,2,
來'不及及説再見,郭書瑤,國語,,56890,,3,
"來,去艋舺",余天龍,台語,,578,,6,
來HAPPY,葉復台,國語,,,,1,
來一段黏巴達,葉瞹菱,國語,,383,,3,
來不及告別,,華語,6681,,,,
來不及告訴你,原始林,國語,557,,,85,
來不及把夢留,你費玉清,國語,,485,,3,
來不及相愛,平靈品,國語,,498,,3,
來不及變心,江淑娜,國語,,385,,3,
來世再續緣,,台語,,,,,
來世情,詹曼鈴,台語,,563,,5,
來世情,詹曼鈴/陳茂豐,台語,557,,,61,
來世情路,詹雅雯王江發,台語,,454,,6,
來世才撥會,陳小龍,台語,,445,,6,
來人不及告言你,一始林,國語,,9,,3,
來來來,,台語,,,,,
來來來,鳳飛飛,國語,,389,,2,
來到初初戀戀地地方方,陳淑樺,國語,,668,,3,
來去七桃,湯秋蓉 特魯多,台語,,,,61,
來去七逃,方鈴,台語,558,9,,00; 00; 00; 6,
來去九份仔 廖麗琴 ◆,,華語,,,,93,
來去九紛叨,廖麗琴,台語,,789,,8,
來去南台灣,楊哲,台語,,761,,6,
來去卞拉OKOK,呉俊宏,台語,,46949,,8,
來去台來,沈文程,台語,,5,,6,
來去台來,王炳文沈文程,台語,,762,,6,
來去夏威夷,金門王李炳輝,台語,,455,,6,
來去夭,葉腹台,國語,,3,,1,
來去帕一下,閃亮三,台語,,664,,6,
來去紅塵,翁立友,台語,,771,,6,
來去趴踢,玖壹壹黃明志,台語,,45884,,8,
來去金門,小東 特魯多,台語,56590,,,66,
來去飲兩杯,七郎,台語,555,,,,
來去飲咖啡,,台語,,,,,
來去馬西,謝金燕,台語,8560,665,,72; 72; 72; 6,
來四環的雪,小文,國語,,499,,3,
來山再起,周一,台語,,9,,6,
來山再起,文宏,台語,,4,,6,
來山再起,蘇錦煌,台語,,765,,6,
來山再起,豬哥亮,台語,,578,,6,
來方快車,羅百吉,台語,,8,,8,
來方的男兒,黃偉霖,台語,,878,,8,
來日不方長,,華語,66,,,,
來時人間去時塵,,華語,6869,,,,
來港阿,阿程安,台語,,59690,,8,
來生再續、緣,,國語,,386,,3,
來生喙,劉德苹,國語,,388,,2,
來石情嘉義心,楊金進,台語,,9,,8,
來自你來自我來自他,梭,國語,546,,,44,
來自心海的消息,黄鷽鷽,國語,,2,,3,
來跳舞,,華語,6392,,,,
來跳舞,童安格,國語,,5,,2,
來這人間,,華語,67,,,,
來過你生命的我,,華語,6558,,,,
來遲,,華語,65,,,,
來風破,周杰倫,國語,,460,,2,
來鹿港七逃,阿吉仔,台語,,46886,,61; 61; 61; 8; 8,
依依難捨,李明洋,台語,,1,,8,
依依難捨,陳雷,台語,,598,,6,
依依難捨,陳雷 特魯多,台語,566,,,61,
依依難捨 華爾滋 歌曲 ◆ 黃友文,,台語,,,,,
依依難捨情難忘,,台語,,,,44,
依官網/ＤＭ產品規格表定義為準,,台語,,,,,
依官網/ＤＭ產品規格表定義為準,,華語,,,,54; 54; 54; ; ; ; 38; ; ; 38; ; ; 38,
依清,,華語,58,,,,
依然愛你,慕容婕鈴,國語,5,,,63,
依然是朋友,黄仲齊,國語,,382,,3,
依賴,,台語,82,,,,
依賴,夏天Alex,國語,,49887,,2,
依附,辜靖,國語,,5,,2,
依附,黃浩倫/辜靖潔,國語,5,,,38,
依靠,林依晨,國語,,569,,2,
依靠,鄭秀文,國語,,7,,2,
依靠陳,淑萍,台語,,6,,5,
侵門踏戶,翁立友思婷,台語,,468,,8,
便衣憼察,雷蕾,國語,,986,,2,
俗擱有力,大合唱,台語,,559,,6,
保全的心聲,,華語,,,,43,
保庇,王彩樺,台語,,573,,5,
保持微笑 抒情搖滾 ★ 陳默之,,華語,68,,,,
保管,阿桑,國語,97,,,,
保衛黃河,,國語,,988,,2,
保護,周慧敏一,國語,,3,,2,
保護,許志安,國語,,3,,2,
保護許,建忠,台語,,541,,5,
保重,林慶源楊真,台語,,5,,5,
保重,王中平/韓志賢,台語,559,,,61,
保重,王中平韓志賢,台語,,7,,5,
保重,陳盈潔,台語,,751,,5,
保重,高向鵬方瑞娥,台語,,8,,5,
保重再會啝,'李茂山,台語,,557,,6,
保重啊愛人,王首承,台語,79,,,54,
俠士行,任珍,台語,,881,,5,
俠從,張獻仁,國語,,953,,9,
"信,心蘇",世豪,台語,,7,,5,
信仰愛情,范逸臣,國語,3980,,,,
信任的樣子,張懸,國語,584,,,81,
信吉之歌,家榮/喬幼/阿凱/暄雅,台語,55667,,,00,
信心,龍啟萊(廖雷),台語,3,,,68,
信念,林國榮,國語,41,,,,
信者得愛,鄭秀文,國語,,3,,2,
信賴,郭品超,國語,58,,,,
修女的傷,,華語,67,,,,
修煉,M哥,華語,,,,60,
修行,,客語,88,,,,
倆人份,陳麒安恬,國語,,6,,9,
倆亻曰要好,江蕾,Unknown,,9,,3,
倆倆相忘,辛曉琪,國語,562,,,46,
倆個人的世界,,台語,,451,,7,
倆心同月老,,客語,9,,,51,
倆相好,高向鵬台萍,台語,,7,,5,
"倉頡頡""五",月天,國語,,488,,2,
們渚一樣,張杰,Unknown,,687,,3,
們都寂寞,陳奕迅,Unknown,,2,,3,
倒帶,蔡依林,國語,,,,,
倒數,,國語,,46489,,1,
倒數三秒,張惠妹,國語,38,,,,
倒數第二個男朋友,葉乃文,國語,538,,,89,
倒蔡,依林,國語,,452,,2,
倒退嚕,黃克林,台語,,7,,5,
倔強的背後,許慧欣,國語,4996,7,,; ; ; 3,
倔強的花,倖妏,台語,,46782,,8,
候時機,林清國,台語,6777,2,,; ; ; 5,
候鳥,S.H.E,國語,,,,,
借一掛風,陳隨意謝宜君,台語,,46896,,8,
借位,,華語,62,,,,
借問你,葉啟田,台語,,469,,8,
借問你的良心何在,林淑容,台語,,2,,7,
借問愛情,陳思安,台語,,964,,8,
借問月娘,揚哲,台語,,4,,6,
借問月娘,揚哲 特魯多,台語,55457,,,97,
借問癡情,陳慶池,台語,569,471,,66; 66; 66; 8; 8,
借愛,,華語,,,,,
借愛,陳思安,台語,,5,,5,
借我一秒,陶莉萍,國語,,562,,2,
借過,印子月,國語,,5,,9,
借過,葉啟田,台語,,5,,5,
借過我的愛情,方季惟,國語,,3,,3,
値得,鄭秀文,國語,,5,,2,
倦思,,華語,65,,,39,
倦鳥餘花,游鴻明,國語,5,,,,
倩影,林慧萍,國語,,,,2,
倩影遠去,余帝,國語,553,,,52,
倫敦的愛情,藍又時,國語,,461,,3,
假動作,房祖名,國語,,0,,2,
假如,信樂團,國語,563,56566,,46; 46; 46; 2,
假如愛有天意,李健,國語,,468,,3,
假如我是直的,費玉済,國語,,645,,3,
假如我有一天消 陳之 失了,,華語,6478,,,,
假如時光會倒流,,台語,,,,44,
假如有如果,,國語,,739,,1,
假如有如果,六哲,華語,576,,,66,
假情假咅,林宏銘,台語,,7,,6,
假情假愛,文夏,台語,,2,,6,
假情真愛,吳小豪,國語,,682,,2,
假想敵,蔡健雅,國語,3841,792,,; ; ; 2,
假惺惺,張惠妹,國語,3840,764,,; ; ; 2,
假戲真做的人,林良樂,國語,,3,,3,
假日,羅百吉,國語,593,567,,2; 69; 69; 69,
假正經,白光,國語,,3,,2,
假正經,羅文 吉力巴,國語,541,,,66,
假漂泊的人,董事長,台語,,6,,6,
假装,蔡依林,國語,,568,,2,
假裝,梁詠琪,國語,,940,,9,
假裝,蔡依林,國語,564,,,46,
假裝不在乎,,華語,67,,,,
假裝世界沒有你,,華語,,,,,
假裝愛我,,華語,6973,,,,
假裝愛過,蘇振華,國語,,9,,2,
假裝朋友 迪斯可 趙希予,,華語,6740,,,38,
假設錯過,,華語,67,,,,
假陽光的蠟燭,,國語,,574,,3,
假面的告白,蔡依林,國語,90,,,,
假鬼假圣,黃妃,台語,,592,,8,
偉大的媽媽,王建傑,台語,557,6,,61; 61; 6; 61,
偉大的母愛,王首承,台語,,98675,,8,
偉大的母愛,王首承 特魯多,台語,7686,,,53,
偉大的渺小,林俊傑,國語,,46393,,1,
偎靠,陳淑萍,台語,8552,,,72,
偏偏來想你,尤雅,台語,,947,,6,
偏偏愛著你,泥泥,台語,,779,,6,
偏偏給伊騙不知,于珊珊,台語,6770,,,,
偏偏遇著你,陳盈潔,台語,,780,,6,
偏心,,華語,69,,,,
偏見,梁詠琪,國語,46,,,,
做一個勇敢少年,,華語,63,,,,
做一個男子漢,劉家榮,台語,568,,,00,
做一天的你,蔡依林,國語,3842,,,,
做一生的伴,李嘉,台語,552,,,00,
做事照步來,,台語,,778,,6,
做事起頭難,尤雅,台語,7991,,,49,
做人,莊士工 特魯多,台語,0,,,65,
做人做事照公理 林展逸 ○,,客語,386,,,51,
做人就愛柄,蘇錦煌,台語,63,594,,00; 00; 00; 6,
做人就愛迸,蘇錦煌,台語,,765,,6,
做人就要摒,蘇錦煌,台語,,5,,6,
做人愛樂觀,蘇錦煌,台語,568,848,,63; 63; 6; 63,
做人愛知人家情 ○ 胡泉雄,,客語,387,,,51,
做人昭步來,,台語,,777,,6,
做人照步來,李嘉 特魯多,台語,76,,,,
做人著愛打胼,,台語,,968,,7,
做伊走,小林玉,台語,,0,,5,
做伙一世人,陳盈潔,台語,554,,,90,
做伙拼經濟,,華語,73,,,,
做伴,張蓉蓉,台語,,5,,8,
做你去,張蓉蓉,台語,,891,,5,
做你去,曾心梅,台語,,7,,5,
做你的公主,何耀珊,國語,43,,,,
做你的貓,,華語,43,,,96; ; ; ,
做個好情人,言承旭,國語,59,,,39,
做只孤獨鬼,,華語,6769,,,,
做多少才鉤,山野,國語,,688,,3,
做好人,鍾玉鳳,台語,,96586,,5,
做好人,鍾玉鳳 吉力巴,台語,8,,,64,
做好自己,,華語,49,,,96,
做家己的女人,孫淑媚,台語,,4,,7,
做你的猫,北島詩,Unknown,,8,,1,
做你懷裡的那隻猫,賀世哲,國語,,900,,3,
做我的目睛主,蒲庭龍,台語,,759,,6,
做我自己,ALIN,國語,,6,,2,
做朋友要誠懇作伙,七郎,台語,555,,,,
做朋友誠懇逗陣,郭碁,台語,6542,,,,
做空,,華語,,,,,
做總統大家有機會,陳小雲,台語,,7,,7,
做自己,同恩,國語,3982,,,,
做自己,廖惠瑩,台語,,54439,,5,
做自己,廖惠瑩 特魯多,台語,690,,,,
做自己,方瑞娥,台語,,43874,,8,
做自己,羅文聰蔡佳麟,台語,,579,,5,
做自己的光,,華語,6673,,,,
做自己的英雄,樊凡,國語,,450,,3,
做陣行,陳中、,台語,,9,,8,
停不了的愛,葉瞹菱,國語,,4,,3,
停了的鐘,蕭煌奇,國語,,7,,9,
停在我心裡的温柔,魅芮,國語,,3,,3,
停損點,林曉培,國語,,5,,2,
停擺的鐘,A-Show,國語,,76753,,2,
停止七秒鐘,閃亮三姊妹,國語,5,,,69,
停止流浪,李碧華,國語,,4,,2,
停止轉動,張國榮,國語,,3,,2,
停留,,華語,6479,,,; ; ; ,
停看聽,何方,國語,,3,,2,
健健美,I.N.G,國語,5762,,,,
健康好命,,台語,,,,,
健康有錢無地買,燕子,台語,6,549,,66; 66; 66; 7,
健衆歌,范曉萱口日,國語,,392,,2,
側臉,,台語,,,,,
偶然,趙薇,國語,,,,1,
偶然,,台語,,,,45,
偶然相遇,歐陽菲,國語,,9,,2,
偶爾,張韶涵,國語,,4,,2,
偶爾會想他,勃露斯,華語,,,,69,
偶陣雨,梁靜茹,國語,,57745,,2,
偷偷叫你名字,馬沙,台語,555,,,93,
偷偷將你當作知己,江惠,台語,,948,,7,
偷偷將你當做知己,,台語,,8,,7,
偷偷愛妳,旺來,台語,563,,,61,
偷偷摸摸,劉韻,國語,,4,,2,
偷偷摸摸,周蕙,國語,,988,,2,
偷偷的哭,陳玉建,國語,,740,,2,
偷偷的哭,陳玉建,華語,571,,,61,
偷偷的愛,丁嚴,國語,,2,,2,
偷吻,姚蘇蓉,國語,,687,,2,
偷心,張學友,國語,,4,,2,
偷心,王中平,台語,55769,,,61,
偷心大盜,大台風樂團,國語,5,,,64,
偷心王,中平,台語,,56966,,5,
偷心的人,,華語,,,,,
偷心的人,姚蘇蓉,國語,,9,,2,
偷渡,王韻嬋,國語,,8,,2,
偷渡凡間 抒情搖滾 ★ 盧盧快閉嘴,,華語,6979,,,,
偷藏秀雅,蘭瑪,台語,,0,,5,
偷走我三年,,華語,6483,,,39,
偷走我的心,王中平,台語,0,,,63,
偷走林,俊彥,台語,,490,,5,
偸偷等你,,台語,,497,,6,
偸哭的日子,王默君,國語,,3,,3,
偽執念,,華語,69,,,,
傀儡,黃浩倫辜靖絜,國語,,3,,2,
傀儡娃娃,閃亮三姊妹 搖滾,台語,559,,,61,
傀儡娃鮭,閃亮三,台語,,489,,6,
傀儡旭仔,陳小霞,台語,,850,,6,
傘下,張宇,國語,,56492,,2,
傘下又是一個,天趙默,國語,,767,,3,
傘下又是一個雨天,,華語,,,,99,
傘下的宇宙,陳淑樺,國語,,945,,9,
傘下的幸福,霍建華,國語,40,,,,
傘的宇宙,陳淑樺,國語,,9,,2,
催淚,康康,國語,,3,,2,
催眠曲,,國語,,1,,2,
傲,張獻仁,國語,,463,,9,
傲劍,劉昱賢,台語,,441,,5,
傲氣雄風,劉昱賢,台語,,98946,,8,
傳奇,李健,國語,,572,,2,
傳奇,閃亮三,國語,,2,,2,
傳奇,鳳凰傳,國語,,2,,2,
傳奇一生,陳耀德 特魯多,台語,5,,,69,
傳燈,黃安,國語,,3,,2,
傳說中的愛情,藍雨,國語,,643,,3,
傷,向蕙玲,台語,,76452,,5,
傷一工痛半冬,王中平,台語,55889,,,61,
傷不起,王麟,國語,,0,,2,
傷不起,郁可唯,國語,,575,,2,
傷了一點點,孔朝,國語,,496,,3,
傷了一點點,孔朝,華語,577,,,61,
傷了心的女人怎麼了,系露,國語,,596,,9,
傷了我的心,易欣,國語,,49880,,3,
傷了許多年,,華語,64,,,,
傷人的是情不是酒,,華語,60,,,,
傷傷傷,,台語,,,,,
傷印,孫淑媚,台語,554,4,,93; 93; 93; 5,
傷口,,國語,,597,,1,
傷口,曹雅雯,國語,,465,,2,
傷口,蘇有朋,國語,,3,,2,
傷城,,華語,,,,39,
傷害,櫻桃姐,台語,,6,,5,
傷害,鄭琇月,台語,,3,,5,
傷害阮的心,林子娟,台語,,9,,6,
傷宸,鄭秀月,台語,,494,,5,
傷庇落鹽,林素秋,台語,,46880,,8,
傷心,陳潔儀,國語,,3,,2,
傷心,饒天亮,國語,,4,,2,
傷心一正亻,呂安,國語,,49578,,3,
傷心一萬倍,鄭君威,台語,,493,,6,
傷心也無效,陳筱筑,台語,,492,,6,
傷心于,陳隨意,台語,,465,,8,
傷心人傷心歌,劉依純,台語,553,765,,92; 92; 92; 7,
傷心人哮整暗,張秀庭,台語,,49381,,7,
傷心人是我,邱芸子,台語,,4,,6,
傷心人是我,邱芸子 特魯多,台語,55590,,,61,
傷心人永遠作傷心的夢,施文彬,台語,8567,,,73,
傷心什滋味,柔均,台語,553,,,00,
傷心仅雨雅秀,蘭瑪,台語,,8,,6,
傷心伴孤單,,華語,,,,,
傷心俱樂,蔡秋鳳,台語,,8,,6,
傷心俱樂部,蔡秋鳳,台語,552,,,73,
傷心傷一半,孫淑媚,台語,552,,,87,
傷心傷情,吳淑敏,台語,,4,,6,
傷心切剎,,華語,,,,98,
傷心到深更,蔡振南,台語,87,1,,76; 76; 76; 6,
傷心味,莊振凱,台語,,465,,8,
傷心哪這呢無辜林,俊彥,台語,,44383,,7,
傷心啥滋味,洪百慧 特魯多,台語,84,,,59,
傷心地鐵,無印良品,國語,90,,,,
傷心城市,冷漠,國語,,452,,2,
傷心夜快車 慢迪斯可 黑鷹.芷琦,,台語,,,,48,
傷心夜都市,孫淑媚,台語,6873,,,,
傷心夜都車,孫淑媚,台語,,1,,6,
傷心夢,揚靜,台語,,696,,5,
傷心夢,詹曼玲,台語,,941,,5,
傷心女人花,黃素華 特魯多,台語,773,,,63,
傷心女人莅,黄素華,台語,,54495,,6,
傷心孤島,沈芳如,台語,55861,,,61,
傷心孤島沈,芳如,台語,,6,,6,
傷心對我來說,高明駿,國語,,3,,3,
傷心巴台,袁小迪陳凱欣,台語,,59398,,8,
傷心影,甲子慧,台語,55753,48880,,5; 61; 61; 61,
傷心往事,施文彬,台語,553,,,97,
傷心情,劉佳軒,台語,550,56390,,80; 80; 80; 5,
傷心情歌,陳思安,台語,,46698,,8,
傷心情話,王瑞霞/李明育,台語,66,,,43,
傷心情話,王瑞霞李明育,台語,,4,,6,
傷心戀情,張蓉蓉,台語,,559,,6,
傷心戀歌,朱宏敏,台語,,544,,6,
傷心是誰的,吳淑敏,台語,,575,,6,
傷心是阮的名,王建傑,台語,,8,,7,
傷心暗暝,揚哲,台語,,495,,6,
傷心機場,,華語,,,,99,
傷心機場,孫淑媚,台語,565,047,,61; 61; 6; 61,
傷心歌,呉漢書,台語,,964,,5,
傷心歌唱袂煞,陳中,台語,,5,,7,
傷心海,楊文,台語,,9,,5,
傷心海,謝宜君,台語,,596,,8,
傷心海岸,陳盈潔,台語,,6,,6,
傷心涙,詹雅雯,台語,,3,,5,
傷心淚,,台語,,,,,
傷心淚,孫淑媚,台語,84,,,60,
傷心淚痕,鳳娘,台語,,43859,,8,
傷心烏日車站,劉育綾,台語,83,,,57,
傷心無話,孫協志,台語,,1,,6,
傷心玫瑰,,國語,,,,93,
傷心甭提起,張秀卿,台語,6638,,,,
傷心男人唱著傷心的歌,大哲,國語,,961,,9,
傷心當店,林子娟,台語,569,57648,,61; 61; 6; 61,
傷心痛袂完,王瑞霞,台語,,473,,6,
傷心的 CLUB,彭莉,台語,8998,,,,
傷心的人,王中平,台語,6840,,,,
傷心的人一定是軟,肝孫淑媚,台語,,6,,7,
傷心的人一定是軟心肝,孫淑媚,台語,8569,,,74,
傷心的人別聽,歌五月夭,國語,,57898,,3,
傷心的人唱失戀的,歌,國語,,9,,3,
傷心的人唱失戀的歌,楊克強,國語,5,,,79,
傷心的人王,中平,台語,,461,,6,
傷心的人王,識賢,台語,,2,,6,
傷心的人聽傷心歌,謝宜惠 特魯多,台語,,,,61,
傷心的人蘇,又鎔,台語,,881,,6,
傷心的代誌,余天龍,台語,,973,,6,
傷心的住址,林姍,台語,,867,,8,
傷心的住址,陳中,台語,,5,,6,
傷心的你,林國慶,台語,,4,,6,
傷心的你,辦桌二人組,台語,65,,,,
傷心的名字,甲子慧,台語,,388,,6,
傷心的售歹,方瑞娥,台語,,453,,6,
傷心的喜酒,王識賢,台語,55791,577,,61; 61; 6; 61,
傷心的城市,方怡萍,台語,65,,,,
傷心的城市,陳秀玲,台語,,8,,8,
傷心的城市,陳雷,台語,8574,48746,,69; 69; 69; 6,
傷心的夢,,台語,668,,,38,
傷心的字條,孫淑媚/施文彬,台語,553,,,74,
傷心的字條,施文彬孫淑媚,台語,,486,,6,
傷心的安排,沈芳如,台語,566,766,,67; 67; 6; 67,
傷心的巷仔口,高瑞屏,台語,6789,,,,
傷心的帳單,吳俊宏,台語,,3,,6,
傷心的情歌,林子娟,台語,559,2,,61; 61; 6; 61,
傷心的戀情,陳阿秀,台語,,789,,8,
傷心的戀情,陳阿綉,台語,6,,,64,
傷心的戀歌,黃冬慶,台語,,541,,6,
傷心的我,林晏如,台語,,9,,6,
傷心的我,高峰,台語,561,,,61,
傷心的探戈,張蓉蓉,台語,,56777,,6,
傷心的探戈,洪榮宏,台語,,6,,6,
傷心的時候可以聽情歌,歡子,華語,575,,,72,
傷心的月台,詹宜珍,台語,9,54496,,64; 64; 6; 64,
傷心的月台 陳雷 ◆,,華語,,,,94,
傷心的樹,吳宗憲,國語,501,,,,
傷心的歌,袁小迪,台語,,9,,6,
傷心的歌,邵大倫,台語,,43800,,8,
傷心的歌名,羅時豐,台語,,447,,6,
傷心的沙K,詹欽憲,台語,,546,,6,
傷心的海岸,龍千玉,台語,,667,,6,
傷心的渡口,沈文程,台語,,056,,6,
傷心的港口,七郎,台語,,567,,6,
傷心的港口,七郎 特魯多,台語,85,,,72,
傷心的港口,唐飛,台語,,496,,6,
傷心的港邊,,台語,,6,,6,
傷心的港邊,何玫瑰,台語,7997,,,48,
傷心的溫柔,陳思安,台語,,597,,8,
傷心的理由,蔡小虎,台語,,442,,6,
傷心的緣,黃乙玲,台語,,2,,6,
傷心的舞步,沈建豪,台語,566,,,61,
傷心的藉口,陳亮吟,台語,,972,,6,
傷心的街巷,陳隨意,台語,,467,,8,
傷心的街路,洪榮宏,台語,,9,,6,
傷心的被單,林靖恩,台語,9,,,,
傷心的話留到明天,再說,國語,,7,,3,
傷心的車站,黃乙玲,台語,,9,,6,
傷心的酒,冰倢,台語,,547,,6,
傷心的酒,葉冰倢,台語,8,,,65,
傷心的酒,黃思婷,台語,,7,,6,
傷心的酒杯,蔡淳云,台語,569,,,67,
傷心的酒林,蔡淳云,台語,,468,,8,
傷心的門口,王瑞霞,台語,,5,,6,
傷心童話,胡夏,國語,,576,,2,
傷心簽名,黃乙玲,台語,7650,,,53,
傷心籍口,王奕心,Unknown,,848,,1,
傷心落雨天,沈文程,台語,,4,,6,
傷心藉口,王奕心,華語,,,,60,
傷心西子灣,沈建豪,台語,4,,,67,
傷心話,孫淑媚,台語,564,046,,5; 61; 61; 61,
傷心路,沈文程,台語,,940,,5,
傷心過頭,方順吉,台語,559,94838,,61; 61; 6; 61,
傷心酒,林正新,台語,,49466,,5,
傷心酒,王建傑,台語,,7,,5,
傷心酒,鄒兆邦,台語,,2,,5,
傷心酒家女,唐飛,台語,,473,,6,
傷心酒店,施文彬江,台語,,5,,6,
傷心酒杯,黃千芸,台語,,76460,,6,
傷心酒館,蕭玉芬,台語,,5,,6,
傷心酒館,邵大倫秀蘭瑪,台語,,576,,6,
傷心醉歸暝,楊哲,台語,,596,,8,
傷心醉落喉,沈建豪,台語,555,,,55; 55; 55; 52,
傷心雨,成鳳,台語,,9,,5,
傷心雨,邱芸子,台語,86,,,64,
傷心雨,鄒兆邦,台語,,069,,5,
傷心雨哪落,蔡小虎,台語,,1,,6,
傷心雨那落,蔡小虎,台語,6658,,,,
傷心酒,,客語,5,,,51,
傷情,周思潔,台語,,961,,5,
傷情咖啡,,華語,68,,,54,
傷情歌,,華語,60,,,,
傷情歌,蘇宥蓉,台語,,8,,8,
傷情的話,勃露斯,台語,563,,,68,
傷情的話,欒克勇,台語,,043,,6,
傷情的路,俞智凱,台語,7693,,,49,
傷我這呢深,劉育綾,台語,83,,,56,
傷我這重,郭健一,台語,55586,491,,61; 61; 6; 61,
傷甲這旡深,花語爾,台語,,4,,8,
傷痕,林憶蓮,國語,5761,,,,
傷痕抹未平,林玉英,台語,7971,,,49,
傷痕的記號,謝莉婷,台語,,44476,,6,
傷痕累累,王建傑,台語,4,98982,,60; 60; 60; 8; 8,
傷痕累累,陳素英,台語,,971,,6,
傷痛的心誰來縫,,華語,6887,,,,
傷省痕纍纍,詹雅雯雅云,台語,,7,,6,
傷神,黃文星卜語,國語,,469,,9,
傷腦筋,,國語,,,,94,
傷腦筋,秀蘭瑪,台語,,6,,5,
傷腦筋,鄧詠家,台語,,77552,,8,
傷過心的人,曾雅晴,台語,,498,,6,
傷過心的人,蔡鎔竹/周姿君,國語,562,,,64,
傻傻塊等待,,台語,666,,,,
傻傻的,萬芳,國語,,843,,2,
傻傻的愛傻傻等待,賀一航,國語,,2,,9,
傻呼呼,邰正宵,國語,,3,,2,
傻女人,大台風,國語,,8,,2,
傻女人,大台風樂團 吉力巴,國語,5,,,64,
傻女人,徐華鳳,國語,,3,,2,
傻女人,詹曼鈴,國語,,672,,2,
傻女人,詹曼鈴 森巴,國語,5,,,67,
傻女孩,張文綺,國語,,462,,9,
傻子,林宥嘉,國語,,57549,,2,
傻子騙子,大台風樂團,國語,576,,,61,
傻孩子,悶韋伶,國語,,56753,,2,
傻得可以,范瑋琪,國語,,687,,2,
傻愛,,華語,,,,,
傻瓜,,國語,,567,,2,
傻瓜,陳奕,國語,,5,,2,
傻瓜與野ㄚ頭,張小,國語,,894,,9,
傻瓜與野丫頭,張宇/小 S,國語,540,,,51,
傻笑,周杰倫,國語,,9,,2,
傾國傾城,態汝霖阿窖,國語,,585,,2,
傾國傾城,東來東,國語,,497,,2,
傾我今生,李亞明,國語,,2,,2,
僉愛愈明白,黄小琥,國語,,576,,3,
像個乞丐討著幸福,,華語,69,,,,
像夢一樣的女子,金素梅,國語,539,,,55,
像我一樣愛你,人哲,國語,,6,,9,
像我這樣的單身女子,陳淑樺,國語,,9,,9,
像我這樣的女,趙詠華,國語,,3,,3,
像我這樣的女人,趙詠華,國語,576,,,,
像我這樣的男人,,台語,59,,,,
像我這樣重感情的,人,國語,,3,,3,
像我這款人,久登,台語,557,8,,63; 63; 63; 7,
像極了愛情,,華語,,,,,
像畫擱像花,林姍蔡,台語,,589,,7,
像羽毛一樣輕,,華語,,,,54,
像閃電彼厲害,向蕙玲,台語,,769,,7,
像阮這愛你,劉依純,台語,551,,,86,
像風來了又走,,華語,6743,,,,
僪子香水,任賢齊,國語,,5,,3,
儂本多情,費玉清,國語,,494,,3,
億馬當先 梭 何曉婷,,客語,64,,,56,
優先權,蔡健雅,國語,5,,,83,
優勝劣汰的愛,,華語,62,,,,
優美的探戈,林俊吉方千玉,台語,,77563,,8,
元呠,張宇,國語,,8,,9,
元配變小,辯棠阿僻傑羚,台語,,573,,6,
兄,袁小迪鄧玉賢,台語,,76389,,5,
兄仔情,唐飛,台語,,499,,6,
兄妹仔情,唐飛,台語,563,,,63,
兄弔,任賢齊,國語,,740,,2,
兄弔,宋逸民,台語,,888,,5,
兄弔,江志豐碩男,台語,,597,,8,
兄弔,顧曉宇,國語,,68469,,2,
兄弔難當,杜歌,國語,,5,,2,
兄弟,,台語,,,,95,
兄弟,揚哲,台語,,976,,5,
兄弟,莊振凱林传吉,台語,,852,,5,
兄弟,蔡佳麟,國語,,463,,2,
兄弟,金澤男,國語,,47,,1,
兄弟,陳茂豐,台語,564,2,,5; 61; 61; 61,
兄弟,顧曉宇,國語,,4,,1,
兄弟.有事亻小亠,楊天vs馬明,國語,,870,,9,
兄弟“忙,黄品源黃品潔,國語,,3,,2,
兄弟一場,,台語,,,,,
兄弟一杯酒,,華語,,,,,
兄弟一起唱,孟杜郭少,國語,,841,,9,
兄弟一輩子,淳于珊珊/張煜楓,華語,57665,,,68,
兄弟仁義,文夏,台語,,0,,6,
兄弟來根華子,,台語,81,,,,
兄弟保重,楊宗憲,台語,,3,,6,
兄弟再乾一杯 搖滾 ★ 胡艾彤,,華語,6700,,,,
兄弟同心,莊振凱辰華,台語,,578,,6,
兄弟啊兄弟,于金勝/張宇軒,華語,577,,,68,
兄弟情無價,,客語,,,,,
兄弟情義,,台語,41,,,00,
兄弟我敬你,,華語,00,,,,
兄弟有我,,台語,,,,,
兄弟象隊歌,林國榮,國語,,,,,
兄弟阿兄弟,于金勝年字軒,國語,,889,,9,
兄情,林俊吉,台語,,8,,5,
兄畐你,林玉英,台語,,7,,5,
兄福你,李素專,台語,,8,,5,
兄福你,王建傑,台語,,94840,,5,
兄福你,陳雷,台語,,2,,5,
先,劉若英,國語,,592,,2,
先,彭莉,國語,,3,,2,
先年,李煒,國語,,652,,1,
先暫停,,華語,6784,,,,
先苦後甘,,台語,50,,,96,
先苦而後甘,林憲章,台語,5,,,64,
光年,,華語,6500,,,,
光年之外,G.E.乩郐紫棋,國語,,591,,9,
光明的路途,李晨,台語,,879,,8,
光明虘院,新寶島樂隊,台語,,884,,6,
光棍天堂,,台語,,,,50,
光榮時刻,阿沁,國語,,4,,2,
光滿純情曲,光滿 特魯多,台語,9,,,60,
光無限好,吳鶯音,國語,,9,,3,
光艹我的腳Y子,戴佩妮,國語,,57499,,9,
光陰的故事,単大祐,國語,,9,,3,
光陰的故事,張艾嘉,國語,,395,,3,
光陰的陷胖,陳淑樺,國語,,396,,3,
克制悲傷,,華語,67,,,38,
克卜勒,系燕姿,國語,,3,,2,
免且一几,飄香香,台語,,643,,5,
免傷悲,阿吉仔,台語,,2,,5,
免呆勢,俞隆華,台語,80,,,48,
免失志,陳小雲,台語,,9,,5,
免怨嘆,李芊慧,台語,,465,,5,
免怨嘆,李芊慧 特魯多,台語,7940,,,43,
免怨嘆,賴金鳳,台語,,544,,5,
免怨嘆,顏樂輝,台語,,7,,5,
免悲哀,陳雷,台語,,8,,5,
免洗筷,江蕙,台語,,755,,5,
免煩惱醫生講會好,黃伯樂,台語,,98549,,8,
免講啦,石喬,台語,55473,,,,
免講啦,石石琇惠,台語,,871,,5,
免講我了解,吳秀珠,台語,7383,0,,; ; ; 6,
免講拉,楊文,台語,,556,,5,
免費教學錄影,周杰倫,國語,,683,,3,
免飲人先醉,葉啟田,台語,,9,,6,
免驚我心痛,江志豐,台語,,0,,8,
兒時春夢,剛澤斌,國語,5,,,45,
兜圈,林宥嘉,國語,,587,,2,
"入來,阮茜中",江蕙,台語,,6,,6,
入侵,,華語,6577,,,,
入厝,豪記大,台語,,2,,5,
入味,閃亮三,台語,,0,,5,
入味,閃亮三姊妹,台語,55783,,,61,
入宵,蔡佳瑩,台語,,48861,,5,
入戲太深,,國語,,,,00,
入戲太深,,華語,64,,,,
入戲太深,鄭源,國語,,972,,9,
入戲太深,陳潔儀,國語,,5,,2,
入眾良言得人和,,客語,4,,,51,
入秋的酒,,華語,65,,,,
入陣曲,五月天,台語,,57965,,5,
入陣曲,五月天,國語,,484,,2,
內喊,張韶涵,國語,,5,,2,
內山之戀,葉啟田,台語,,8,,5,
內山和尚,葉啟田,台語,,1,,5,
內山姑娘,,台語,,7,,5,
內山姑娘,大對唱,台語,,8,,5,
內心一句話,王中平,台語,68,,,,
內心的雨,秀蘭瑪,台語,,43957,,8,
內心艱苦,葉啟田,台語,,76444,,5,
內心艱苦,龍千玉,台語,85,,,49,
內疚,陳奕迅,國語,,575,,2,
全世界只有你不知,道,國語,,57681,,3,
全世界只有我愛,你劉嘉亮,國語,,662,,3,
全世界的眼淚,鄭伊健,國語,,398,,3,
全世界都停電,Tank,國語,,568,,3,
全世界都知道你,變了,國語,,550,,3,
全心全意,慕容婕鈴,國語,5,,,63,
全新戀愛,,國語,,,,,
全新的自己,葉歡,國語,,399,,3,
全日愛,黎明,國語,,397,,2,
全是你,,華語,73,,,,
全是愛,,國語,,46479,,1,
全是愛,,華語,60,,,,
全是愛,鳳凰傳,國語,,4,,2,
全是笑話,,華語,6568,,,,
全民動起來,白冰冰,國語,573,766,,61; 61; 61; 3,
全獻乎你,洪榮宏,台語,,438,,8,
全的愛,王識賢,台語,,0,,6,
全部都給你,呉克群,國語,,468,,3,
全部都給你,呉克群鍾欣,國語,,57661,,3,
全面淪陷,張韶涵,國語,,5,,9,
兩亂洪,百慧,台語,,9,,5,
兩人ㄟ熟悉 梭 ◆ 吳艾媄,,客語,82,,,,
兩人世界,蘇又鎔&文,台語,,800,,8,
兩人的畫像,吳宗憲,國語,,,,,
兩人的痛一個,受裘海正,國語,,392,,3,
兩個世界,陳美鳳霍正奇,台語,,8,,6,
兩個人,陳慧琳,國語,53,849,,; ; ; 2,
兩個人一個夢,林慶源楊淑慎,台語,,465,,8,
兩個人不等於我們,王力宏,國語,41,,,,
兩個人的下雪天,許慧欣,國語,54,9,,; ; ; 3,
兩個人的世界,楊坤陳,國語,,766,,3,
兩個人的回憶一 個人過 莊心妍 歌曲,,台語,44,,,97,
兩個人的回憶一個,人過,國語,,486,,3,
兩個人的寂寞,林子娟,台語,559,940,,61; 61; 61; 7,
兩個人的月亮,江淑娜,國語,,394,,3,
兩個感性的蠢材,,華語,66,,,,
兩兩個個人人不不等等於於我,們王力宏,國語,,5,,3,
兩地寄相思,石喬/陳莉,台語,69,,,00,
兩地寄相思,石橋陳,台語,,555,,6,
"兩地忙緣,",,國語,,478,,1,
兩地情緣,程響/王羽澤,華語,,,,69,
兩地相思,唐李明洋,台語,,43989,,6,
兩地相思,西黃西田,台語,,3,,8,
兩岸兄弟,林俊吉,台語,,9,,6,
兩岸情,邱淑君,台語,,6,,5,
兩年情緣,,台語,97,,,,
兩撇的男子漢,余天,台語,,9,,7,
兩敗倶傷,冷帥,國語,,967,,9,
兩杯拿鐵,,國語,,,,,
兩枝甘蔗平平長,陳莉/石喬,客語,453,,,00,
兩條路上,,國語,,7,,2,
兩極,任賢齊,國語,,579,,2,
兩相依,龍飄飄,國語,,1,,2,
兩腳人四腳錢,成鳳,台語,,456,,7,
兩腳人四腳錢,成鳳 吉力巴,台語,7640,,,43,
兩角找五先,七郎,台語,6479,4,,; ; ; 6,
兩輪轎車,王識賢,台語,,2,,6,
兩隻小蜜峰,段千尋,國語,,497,,3,
兩隻小蜜峰,沈志仲,國語,,49764,,3,
兩隻蝴,龐龍,國語,,3,,2,
兩難,戴佩妮,國語,,56855,,2,
兩頂安全帽 梭 蕭清文 ◆,,台語,,,,,
兩顆心四行涙,蔡幸娟&彭偉苹,國語,,395,,3,
兩顆心四行淚,蔡幸娟,國語,,,,,
兩顆心萬縷情,余李亞萍,國語,,9,,3,
兩顆星的距離,陳司翰,國語,,4,,3,
八個娃娃,,國語,,5,,2,
八個娃娃,蔡幸娟,國語,,869,,2,
八個娃娃,費玉渧,國語,,9,,2,
八兩金,陳隨意,台語,,44886,,5,
八又二分之一,李壽全,國語,,0,,3,
八字命,莊振凱,台語,,447,,5,
八德之戀,林靖恩 特魯多,台語,9,,,,
八掌溪戀歌,喬幼,台語,,438,,8,
八月中秋月光光,,客語,0,,,51,
公主不」許哭,丁于,國語,,684,,3,
公主時代,戴梅君,台語,,978,,5,
公主病,周杰倫,國語,,478,,2,
公主的麾咒,心瑤,國語,,8,,3,
公公偏頭痛,周杰倫,國語,,974,,3,
公子你莫怪,,華語,66,,,,
公平對待,陳雷,台語,,2,,5,
公揹婆,,客語,846,,,51,
公路,林俊彥,台語,65,,,,
公車牌之丶,秦楊,台語,,3,,6,
公道,唐飛,台語,56380,556,,5; 66; 66; 66,
六分鐘護一生,北原山貓,國語,5,,,77,
六尺行天下融,,華語,69,,,,
六待與期待,沈文程,台語,,4,,6,
六月,,華語,65,,,; ; ; ,
六月天,陳百潭.白冰冰,台語,63,,,,
六月天,陳百潭白冰,台語,,7,,5,
六月天猶原即,林玉英,台語,,2,,7,
六月火燒埔,葉敕田,台語,,945,,6,
六月田水,黃西田,台語,,994,,5,
六月的雨,胡歌,國語,,476,,1,
六月茉莉,大台風,台語,,639,,5,
六月雪,新棠阿蘇又,台語,,8,,5,
六月雪,董育君,台語,,490,,5,
六月雪,藍王,國語,,49971,,2,
六月風,蔡小虎,台語,,483,,5,
六月風颱七月水災,王瑞霞,台語,,2,,7,
六甲護軍媽,余天龍,台語,56938,,,67,
六色彩虹,歐得洋,國語,5898,,,,
共唱團圓歌,,客語,9,,,51,
共度一生,,台語,40,,,,
共渡一生 探戈 大合唱,,台語,,,,45,
共渡春宵暝,,華語,41,,,,
共赴奧運夢,楊臣岡香香季,國語,,498,,3,
兲獻,蘇芮,國語,,3,,2,
兵語,,華語,68,,,,
兵變忙不變,SOS,國語,,3,,3,
其其實你你知知道道我我愛,你郎軍,國語,,944,,3,
其實一個人過也很,好,國語,,582,,3,
其實不捨得 Hip-Hop ★ 楊小壯,,華語,68,,,,
其實很寂寞 歡子 ◆,,國語,,,,95,
其實很早我就喜,,華語,,,,,
其實我…,建軒,國語,,2,,1,
其實我…,李建軒,Unknown,,46461,,1,
其實我一直都想對,你說,國語,,76798,,3,
其實我一直都想對你說,莫文蔚,國語,552,,,77,
其實我並沒有將你遺忘,高明駿,國語,58,,,,
其實我也不知道,蕭煌奇,國語,,567,,3,
其實我們値得幸福,楊丞琳,國語,,58578,,3,
其實我們都寂寞,陶鈺玉,國語,,552,,3,
其實我們都寂寞,陶鈺玉,華語,575,,,67,
其實我們都沒錯,,華語,,,,45; ; ; ,
其實我好想有人陪,潘美辰,國語,,465,,9,
其實我很在乎你,車靜子,國語,,846,,3,
其實我很想你,羅百吉 EDM,國語,,,,61,
其實我很累,,華語,64,,,,
其實我想說的還 前男友 有很多,,華語,68,,,,
其實我憧你的心,中份分子,國語,,398,,3,
其實我還是有些,在乎,國語,,399,,3,
其實毎個男人都不容,杜歌,國語,,4,,1,
其實每個男人都不容易 梭 ○ 代表【midi無人聲】 ★ 代表【原聲 或 原聲原影】 適用機型：S-(BD/IMSBP系列/N系列/N2系列/W系列),● 代表【midi+人聲伴唱】 利用人如欲使用本產品於「公開場所」使用，請逕洽集管團體或著 ◆ 代表【midi+原聲伴唱】 作財產權人取得「公播授權」後，始得合法使用 1 上述符號為【歌曲類型】依機型及功能而有所不同 發行日期 /,華語,49,,,99,
其實男人也會流眼涙,海生,國語,,692,,1,
其實誰都沒有錯,林立洋,國語,63,,,,
其實都是一樣,齊泰,國語,,9,,3,
其實都是一樣,齊秦/齊豫,國語,59,,,44,
其實雨也沒多大 House ★ 倪紅,,華語,6651,,,,
其貝還愛你,阿沁,國語,,564,,3,
其貫不想走,周華健,國語,,450,,3,
其貫我愛你,江惠儀,台語,,444,,6,
冂房,林俊吉,台語,,0,,5,
内山兄,葉敕田,台語,,94789,,5,
内山兄;病相思,鱸啟田,台語,,593,,7,
内山兄坐車,,台語,,7,,6,
内山姑娘真無,葉敕田,台語,,4,,7,
内山小和尚,葉敗田,台語,,544,,6,
内心一句話,王中平,台語,,761,,6,
内心的笑容,ー陂,國語,,484,,3,
冊瑚海,周杰倫&LARARA,國語,,567,,2,
册翠山頭陳,蘭麗,國語,,640,,3,
再一個明天,楊峻榮,國語,,4,,3,
再一吹,揚烈,國語,,0,,2,
再一吹,黄瑞文,國語,,5,,2,
再一吹入夢,黎亞,國語,,49963,,3,
再一吹擁有,蕭玉芬,國語,,4,,3,
再一杯甜蜜蜜,,國語,,7,,3,
再一次也好,江美琪,國語,57,,,,
再一遍,3C1ub,國語,,0,,2,
再一遍,3CLUB,國語,3961,,,,
再世喙,金佩珊,台語,,2,,5,
再世情,方怡萍高向鵬,台語,,574,,5,
再也不分離,夏國星林玉英,國語,,545,,3,
再也不是你,,華語,65,,,,
再也沒有遇到他,,華語,69,,,,
再也沒有那種感覺,,華語,62,,,,
再來一杯,鄧麗君,國語,,8,,2,
再傷你一次,,華語,64,,,,
再出發,任賢齊,台語,8982,,,,
再出發,任賢齊阿十,台語,,7,,5,
再向前衝,,客語,2,,,51,
再吹傷害,鄭如涵,台語,,448,,6,
再唱等了刀麼久,祁隆,國語,,9,,9,
再回到從前,張鎬哲,國語,,5,,3,
再回首,,客語,0,,,51,
再回首,姜育恆,國語,,1,,2,
再多一點點溫柔,,華語,69,,,,
再多的愛,,華語,69,,,,
再奋中港路,詹雅雯,台語,,560,,6,
再奋啦初戀,,台語,,0,,6,
再度紅塵,王建傑,台語,563,471,,68; 68; 6; 68,
再度紅塵,薛添富,台語,,542,,6,
再度重相逢,佰百,國語,,497,,3,
再想你一遍,,客語,3,,,51,
再愛一回,陳潔儀,國語,,3,,2,
再愛一天,李明翰,國語,,49947,,2,
再愛一次,羅時豐林淑容,國語,,390,,2,
再愛一遍,游鴻明,國語,68,3,,; ; ; 2,
再愛一遍,陳勢安,國語,,452,,2,
再愛就不禮貌了,,華語,67,,,,
再會,尤雅,台語,,6,,5,
再會,洪百慧,台語,,5,,5,
再會,袁小迪,台語,,997,,5,
再會,許志豪,台語,,445,,5,
再會吧愛人,施文彬,台語,,481,,6,
再會吧憂愁,王瑞霞,台語,552,9,,94; 94; 94; 6,
再會啝心愛的人,楊靜,台語,,596,,8,
再會啝無喙彼個人,葉勝欽,台語,,481,,7,
再會啦,黃乙玲,台語,6889,,,,
再會啦再會,葉啟田,台語,,8,,6,
再會啦再會啦,豪記大,台語,,4,,7,
再會啦夢中見,施文彬,台語,,2,,7,
再會啦寂寞,邵大倫,台語,,958,,8,
再會啦心愛的,葉啟田,台語,,470,,7,
再會啦心愛的人,蘇錦煌,台語,568,,,63,
再會啦心愛的無喙,人”,台語,,3,,7,
再會啦故鄉,櫻挑姐,台語,,1,,6,
再會啦無緣的,邱芸子,台語,,5,,7,
再會啦紅毛港,洪文斌,台語,55389,,,00,
再會啦車站,辦桌二人組,台語,61,8,,; ; ; 6,
再會夜港都,,台語,,0,,6,
再會夜都市,葉啟田,台語,,1,,6,
再會夜都市,龍千玉,台語,,2,,6,
再會夢中人,蔡小虎,台語,556,4,,88; 88; 88; 6,
再會安平,袁小迪秀卿,台語,,4,,6,
再會巴!心上人,林玉英,國語,,3,,3,
再會巴原野,鳳飛飛,國語,,2,,3,
再會忙,露露菁,國語,,4,,2,
再會無情人,秀蘭瑪,台語,,488,,6,
再會無情人,秀蘭瑪雅,台語,8455,,,65,
再會無緣的情,莊孝緯,台語,,3,,7,
再會貓尾崎 Twist 陳強.洪建華 周小玲,,華語,,,,51,
再會青眷的夢,江惠儀,台語,,4,,7,
再次傷害,鄭如涵 特魯多,台語,6986,,,00,
再次纏綿,,客語,8,,,51,
再次讓我擁抱你李,茂山,國語,,3,,3,
再沒愛你的權利,勃露斯,華語,,,,60,
再沒有流淚的人,,華語,64,,,,
再沒相遇的第分,,國語,,6,,1,
再深,,華語,67,,,39,
再無歸期無歸人,,華語,69,,,,
再牽你的手,蔡幸娟,國語,,3,,3,
再生喙,蔡小虎龍千玉,台語,,7,,5,
再相會,江蕙,台語,69,8,,; ; ; 5,
再相逢,楊喬,台語,,599,,8,
再相逢,辯棠二人組,台語,,56659,,5,
再相逢,黃玉梅,國語,9,,,65,
再看我一眼,張琍敏,國語,,3,,3,
再結今世緣,,客語,0,,,51,
再給我一次機會,楊克強,國語,5,,,77,
再續情緣,,台語,,,,,
再續情緣,,客語,,,,55,
再聽一次,李玟,國語,,3,,2,
再見,張震嶽,Unknown,,3,,2,
再見,鄧紫棋,國語,,8,,9,
再見 Rainy Days,草蜢,國語,5,,,63,
"再見,青春",,台語,,,,,
再見一一面,李玟,國語,,3,,2,
再見不是再見,清源,國語,,683,,3,
再見不見,,台語,93,,,,
再見之月,張韶涵,國語,,5,,9,
再見乾杯,余天,國語,,577,,2,
再見再見,畢,國語,,9,,2,
再見前任,,華語,,,,,
再見只是陌生人,莊心妍,國語,,9,,9,
再見只是陌生人,莊心妍,華語,57438,,,60,
再見台北城,青青,台語,,7,,6,
再見吾愛,吳秀珠,國語,,5,,2,
再見啦！別說什麼,江玲.陳進興,國語,,,,,
再見夏天,鳳飛飛,國語,,6,,2,
再見巴愛情,王麟,國語,,6,,3,
再見情人橋,北卿,台語,,648,,6,
再見愛人,,華語,6761,,,,
再見愛忙,高安,國語,,3,,2,
再見我的愛,千葉美加,國語,,3,,3,
再見我的愛,櫻桃幫,國語,551,,,50,
再見我的愛人,動力火,國語,,3,,3,
再見我的愛人,鄧麗君,國語,,3,,3,
再見王子,棉花糖,國語,,7,,2,
再見白馬,,華語,6663,,,,
再見等於不見,王品,國語,,49970,,3,
再見老地方,陳明仁,國語,,579,,3,
再見舊人,,華語,,,,99,
再見舊人,林可昕,國語,,463,,1,
再見西雅圖,林凡,國語,540,,,58,
再見超級女生生,丁于,國語,,68484,,3,
再見車站,彭莉,台語,,2,,6,
再見那盞燈,,國語,6559,,,38,
再見阮的愛,王識賢,台語,8388,4,,56; 56; 56; 6,
再見陌生人,羅志祥,國語,,8,,9,
再見離別,姜育恆,國語,,6,,2,
再說,范逸臣,國語,42,,,,
再說一次愛我,鄭進一,國語,59,,,,
再說一次我愛你顧,峰,國語,,686,,3,
再說一遍我愛你,,台語,,,,97,
再說再研究,李松柏/雅玲,台語,496,,,60,
再説一吹愛我,鄭進一,國語,,8,,3,
再谷啝,蔡佳麟,台語,,444,,5,
再谷啝,黄乙玲,台語,,960,,5,
再起来山,李茂山,台語,,9,,6,
再起来山,蔡義徳,台語,,57787,,6,
再追一二人,張清芳,國語,,9,,2,
再追一次,張清芳 洛克,國語,90,,,,
再遇不到你這樣的人,莊心妍,華語,,,,69,
再遇見,蘇打碌,國語,,6,,2,
再重來一次,邵大倫,國語,,460,,9,
再見也莫提,,客語,3,,,51,
冖,沈建豪沈旁如,國語,,538,,2,
冖,潘美辰,國語,,556,,2,
冖個人,蔡依林,國語,,567,,2,
冖回,吳倩蓮,國語,,3,,2,
冖變,康康,國語,,8,,2,
冗溺,謝金燕,國語,,4,,2,
冘邊書,洪敬堯,國語,,4,,2,
冠軍曲,王中平,國語,,76684,,2,
冤宀路窄,佟夢實王心,國語,,592,,9,
冤家,陳淑萍,台語,561,948,,5; 61; 61; 61,
冤家變夫妻 恰恰 梁福成,,台語,,,,50,
冤家變親家,陳思安,台語,,3,,8,
冤枉的情路,楊惠絜,台語,55684,442,,61; 61; 6; 61,
冥,,華語,6875,,,,
冫习、,詹曼鈴,國語,,679,,2,
冫亻,系傅輝,國語,,568,,2,
冫声依舊一,毛寧,國語,,48498,,3,
冫夂,張蓉蓉,台語,,590,,8,
冫夂歹,費玉清,台語,,7,,5,
冫夂預兆,閃亮三姊,國語,,768,,3,
冫示冫,伍佰,台語,,3,,5,
冬.北風,傅振輝,台語,,041,,6,
"冬之.戀,清",鄧麗君,國語,,7,,2,
冬之雪,,華語,66,,,,
冬天梅,洪榮宏,台語,,4,,5,
冬天的台北雨,詹曼鈴,台語,,5,,8,
冬天的問候,花開花落人生如歌,華語,6938,,,,
冬天的天,沈志仲,華語,571,,,61,
冬天的懷念,蔡秋鳳,台語,,9,,6,
冬天的日頭,翁立友,台語,,567,,6,
冬天的暗暝,洪碧鳳,台語,,445,,6,
冬天的桔子,卓文萱,國語,5,,,82,
冬天的雨,,台語,97,,,,
冬天裡的一把火,高凌風,國語,,3,,3,
冬天裡的白玫瑰,地鐵兄,國語,,9,,3,
冬天過了是春天,羅時豐/江念庭,台語,76,,,43,
冬於放手,齊秦,國語,,388,,2,
冬李到台北來看,雨孟庭葦,國語,,3,,3,
冬風,劉信明,台語,56794,,,63,
冬點站,林子娟,國語,,980,,2,
"冰,主忈歌",傅振輝甲子慧,台語,,8,,8,
冰冷冷的想起那個,冰冷,國語,,49654,,3,
冰冷的天涯,林玉英,台語,,656,,6,
冰冷的天涯,韓寶儀,台語,,4,,6,
冰冷的心,林子娟,台語,568,5,,68; 68; 6; 68,
冰凌花,王冰洋,國語,,68385,,2,
冰力十足,任賢齊,國語,,939,,2,
冰封愛幺,張星唯,國語,,463,,9,
冰島漁夫,秀蘭瑪,國語,,1,,2,
冰木愛者你,張済芳,台語,,5,,6,
冰海,詹曼鈴,台語,561,96490,,5; 67; 67; 67,
冰深愛著你,游家順,台語,,5,,6,
冰的啦,呉克群豬哥亮,台語,,442,,5,
冰糖咖啡,,台語,79,,,,
冰閨裡人,崔萍,國語,,947,,3,
冰雨,,台語,,3,,5,
冰點與沸點,黃磊/曾寶儀,國語,559,,,44,
冷之情,俞隆華,台語,80,,,49,
冷井情深,林良樂,國語,,8,,2,
冷冷世間,李嘉,台語,553,,,00,
冷冷清清的都市,蔡小虎,台語,88,,,57,
冷冷的城市,詹雅雯,台語,,3,,6,
冷冷的心,王建傑,台語,562,,,61,
冷冷的心上人柯,花珍,國語,,3,,3,
冷冷的心上人沈,文程,國語,,3,,3,
冷冷的棉被,張秀卿,台語,,1,,6,
冷冷的相思,蔡秋鳳,台語,8557,8,,71; 71; 71; 6,
冷冷的被單,,台語,,,,51,
冷冷的被單,陳阿香,台語,,950,,8,
冷夏,夏天Alex&>5,國語,,49846,,2,
冷影,,台語,63,,,,
冷心肝,張蓉蓉,台語,,44438,,5,
冷忙淚,詹雅雯,台語,,880,,5,
冷戰,侯湘嬶,國語,,3,,2,
冷戰,楊丞琳,國語,,566,,2,
冷暖人生,林良歡,台語,,3,,8,
冷月,,台語,,,,41,
冷月掛傷痕,吳俊宏,台語,,57540,,6,
冷月照孤單,曾明煌,台語,,488,,8,
冷月照西窗,陳盈潔,台語,,6,,6,
冷淡,江宏恩,台語,558,,,61,
冷淡的接吻,洪一峰,台語,,582,,6,
冷淡的月,西卿,台語,,870,,8,
冷燒酒,陳雷,台語,,947,,5,
冷看人生,蔡麗津廖偉志,台語,,94873,,6,
冷眼看人生,蔡麗津/廖偉志,台語,564,,,65,
冷空氣,,華語,6561,,,38,
冷空氣的獨白,,國語,,3,,3,
冷笑話,向蕙玲,台語,,7,,5,
冷耳光,楊培安,國語,,882,,9,
冷血動物,丁噹,國語,,579,,2,
冷被單,沈芳如,台語,557,,,61,
冷被單,陳思安,台語,,7,,8,
冷酸風,陳百潭陣凱欣,台語,,485,,8,
冷霜月娘,甲子慧,台語,559,,,61,
冷風吹,于希平,台語,552,,,90,
冷風沙,孫浩雨,國語,,1,,9,
冷風的暗暝,王中平,台語,569,0,,61; 61; 6; 61,
准人甲你作伴揚,哲,台語,,499,,7,
准叫我想歹勢余,天,台語,,496,,7,
准怕誰4,&N&LOVE,國語,,5,,2,
准的錯,GT二崇,國語,,891,,2,
准的錯,方阡翊,國語,,889,,2,
凌晨三點鐘,張智成,國語,48,,,,
凌晨三點鐘,羅百吉/寶貝,國語,552,,,61,
凌晨等太陽,,台語,,,,38,
凍結,林俊傑,國語,,596,,2,
凘、灑小姐,簫亞軒,國語,,571,,3,
凘瀟仅雨,包娜娜,國語,,551,,3,
凘灑的走,鳳飛飛,國語,,5,,3,
凝凝凝,陳盈潔,台語,,443,,5,
凝心的酒,八吹郎謝沖琳,台語,,495,,6,
凝望,江美琪,國語,,5,,2,
凝望,費玉清,國語,,7,,2,
凡事甭計較,燕子,國語,2,,,66,
凡事靠自己 風生又水起,,華語,63,,,,
凡人歌,李宗盛,國語,,5,,2,
凡夫俗子,羅吉鎮,國語,,0,,2,
凡用賽之涙,王思仕,國語,,464,,9,
凡甭訁交,燕子,國語,,542,,3,
凡能遇見的人,,華語,69,,,,
凡間,羅時豐,台語,,439,,8,
凱旋歌,,國語,,5,,2,
凱旋歌,周玻,國語,,746,,2,
凱旋歌,紫薇,國語,,3,,2,
凵艮晩的晩安,孫盛希,國語,,491,,1,
出乎意料,山風點亻,國語,,3,,2,
出乎意料,高以愛潘鍏,國語,,4,,2,
出人頭地,顏塗樟,台語,3,,,66,
出來面對,小辣椒,台語,,94788,,6,
出去走走,張震嶽,國語,,8,,2,
出口,~徐佳瑩,國語,,4,,2,
出口,戉道子,國語,,843,,2,
出味,,台語,,,,,
出塞,,台語,,,,46,
出塞曲,張清芳,國語,,3,,2,
出境入境,歐陽菲,國語,,3,,2,
出外人,凌峰,台語,,1,,5,
出外人,劉福助,台語,,490,,5,
出外人生,高向鵬,台語,,772,,6,
出外人的心声,林在福,台語,,549,,7,
出外人的愛,羅冠中,台語,,8,,6,
出外人的愛,蔡小虎,台語,6594,3,,; ; ; 6,
出外囝仔的歌,,台語,,486,,7,
出外好朋友,袁小迪董事長,台語,,6,,6,
出外心茫汜,石喬,台語,,9,,6,
出外心茫茫,石喬 吉力巴,台語,6768,,,,
出外我頭路,葉敗田,台語,,9,,6,
出外打拼,江銘,台語,,384,,6,
出外為理相,周一,台語,,954,,6,
出外無賺錢,葉敕田,台語,,4,,6,
出外的人,徐嘉良,台語,,58473,,6,
出外的人,鳳飛飛,國語,,3,,2,
出外的囝仔唱著故鄉的月,七郎,台語,,592,,8,
出外的国仔,七郎,台語,,3,,6,
出外的女人,石琇惠,台語,,1,,6,
出外的歌,楊哲,台語,,470,,6,
出外的浪子,蔡義德,台語,55498,,,61,
出外的男兒,,台語,,,,,
出外的英雄,高向鵬,台語,,765,,6,
出嫁,張清芳,國語,,8,,2,
出嫁詹,猚雯,台語,,4,,5,
出尖曲,蔡琴,國語,,6,,2,
出局,,華語,6380,,,,
出差苦,七郎,台語,55569,,,61,
出帆,良山 特魯多,台語,79,,,,
出征,陳明仁,國語,,947,,2,
出戀,,台語,,0,,5,
出手無回,王瑞霞,台語,,493,,6,
出日頭,謝雷,台語,,764,,5,
出牆,,華語,68,,,,
出生入死的打火 蕭清文/沈義珍 兄弟 搖滾 ○ 代表【midi無人聲】 ★ 代表【原聲 或 原聲原影】 適用機型：S-(BD/IMSBP系列/N系列/N2系列/W系列),● 代表【midi+人聲伴唱】 利用人如欲使用本產品於「公開場所」使用，請逕洽集管團體或著 ◆ 代表【midi+原聲伴唱】 作財產權人取得「公播授權」後，始得合法使用 1 上述符號為【歌曲類型】依機型及功能而有所不同 發行日期 /,國語,40,,,,
出界,鄭秀文,國語,,3,,2,
出發,何俐恩,國語,,6,,2,
出發啦,良一,台語,56638,,,67,
出賣,林淑姮,台語,393,,,69,
出賣,艾晴晴,國語,,49675,,2,
出賣,那英,國語,,5,,2,
出賣心肝,董育君,台語,,753,,6,
出賣我,,國語,,4,,1,
出運,陳雷,台語,558,2,,5; 61; 61; 61,
出運啝,蕭煌奇,台語,,57497,,5,
出頭天,五月天,國語,,56594,,2,
出頭天,李素專,台語,,8,,5,
出頭天,鄔兆邦,台語,,59756,,8,
出頭的日子,大衛,台語,56965,,,60,
出頭的日子,葉秋菊,台語,8,544,,65; 65; 6; 65,
凼魂曲,月杰倫,國語,,489,,2,
凼魂牟、,張智成,國語,,56860,,2,
凼魂計&,3C1ub,國語,,6,,2,
凿你還是放不,長春蟲,國語,,47647,,3,
刀ンく,林龍,台語,,775,,8,
刀僉心,劉昱賢,台語,,96491,,5,
刀工,美對,國語,,549,,2,
刀星,徐承邦,台語,,066,,5,
刀槍不入,,華語,6781,,,,
刀那麼,伊伊能靜,國語,,9,,2,
刀馬旦,李玟,國語,5,6,,38; 38; 38; 2,
刁、ーむ目艮,陶品瑩,國語,,3,,2,
刁、星星,王心凌,國語,,2,,2,
刂,丁文琪,國語,,4,,2,
刂,黎亞,國語,,499,,2,
刂一輩子愛著你,祁隆,國語,,5,,3,
刂一陣風雨,謝莉娉,台語,,591,,5,
刂再傷害我,易欣,國語,,49856,,3,
刂再為我哭,易欣,國語,,49939,,3,
刂問世間,王識賢,台語,,2,,5,
刂後常想我,陳政綺,國語,,677,,3,
刂怕我傷心,張信哲,國語,,5,,3,
刂愛無藥通醫,沈芳如,台語,,491,,6,
刂苦酒,七郎,台語,,960,,5,
刂說愛情苦劉,德華,國語,,8,,3,
刂靈魂強要飛出,俞隆華,台語,,76591,,7,
刂高枕無憂,張宇,國語,,2,,2,
刃個人就是我,尤雅,國語,,6,,3,
刃年夏天宜靜的,海王凌,國語,,5,,3,
分不開,,華語,63,,,,
分享,伍思凱,國語,,8,,2,
分享,黃雅莉,國語,,680,,2,
分享滴滴福泰源,,華語,,,,,
分分合合,莊心屼蕭全,國語,,5,,9,
分分手,呂呂雯,國語,,68389,,2,
分別容易相見難,鄭源,華語,57540,,,67,
分夜実風冷酸酸,張宇,台語,,7,,7,
分夜港都我尚美,袁迪,台語,,6,,7,
分夜無欲講愛情,陳,台語,,499,,7,
分夜猶原想著你,邱芸子,台語,,482,,7,
分夜雨聲帶怨嘆,戴梅君君威,Unknown,,996,,8,
分居,吳梵,國語,596,,,81,
分愛,易欣,國語,,497,,2,
分手,張蓉蓉,台語,,742,,5,
分手,龍飄飄,國語,,9,,2,
分手不是永恆,陳順,華語,573,,,61,
分手之前,于台煙,國語,5,,,66,
"分手之前,",于台煙,國語,,872,,9,
分手也是種幸福,李曉偉,國語,,548,,1,
分手了以後,雨浩楓,華語,572,,,61,
分手了別來打擾,陳,國語,,464,,1,
分手了還是朋友,程響,國語,,1,,1,
分手以後,張爽,國語,,498,,2,
分手依然愛你,乛冷漠,國語,,49692,,3,
分手吧,文筱芮,國語,,454,,2,
分手後不要做,友梁文音,國語,,7,,3,
分手後別來打,我陳瑞,國語,,7,,3,
分手後就不要,頭高進,國語,,3,,3,
分手後我是你,誰伊琳,國語,,5,,3,
分手後我該怎麼過,鮎古,國語,,999,,1,
分手快樂,梁靜茹,國語,78,,,,
分手情歌,,台語,84,,,46,
分手時不哭泣,工鍵,國語,,689,,3,
分手沒講再見,,客語,6,,,51,
分手的時候不要說抱歉,唐古,國語,,0,,9,
分手的珈琲,孫淑媚,台語,,862,,6,
分手的話,張瀛仁,台語,,4,,5,
分手的項鍊,,客語,,,,55,
分手第七天,黄湘怡,國語,,5,,3,
分手紀念日,曽心梅,台語,,964,,6,
分手説愛你,imber1,國語,,465,,3,
分手那滴眼涙留給,,國語,,3,,1,
分擔,郭婷筠,台語,,446,,5,
分生,張惠妹,國語,,568,,2,
分裂,周杰倫,國語,5,,,,
分開,楊乃文,國語,5,,,82,
分開,豪記大對唱,台語,,4,,5,
分開90天,王羽澤,國語,,497,,2,
分開不一定分手,山野,華語,573,,,61,
分開後我還想你,,華語,65,,,,
分開旅行,黄立行,國語,,9,,2,
分開是痛苦的開始,上明簡美雀,台語,,43944,,8,
分開的彼一天,曾明莉,台語,,2,,7,
分開的結果,鐘的呈,國語,,7,,3,
分開第七天,林俊彦,台語,,490,,6,
分離不是我的,江淑娜,國語,,583,,3,
分離是不得己,陳明仁,國語,,5,,3,
分離的感受,張秀卿,台語,6600,,,,
分離的戚受,張秀御,台語,,2,,6,
切乎離,賴慧如,台語,,43869,,8,
切仔麵,張文綺,台語,,981,,8,
切仔麵,張文綺蓸雅雯,台語,,46695,,8,
切切卞快活,蔡秋鳳,台語,,963,,6,
切切卡快活,蔡秋鳳 Swing,台語,69,,,,
切心,王識賢,台語,55761,48900,,5; 61; 61; 61,
切歌,李聖傑,國語,,56995,,2,
切點,藍,國語,,49570,,2,
刖攵,于台煙,國語,,2,,2,
刖航,潘安邦,國語,,886,,2,
初一到十五,張也,國語,,4,,3,
初一到十五,張琍敏,國語,,3,,3,
初出洞門的內山兄,葉啟田,台語,,2,,7,
初夏,劉瑞琦,國語,,761,,2,
"初忈,主亠",陳淑樺,國語,,779,,2,
初戀,川島茉樹代,國語,,3,,2,
初戀夢,張淑美,台語,,8,,5,
初戀夢,沈建豪,台語,,1,,5,
初戀夢,沈建豪/林良歡,台語,80,,,,
初戀夢,陳雷,台語,8554,,,75,
初戀女,小鷽歌,國語,,6,,2,
初戀女,費玉済,國語,,963,,2,
初戀小調,劉福助,台語,,94795,,6,
初戀彼段情,李千羿,台語,,54755,,6,
初戀彼段情,李千羿 慢迪斯可,台語,543,,,61,
初戀心綿綿,蔡秋鳳,台語,,886,,6,
初戀情形,鳳飛飛,台語,,587,,6,
初戀日記,許石唱,台語,,3,,6,
初戀時代,洪一峰,台語,,447,,6,
初戀海,王識賢,台語,,5,,5,
初戀海,王識賢 慢迪斯可,台語,7779,,,43,
初戀港,陳文生,台語,,2,,5,
初戀滋味,櫻花姉,台語,,479,,6,
初戀的人,黃西田,台語,,44700,,6,
初戀的地方,鄧麗君,國語,,58984,,9,
初戀的姑娘,祁隆,國語,,9,,9,
初戀的小姑娘,文鶯,台語,,992,,7,
初戀的小路,文夏,台語,,3,,6,
初戀的小路,陳薪喨,台語,,77547,,8,
初戀的心情,任珍,台語,,564,,6,
初戀的情侶,秀美,台語,,543,,6,
初戀的情侶,鄭如涵 吉力巴,台語,6988,,,00,
初戀的愛,,台語,,954,,6,
初戀的愛人,葉啟田,台語,84,3,,48; 48; 48; 6,
初戀的海岸,陳秀枝,台語,,546,,6,
初戀的港,陳燕芬,台語,,49481,,6,
初戀的港岸,陳盈潔,台語,,4,,6,
初戀的滋味,,台語,89,,,,
初戀的滋味,孫淑媚,台語,,5,,6,
初戀的滋味,翁倩玉,國語,,8,,3,
初戀的烏石港,林珍珠,台語,4,,,69,
初戀的熱度,葉啟田,台語,,565,,6,
初戀的約會,張子祿韓淑卿,台語,,5,,8,
初戀的電話苧,尤鳳,台語,,438,,7,
初戀紀,露霞,台語,,9,,5,
初戀花,李嘉,台語,,539,,5,
初戀袁向,小迪莍玲,台語,,556,,5,
初戀西門町,林久登,台語,,444,,6,
初戀陳,百潭,台語,,2,,5,
初戀風,蔡閨,台語,,5,,5,
初更過,,華語,62,,,,
初次的約會,郭金發,台語,,5,,6,
初糹夢,陳雷,台語,,8,,5,
初聽,,華語,6964,,,,
初衷,,華語,,,,98,
初逢方亠,怡萍向鵬,台語,,449,,5,
初遇,,華語,69,,,,
"別,愛(續)",,華語,6592,,,,
別一我真愛上祢、,李玟,Unknown,,844,,3,
別人的尪,李芊慧,台語,,8,,6,
別人的故事,夾子道,國語,,746,,3,
別人的阿娜答,黃靖惠,台語,56451,,,61,
別人的香水味方,怡萍,台語,,569,,7,
別以為,MAKIYO,國語,,7,,9,
別以為男人就不會,灵,國語,,3,,3,
別來無恙,張清芳,國語,,9,,2,
別來無恙,李佳薇,國語,,5,,2,
別來這套,沈芳如,台語,55995,,,61,
別停息,原始林,國語,556,,,85,
別傷害我,,華語,,,,,
別傷阮的心,洪榮宏,台語,76,4,,; ; ; 6,
別傻了姑娘,,華語,69,,,,
別再來找我,鄧麗君,國語,,8,,3,
別再做傻瓜 原來我才是那只年獸 Disco Hip-Hop 指尖笑,,華語,67,,,,
別再傷心了好,蔡幸娟,國語,,3,,3,
別再問我愛你有多,深,國語,,3,,3,
別再孤獨,秦偉&,國語,,6,,2,
別再對我好,,華語,64,,,,
別再撐了,,國語,,5,,1,
別再說你愛著,段千尋易欣,國語,,49857,,3,
別再騙我,黑龍,國語,,586,,2,
別去打擾他的,張惠妹,國語,,3,,3,
別口我寶貝,Diva*/,國語,,452,,3,
別告訴我他傷,許景淳,國語,,9,,3,
別哭,鄭中基,國語,583,3,,55; 55; 55; 2,
別問,張學友,國語,,598,,2,
別問很可怕,J.»Sheon,國語,,593,,1,
別問愛情,黃思婷,台語,,57972,,6,
別問我是誰王,馨平,國語,,7,,3,
別問我會不會後悔,趙詠華,國語,594,,,55,
別問舊傷口辛,曉琪,國語,,459,,3,
別在上課偷看我的,心,國語,,3,,3,
別在下雨天偷偷的,哭泣,國語,,3,,3,
別在乎,,華語,,,,,
別在分手的時候說愛我,韓信,華語,570,,,61,
別在我離開你之,前離開,國語,,8,,3,
別在窗前等我,楊林,國語,595,,,55,
別壞去,搖滾,國語,,,,60,
別太溫杀,吳克群,國語,,3,,2,
別害怕天總會亮,,華語,6764,,,,
別害怕說再見,,華語,6840,,,,
別對我太好周,蕙,國語,,9,,3,
別對我好,陶品瑩,國語,,984,,2,
別對我想念劉,亻純,國語,,542,,3,
別後常想我,陳玟綺,國語,559,,,00,
別忘,,華語,6461,,,,
別怕我傷心,張信哲,國語,38,,,,
別恨我無情,詹曼鈴,台語,8556,8,,72; 72; 72; 6,
別想太多,,國語,,540,,2,
別想太多,張芮馨,國語,,798,,2,
別愛我,鄭中基,國語,,4,,2,
別愛陌生人林,氵容,國語,,5,,3,
別憨啊,李嘉,台語,553,,,83,
別戀,堂娜,國語,,4,,2,
別把我忘記,,華語,64,,,,
別把我說得太壞,,華語,6945,,,38,
別把疼你的人弄去,宗秝,國語,,8,,1,
別提你的心張,學友,國語,,3,,3,
別有用心,,台語,,,,44,
別無他求,姜鵬,國語,,685,,2,
別用冰冷的愛靠近,我,國語,,49657,,3,
別疼我,何以奇,國語,,5,,2,
別痛,,華語,63,,,,
別祝我快樂,,華語,,,,96,
別祝我快樂,謝子淇,國語,,849,,1,
別笑我傻,陳嘉媚,國語,,451,,2,
別等我離開才說愛,我,國語,,49741,,3,
別計較太多,,華語,6589,,,,
別說,郭富城,國語,,6,,2,
別說下輩子愛我,,華語,66,,,,
別說你依然愛,李碧華,國語,,8,,3,
別說你還想著他,賀一航,華語,57496,,,71,
別說再見,林玉英,國語,,762,,2,
別說可惜,陳淑樺,國語,,6,,2,
別說對不起,S.H.E,國語,5,,,44,
別說愛情苦,劉德華/梅艷芳,國語,584,,,55,
別說我的眼淚你無,所謂,國語,,4,,3,
別說無所謂,葉諾帆&張,台語,,46868,,8,
別說話吻我,,華語,45,,,96,
別説你還想著,賀一航,國語,,969,,9,
別説沒愛過,韋禮安,國語,,782,,9,
別講阮無情,孫淑媚,台語,,2,,6,
別讓她走,劉恩,國語,,6,,1,
別讓她走,劉恩鑠,華語,57554,,,68,
別讓愛情溜走,夏台瑄,國語,,763,,3,
別讓我哭,羅時豐林姍,台語,,573,,6,
別讓我最後才知道,劉嘉玲,國語,69,,,,
別讓我走,胡力,國語,,767,,2,
別讓明天的太陽離,開我,國語,,1,,3,
別走,庚澄慶,國語,,3,,2,
別走得那麼快,曲祐良,國語,567,,,61,
別走掉,,華語,6787,,,,
別錯過,,華語,65,,,,
別離開,,華語,,,,53,
別離開,于立成,國語,,8,,2,
刪(句句是遺憾),,華語,60,,,,
刪不掉的回憶,,華語,64,,,,
刪了吧,,華語,64,,,,
到=我和妳,MCHotDo住&,國語,,2,,3,
到等於我和你,范珒琪,國語,,676,,3,
到不了的地方,蕭敬騰,國語,,58388,,3,
到不了的幸福,BII,國語,,3,,3,
到了這個年紀,,華語,6543,,,,
到哪裡找那麼好,的人,國語,,3,,3,
到如今,蔡榮祖,國語,,380,,2,
到尾你著知,俞隆華,台語,,751,,6,
到底什麼時候你才會瞭解我,毛泓豔,華語,578,,,61,
到底多久,黃義達,國語,544,,,40,
到底你的心内敢還擱有我,存在王識賢,台語,,5,,7,
到底愛不愛我,馬健濤,國語,,49772,,3,
到底愛怎麼了,王心如,國語,,56891,,3,
到底愛我不愛,,國語,,3,,3,
到底愛我不愛,第三段共節峚,國語,,98462,,3,
到底愛選是不愛,葉瞹菱,國語,,7,,3,
到底是按怎,謝莉婷,台語,,44457,,6,
到底是為了誰,甄媚,國語,,7,,3,
到底是誰傷了誰,的心,國語,,640,,3,
到底為什麼,廖清英 特魯多,台語,384,,,69,
到底為什麼,張小玲,台語,,942,,8,
到底為啥代,江蕙,台語,,2,,6,
到底要按怎,方怡萍,台語,55548,,,,
到底要按怎,王玲,台語,8992,3,,; ; ; 6,
到底誰是伊,江蕙,台語,6971,,,,
到底誰的錯,顏塗樟,台語,3,,,66,
到底選能愛多久,山野,國語,,683,,3,
到擔我才知,陳雷,台語,,3,,6,
到時你就知,孫淑媚,台語,55780,698,,61; 61; 6; 61,
到最後愛你的人還,是我,國語,,49680,,3,
到站,小辣椒,台語,,7,,5,
到這吧,,華語,64,,,,
到這為止,孫淑媚,台語,85,486,,75; 75; 75; 6,
到這為止,陳怡婷,台語,,439,,8,
到那裡我人愛我,陽帆,國語,,2,,3,
刷牙歌,范曉萱,國語,,6,,2,
刺心的,王秀琪,台語,,8,,8,
刺桐花,王建傑,台語,55975,0,,5; 61; 61; 61,
刺鳥、,F.I.R,國語,,1,,2,
刻字,翁立友秀卿,台語,,48881,,5,
刻心戀,郭忠祐,台語,,46699,,8,
刻恨,,台語,,,,43,
刻骨相思,,國語,,8,,2,
剋穆的身魂,羅文聰洪瑞襄,台語,,568,,6,
前世咱是啥關係,伍浩哲,台語,69,,,,
前世情人,周杰倫,國語,,855,,9,
前世情人,林子娟,國語,568,,,63,
前世注定,,台語,,,,,
前世約定,詩雨/雲凡,客語,578,,,00,
前世緣,秀蘭瑪雅/陳冠霖,台語,55449,,,,
前世緣,陳冠霖秀蘭瑪,台語,,56984,,5,
前世緣,陳揚靜,台語,,1,,5,
前世罪,曉楓,華語,572,,,61,
前世言主定,呉海性睥淑姶,台語,,549,,6,
前世言主定,陳盈潔,台語,,944,,6,
前世言主定,陳盈潔呉欣,台語,,560,,6,
前世註定,潘越雲,台語,64,,,,
前世情,,客語,884,,,51,
前奏以後,李碧華,國語,,4,,2,
前男友,曾靜玟,國語,,57544,,2,
前看愈甲意,張小玲,台語,,962,,8,
前程似錦 Folk 一麼,,華語,67,,,,
前輩阿張,良偉&,台語,,889,,5,
前途康莊,,客語,2,,,51,
前途甲理想,侖隆華,台語,,4,,6,
前途甲理相,廖峻,台語,,465,,6,
前途翁,立友,台語,,568,,5,
前途蘇,世豪,台語,,7,,5,
前面後面,唐齠良,台語,,6,,6,
剛好遇見你,李玉剛,國語,,590,,9,
剩夏,,華語,6444,,,,
剪刀嘴,蕭亞軒,國語,,961,,2,
剪刀石頭布,美美 吉力巴,國語,5,,,81,
剪剪花,,客語,1,,,51,
剪愛,楊淑慎,台語,,46577,,8,
割捨不斷,,華語,65,,,,
創造好前程,丁信洲,台語,,8,,8,
創造好名聲,映宏,台語,,2,,8,
創造好名聲,鄭輝,台語,2,,,66,
創造好將來,黃振昌 特魯多,台語,6,,,65,
創造我的天,曾寶玉,台語,4,,,64,
創造美夢,呂淑玲,台語,7,,,,
劃過天際,張清芳,國語,5,,,,
劇本,施文彬,台語,80,,,57,
劍王子,劉福助,台語,,580,,5,
力量,,台語,,,,,
力量,林姍,台語,,846,,5,
力量,羅志祥,國語,4951,,,,
力量,邱賢桂,台語,,4,,8,
加倍愛你,,華語,66,,,,
加勒比海盜,,台語,,,,42,
加州陽光,張清芳,國語,80,,,,
加油,TOKYO&D,國語,,655,,2,
加油,孫淑媚,台語,568,684,,5; 64; 64; 64,
加油,林俊傑姚中仁,國語,,1,,2,
加油張,秀卿,台語,,465,,5,
加行幾條街,黃妃,台語,6980,,,,
加速離開,中堅份,國語,,3,,2,
加速離開,中堅份子,國語,5,,,46,
勁舞公主,芭比,台語,,574,,6,
勁舞的女孩,藍心湄,國語,,0,,3,
勇,張蓉蓉,台語,,568,,5,
勇伯賣米粉,,台語,,562,,6,
勇士,曾瑋中,台語,,59389,,8,
勇敢 抒情搖滾 ★ 丁芙妮,,華語,61,,,,
勇敢一點,趙傳,國語,565,,,38,
勇敢去愛,,台語,00,,,51,
勇敢去愛,K One,國語,5,,,,
勇敢去面對,蘇錦煌,台語,,8,,6,
勇敢地把愛說出來,沈志仲,華語,578,,,61,
勇敢就是你名,白冰冰,台語,,76549,,7,
勇敢是吶的名,鄭進一&王諟賢,台語,,1,,7,
勇敢的人,,華語,85,,,54,
勇敢的人,秀蘭瑪,台語,,9,,6,
勇敢的人,蘇錦煌,台語,,583,,6,
勇敢的人,蘇錦煌 特魯多,台語,6989,,,00,
勇敢的幸畐,Sweet,國語,,774,,3,
勇敢的愛,彭立,台語,55772,4,,61; 61; 6; 61,
勇敢的愛,李翊君,國語,45,,,,
勇敢的期待,,華語,,,,,
勇敢的期待,羅聰,國語,,878,,1,
勇敢的歌聲,王月寶,台語,600,,,61,
勇敢的歌聲王,月寶,台語,,544,,6,
勇敢的汗,田帥,台語,,2,,8,
勇敢的男兒,蔡小虎,台語,,445,,6,
勇敢的男子漢,陳小龍,台語,,9,,7,
勇敢的花蕊,郭美雲,台語,599,,,,
勇敢的走下去,賰義玲,國語,,4,,9,
勇敢的金門人,小東,台語,,46773,,8,
勇敢走出你的,石喬,台語,,585,,7,
勇敢走出你的路,石喬,台語,6765,,,,
勇敢踏出人生第一步,石喬,台語,553,,,00,
勇敢踏出人生第一歩,石喬,台語,,551,,7,
勇敢隨風,王瑞霞,台語,,576,,6,
勇敢鬥牛隊唐,飛,台語,,491,,6,
勇者之歌,謝霆鋒 洛克,國語,39,,,,
勉強無路用沈,梅子,台語,,544,,6,
勉強的笑容沈,文程,台語,,2,,6,
勉強翁,立友,台語,,56440,,5,
勉為其難,王冕,Unknown,,59738,,1,
動,吳克群,國語,,563,,2,
動不動亠説愛我,芝麻龍,國語,,3,,3,
動不動就說愛我,陳艾玲,國語,,3,,3,
動了情傷了心,長春蟲,國語,,49894,,3,
動你的屁股,羅百吉,國語,567,,,68,
動力火車,動力火,國語,,3,,2,
動你的屁股,羅百吉,國語,,569,,3,
動心,周華健,國語,,4,,2,
動心,溫嵐/林邁可,國語,500,,,39,
動心一輩子,趙詠華,國語,84,,,,
動物的悲歌,張雨生,國語,,8,,3,
動的心,姜育恆,國語,,9,,3,
勝利歌,超口愛燊團,國語,,2,,2,
勝利的歌聲,葉清山,台語,,0,,8,
勝者為王,王識賢,台語,,2,,6,
勞碌个阿姆,,客語,,,,,
勤儉,林雪美,台語,4,,,65,
勤儉卡有底,卓依婷,台語,,5,,6,
勤儉是美德,張峯子,台語,9,,,60,
勤家,高淑珍,台語,,438,,8,
勸世歌,劉福助,台語,,982,,8,
勸世歌,鄧麗君,台語,,6,,5,
勸你不通醉,陳小雲,台語,85,,,53,
勸君一杯酒,,客語,3,,,51,
勸君要珍惜,陸杰裡,國語,9,,,60,
勸善歌,楊小萍,台語,,843,,8,
勸你一句話,陳小雲,台語,,7,,7,
勸浪子,,台語,,9,,5,
勸浪子,黄乙玲,台語,,574,,5,
勸自己,,客語,42,,,56,
勸觧,林郁芳,台語,,681,,5,
勾一勾,文筱芮,國語,,684,,2,
勾勾手,楊淨宇,國語,561,,,63,
勾阿勾手指,陳思安,台語,,8,,8,
"勿,心戀歹",詹曼鈴,台語,,4,,6,
勿別,張學友,國語,,3,,2,
勿心只為你伍,天宇,國語,,47649,,3,
勿心小巷,東雷,台語,,683,,6,
勿心小巷,蔡小虎,台語,,996,,6,
勿心小站莊,振凱,台語,,845,,6,
勿心小雨召,邱芸子邵大倫,台語,,444,,6,
勿心小雨召,阝大倫阝芸子,台語,,2,,6,
勿心巴台羅朱,文聰慧珍,台語,,567,,6,
勿忘我,楊燕,國語,,587,,2,
包你幸福,七郎,台語,83,7,,60; 60; 60; 6,
包容,,華語,81,,,,
包容,于台煙,國語,580,767,,2; 68; 68; 68,
包容,鄭源,國語,,57880,,2,
包月天,胡瓜,國語,,4,,2,
包泡糖,戴雪儿,國語,,6,,2,
包袱,胡彥斌,國語,,474,,9,
包青天,蒋光超,國語,,944,,2,
匆匆,,華語,63,,,39,
匆匆,林憶蓮,國語,,5,,2,
匆匆,王孟麗,國語,,81,,2,
匆匆,田路路,國語,,490,,2,
匆匆別後,潘安邦,國語,,739,,2,
匆匆走過,莫少聰 吉力巴,華語,,,,61,
匆匆那年,王菲,國語,,6,,2,
匆忙人生,楊丞琳,國語,,689,,2,
匋汰,陳奕迅,國語,,567,,2,
匍萄+美酒,劉文正鄭吟秋,國語,,390,,3,
匍萄美酒,葉璦菱,國語,,98459,,3,
匕,沈文程,台語,,441,,5,
匕娃娃,,國語,,0,,2,
匕心,周華健,國語,,7,,2,
匕洛土寺,蔡秋鳳,台語,,5,,6,
匕窩城堡,黃甄妮,國語,,48484,,3,
化化世界氵,袁小迪游小,台語,,447,,6,
化右離枝,蘇芮,台語,,5,,6,
化妝師,陳小雲,台語,,3,,5,
化惢女人心,陳淑萍,台語,,7,,8,
化浴誰豕,紫薇,國語,,8,,2,
化連讚,鄭寛助,台語,,6,,8,
化風行萬里,,華語,6641,,,,
北三媽,彭立,台語,,996,,5,
北京下雪,鄭君威,台語,,9,,6,
北京愛情,小柯,國語,,58381,,2,
北京愛情故事,大哲,Unknown,,997,,1,
北京的夏天,,華語,64,,,,
北京的金山上,藏族民,國語,,985,,3,
北北極極雪雪,馮徳倫,國語,,4,,2,
北原山貓叫春,北原山,國語,,451,,3,
北原山貓叫春,北原山貓,國語,566,,,79,
北國之春,文夏,國語,,9,,2,
北國之眷,文夏,台語,,775,,8,
北國之花,勃露斯,台語,989,,,64,
北平的秋,,華語,67,,,38,
北投之女,劉燕燕,台語,,492,,6,
北斗奠安宮,林雪美,台語,2,,,65,
北斗星,溫嵐,國語,5,,,,
北方的北,,華語,6587,,,,
北極,李亞明,國語,,7,,2,
北極之光,萬芳,國語,,3,,2,
北極圈,F.I.R,國語,3957,9,,; ; ; 2,
北極星,張語倢,國語,,480,,2,
北極星,詹雅霙,台語,,58382,,5,
北極星的眼淚,張棟樑,國語,597,,,58,
北漂,,台語,,,,,
北西南來,蘇芮,國語,,9,,2,
北風,于台煙,台語,561,,,61,
北風,張鎬哲,國語,,2,,2,
匞燈的所在陳,一郎,台語,,4,,6,
匞線郷三個沈,芳如,台語,,768,,6,
匷續動,動力火,國語,,4,,3,
匿名的好友,楊丞琳,國語,,570,,3,
匿名的安慰,心凌,國語,,974,,3,
十一哥,葉啟田,台語,,1,,5,
十一年,邱永傳,國語,,8,,2,
十一月的政瑰,徐紫淇,台語,,1,,7,
十一月的玫瑰花,徐紫淇 勃露斯,台語,55000,,,61,
十七,S.H.EE,國語,,46476,,1,
十七八歲的年代,吳淑敏,台語,557,,,00,
十七十八乀,鳳飛飛,國語,,76643,,2,
十七後,,華語,65,,,,
十七歲,伊能靜,台語,,7,,5,
十七歲女生的溫柔,李宗盛,國語,38,,,,
十七歳的雨李,林志穎,國語,,5,,3,
十七號公路,施文彬,台語,,0,,8,
十三支大老二,砰坪樂,台語,,7,,7,
十二月的情批,黃乙玲,台語,55573,,,61,
十二月的情批,黄乙玲,台語,,5,,7,
十二樓,莫文蔚,國語,50,9,,; ; ; 2,
十二蓮花,明珠姊,台語,,98751,,8,
十五的月亮,,國語,,3,,3,
十五秒曑習曲,黄小禎,國語,,1,,3,
十全十美,七郎 特魯多,台語,6845,,,,
十全十美,蔡國義,台語,567,,,00,
十全十美,蔡秋鳳,台語,,58978,,8,
十八呢呢,七郎,台語,63,,,,
十八呪呪,七郎,台語,,7,,5,
十八姑娘,文夏,台語,,5,,5,
十八姑娘一朵,文夏,台語,,9,,7,
十八姑娘當青春,葉啟田,台語,80,,,57,
十八嬈,羅福助,台語,,477,,5,
十八彎,,華語,6451,,,,
十八毛,林俊,台語,,541,,5,
十八毛,許過頭,台語,,2,,5,
十八目羌,凌波,國語,,759,,2,
十八相送,謝金燕,台語,85,5,,71; 71; 71; 5,
十分滿意,向蕙玲俊传宏,台語,,76451,,5,
十分艟的戀愛,SOS,國語,,2,,3,
十字宀路口,呉奇隆,國語,,1,,2,
十字宀路口,李克勤,國語,,0,,2,
十字路,江志豐,台語,,573,,5,
十年,,華語,62,,,,
十年一刻,蘇打綠,國語,,573,,2,
十年一眼,劉昱賢,台語,,43896,,8,
十年之前,,台語,60,,,,
十年的戚情,王瑞霞,台語,,568,,6,
十年路,陳黎明,國語,,49738,,2,
十年逾期,,華語,60,,,,
十戇歌,施韋瑄施褔琀,台語,,968,,5,
十指相扣,葉小青,國語,,683,,2,
十萬毫升涙水,蔡健雅,國語,,57966,,3,
十面埋伏,S.H.E,國語,,,,,
十面埋伏,翁立友,台語,,57593,,5,
千不該,,台語,,,,,
千不該,季明洋,台語,,491,,8,
千不該!萬不該,楊偵鈺,台語,3,,,64,
千不該萬不該,揚哲,台語,550,481,,93; 93; 93; 7,
千人迷,景行廳男孩,國語,,4,,2,
千分之一,,台語,53,,,,
千千萬萬,,華語,66,,,,
千古,阿蘭,國語,,6,,2,
千句萬句我愛你,大哲,國語,,9,,9,
千尹,李行亮,國語,,451,,2,
千山萬里情,,台語,,,,47,
千年之戀,F.I.R,國語,5,480,,38; 38; 38; 2,
千年之戀,信樂團,國語,,56567,,2,
千年之戀,信樂團/戴愛玲,國語,5,,,62,
千年夢,葉諾帆,台語,,439,,8,
千年夢,蔡秋鳳,台語,,445,,5,
千年思念,許志豪,台語,,573,,5,
千年情,張秀卿,台語,,94844,,5,
千年情等一回,楊文欽,台語,,46756,,8,
千年情等一回,楊文欽 特魯多,台語,569,,,67,
千年愛一回,董育君,台語,,970,,6,
千年愛神,閃亮三姉外,台語,,56788,,5,
千年愛神,閃亮三姊妹,台語,55854,,,63,
千年掵迴,彭立,台語,,451,,5,
千年樟樹公 倫巴 龍哥.湯秋鳳,,台語,,,,44,
千年淚,Tank,國語,,5,,2,
千年的思念,王瑞霞,台語,,5,,6,
千年萬年,呉淑敏,台語,,560,,5,
千年萬年,張靜沄,國語,,84466,,2,
千年萬年,林淑姮,台語,4,,,60,
千年萬年,溫瀚龍王秀琪,台語,,4,,8,
千張批紙,王建傑,台語,560,443,,5; 68; 68; 68,
千手帝君 神降 中板靈魂樂 黃安妤,,客語,96,,,55,
千斤苦,,台語,84,,,,
千杯愁,侯美儀,台語,8440,,,70,
千杯愁,候美儀,台語,,9,,5,
千江樓,劉依純,台語,,96571,,5,
千燈,,華語,6477,,,,
千爫一回,高勝美,國語,,386,,3,
千石橋,龍千玉江志美,台語,,7,,5,
千紙鶴,邰正宵,國語,,96,,2,
千紙鶴,黃士祐,台語,,569,,5,
千絲萬縷情,費玉清,國語,,388,,3,
千羽鶴,甲子慧,台語,4,,,68,
千與千尋,,台語,,,,,
千萬個心等你,,華語,,,,,
千萬個愛你的理由,楊淑慎,台語,,44657,,7,
千萬愁,陳百潭,台語,,96755,,5,
千萬的感謝,白冰冰,台語,65,,,,
千萬聲不應該,余天,台語,,445,,7,
千行淚,,台語,74,,,; ; 46; ; 46; ; 46,
千言萬五,許富凱,台語,,987,,8,
千言萬語,許富凱,台語,556,,,50; 50; 50; 52,
千言萬語,鄧麗君,國語,,3,,2,
千里之外,劉依純 吉力巴,台語,556,,,94,
千里之外,周杰倫/費玉清,國語,,,,,
千里之外,周杰倫玉清,國語,,698,,2,
千里夢相思,,台語,,,,95,
千里情緣,大衛/丁國琳,台語,56966,,,60,
千里情緣,大衛丁,台語,,46840,,8,
千里情緣,陸杰裡 吉力巴,國語,6,,,69,
千里火,巟山亮,台語,,96564,,5,
千里相思,謝莉婷,台語,,43876,,8,
千里眼,吳勇濱,台語,,574,,5,
千里眼順風耳,,台語,,493,,7,
千里緣萬里情,,台語,,542,,7,
千里路萬里情,龍千玉,台語,,4,,7,
千里馬,林俊吉,台語,,8,,5,
千金,,台語,,591,,; ; ; 8; 8,
千金小姐,鄧麗君,國語,,552,,2,
千金換真心,甲子慧,台語,55776,574,,61; 61; 6; 61,
千金難換,陳隨意謝宜君,台語,,466,,8,
千金難換,陳隨意鯽宜君,台語,,983,,8,
千金難買,張宇,國語,594,387,,66; 66; 66; 2,
千錯萬錯,林婀,台語,,5,,5,
千錯萬錯誰的,林俊吉,台語,,6,,7,
千顆心,,台語,,,,98,
卄七歳女生的温柔李,宗盛,國語,,680,,3,
卄九歳的最後一天伊,能靜,國語,,7,,3,
午仅,比莉,國語,,9,,2,
午仅歹迴,王又萱,國語,,543,,2,
午仅談心,,國語,,473,,1,
午夜二點半的我,楊培安,國語,,955,,9,
午夜咖啡香,王又萱,國語,,2,,9,
午夜夢迴,王又萱,國語,4,,,63,
午夜夢迴時,,台語,,9,,6,
午夜政瑰,,國語,,4,,2,
午夜歌手,沈文程,台語,,450,,5,
午夜男女,,華語,,,,99,
午夜的律頭,林玉英,國語,,1,,3,
午夜的戀歌,七郎,台語,550,565,,71; 71; 71; 6,
午夜綻放的花,,華語,,,,,
午夜艟聲,蔡琴,國語,,7,,2,
午夜談心,,華語,47,,,99,
午後的雷雨,李碧苹,國語,,586,,3,
午後陽光,春妹,國語,,6,,9,
半世人,,台語,,,,56,
半個吻,鄺美雲,國語,67,,,,
半個朋友,,華語,6643,,,,
半包煙,,台語,,950,,5,
半包終,曾心梅,台語,,4,,5,
半句濃墨,,華語,68,,,,
半圓,,華語,,,,,
半壺紗,劉珂矣,國語,,58979,,9,
半夜1點鐘,伍値,國語,,5,,3,
半夢半醒,,客語,888,,,51,
半夢半醒,林為音,台語,,592,,8,
半夢半醒之間,譚詠麟,國語,,8,,3,
半屏月,,台語,,476,,8,
半屏月,,國語,,,,,
半山謠,,客語,46,,,56,
半島鐵盒,周杰倫,國語,504,,,,
半念,,華語,68,,,,
半暝亍,楊小萍,台語,,1,,8,
半暝偷我兄,,台語,,448,,6,
半暝兩點,詹雅雯,台語,,6,,6,
半暝酒,,台語,90,,,42,
半杯情,張秀卿,台語,,6,,5,
半杯酒一暝雨,,客語,92,,,,
半林酒,唐江,台語,,8,,5,
半燒冷,蔡秋鳳,台語,,8,,5,
半獸人,周杰倫,國語,501,,,,
半珥悟半清醒,黄乙玲,台語,,586,,7,
半生時光,,華語,6453,,,,
半睏半醒半眠,林俊彥,台語,,497,,7,
半瞑兩點,詹雅雯,台語,,882,,6,
半知半了解,高向鵬,台語,,647,,6,
半糖主義,,國語,,9,,2,
半路緣,林立芬,台語,,394,,5,
半路緣,林立芳,台語,7639,,,43,
半路緣,謝莉好,台語,,96853,,5,
半途而廢,,國語,,5,,2,
半途而廢,王菲,國語,598,,,,
半邊井,蔡挂技,台語,,4,,5,
半邊花,王又萱 特魯多,台語,461,,,64,
半邊花匕,王又萱,台語,,543,,5,
半醉人生,蔡秋鳳,台語,,956,,8,
半醉半醒,郭健一,台語,,2,,6,
半點回憶,,台語,,,,,
卑微到最後有多痛 Hip-Hop ★ 韓小欠,,華語,6552,,,,
单地姑娘,張素陵,台語,,447,,6,
南京南北京北,,華語,64,,,,
南人,陳雷,台語,,4,,5,
南北之約,,華語,6546,,,,
南北二路,陳瑞卿,台語,,464,,8,
南半球愛上北極星,,華語,62,,,,
南台灣小姑娘,南台灣小姑娘,台語,62,,,,
南台灣小姑娘,南台灣忄姑娘,台語,,968,,7,
南國之夜,文夏,台語,,4,,6,
南國小調,邱蘭芬,台語,,0,,6,
南國戀歌,劉福助,台語,,468,,6,
南國月夜,櫻花姊,台語,,564,,6,
南國的小姑娘,文夏,台語,,565,,7,
南國純情曲文,丿,台語,,988,,6,
南屏晚鐘,蔡幸娟,國語,,2,,2,
南山北海 Hip-Hop ★ 陸三三,,華語,6877,,,,
南山雪,,華語,65,,,,
南徙,,華語,63,,,,
南投調,老哥,台語,,581,,5,
南方的秋落不下北方的葉 中板靈魂樂 ★ 王一一,,華語,69,,,,
南柯一夢,陳小雲,國語,565,,,52,
南泥灣,馬可,國語,,983,,2,
南海之戀,姚蘇蓉,國語,,6,,2,
南部妹北部哥,黄志強,台語,,49485,,7,
南部妹来部兄,黒面阿,台語,,659,,7,
南部妹東部兄,阿茹/黑面 特魯多,台語,567,,,62,
南都夜曲,江蕙,台語,,5,,6,
南都戀歌,陳麗鳳,台語,942,839,,; 8,
南風吹,周璇,國語,,857,,2,
南飛的候鳥不眷戀北方的天空 抒情搖滾,,華語,66,,,,
南飛雁,李玉剛,國語,,448,,2,
南鯤竧之丶石,殷,台語,,557,,6,
南鯤鯓之戀,石喬/殷麗雲 吉力巴,台語,6741,,,,
南鰻囝仔,,台語,,566,,6,
博仔聲,林孟宗,台語,,58586,,5,
博杯,江蕙,台語,,580,,5,
博杯問天意,上明,台語,,58395,,6,
博繖,洪文斌,台語,,4,,5,
博繳,洪文斌,台語,55383,,,98,
卜丩尸,黃思婷,台語,,46762,,8,
卜卦,沈梅子,台語,,077,,5,
卜卦調,,台語,,1,,5,
卜告告而而別別,南方二,國語,,8,,2,
卜告告而而別別,麥偉林,國語,,2,,2,
卜安於室,王韻嬋,國語,,784,,2,
卜成比例,林冠吟,國語,,8,,2,
卞化一枝春帶,蔡幸娟,國語,,3,,3,
卞拉OOKK之戀,薛金顯楊彩藝,台語,,46987,,8,
占據,劉子千,國語,,686,,2,
占星,,華語,6762,,,,
占缺,楊克強,國語,,4,,2,
卡唱叨這首歌,陳盈潔,台語,68,,,,
卡娃伊,林素雲 吉力巴,台語,2,,,65,
卡將喲,龍千玉,台語,,577,,5,
卡布其諾,,國語,,9,,2,
卡想也是你,暈時豐,台語,,565,,6,
卡拉 OK之戀,薛金顯/楊彩藝,台語,56958,,,69,
卡拉0,黄連煜台目,台語,,56642,,5,
卡拉作陣K,曾心梅,台語,,5,,6,
卡拉永遠 OK,譚詠麟,國語,5,,,62,
卡早睏卡有眠,王亞君 吉力巴,台語,565,,,00,
卡訁也是親兄,,台語,,458,,7,
卡講嗎是為著妳,王識賢,台語,80,,,56,
卡路里,,國語,,663,,1,
卡門,最高音,國語,,1,,2,
卡門,楊燕,國語,,946,,2,
印地安老斑鳩,周杰倫,國語,67,,,,
危險女人香,丁國琳,國語,5,,,63,
危險愛情,,華語,,,,,
即使全世界都下著,雨,國語,,5,,3,
即使孤獨也要走,,台語,,,,,
即使孤獨也要走下,冷濮”,國語,,6,,1,
即嘛,柔均,台語,553,,,00,
即尼路加,,國語,,386,,2,
即時生效,蔡依林,國語,,455,,2,
即溶愛人,郭靜,國語,,58386,,2,
卷味簾,霍尊,國語,,460,,2,
卷詩,李碧華,國語,,2,,2,
卸妝,白冰冰,台語,,3,,5,
卸妝の探戈,林秀綾,台語,554,,,98,
卸粧,方怡萍,台語,,7,,5,
厂泊,鳳飛飛,國語,,697,,2,
厚臉皮,ELLA,國語,,953,,2,
厝內,陳隨意,台語,,480,,5,
厝前厝後通人,郭大誠,台語,,6,,7,
原來,,華語,65,,,,
原來,Mazka&家家,國語,,791,,9,
原來,向蕙玲,台語,,76459,,5,
原來,詹曼鈴,台語,2,,,61,
原來你不識愛過我,詹雅雯,台語,,566,,7,
原來你不識愛過我,詹雅雯 特魯多,台語,55439,,,96,
原來你並不快,劉嘉亮,國語,,947,,3,
原來你從來沒有愛過我,唐古,國語,,9,,9,
原來你的世界我並不存在,馬健濤,華語,575,,,61,
原來你說的朋友就,,華語,64,,,,
原來你什麼都不要,張惠妹,國語,,570,,3,
原來你都在,1丁嚆,國語,,792,,9,
原來思念也有生命,蘇永康,國語,574,,,,
原來愛,白吉勝,國語,3897,,,,
原來愛情己錘離我很,,國語,,6,,1,
原來愛情已經離,,台語,70,,,,
原來愛情這麼傷,梁詠琪,國語,549,,,79,
原來愛是這樣,陶妍霖,台語,,57889,,7,
原來愛是這樣,陶妍霖,國語,,977,,3,
原來我們只是過客,,華語,6791,,,,
原來是你,梁詠琪,國語,,3,,2,
原來有你,,台語,,,,50,
原來的幸畐,郭婷筠,台語,,1,,8,
原來的我,麥珒嬶,國語,,3,,2,
原來的我,齊秦,國語,,3,,2,
原因,張秀卿,台語,,9,,8,
原地待命,,華語,6757,,,,
原未,詹曼鈴,台語,,771,,8,
原諒,,華語,61,,,,
原諒,季欣霈,國語,,4,,2,
原諒,曹雅雯,台語,,44590,,5,
原諒你77次,,華語,69,,,,
原諒我,,台語,,,,,
原諒我,洪榮宏,台語,,4,,5,
原諒我,蕭敬騰,國語,,565,,2,
原諒我、沒有説,李聖傑,國語,,574,,3,
原諒我一次,,華語,,,,45,
原諒我就是這樣的,女生,國語,,56897,,3,
原諒我沒勇氣講出我,邱賢桂,台語,,646,,8,
原諒我離開你,楊小萍,國語,,6,,3,
原諒我離開你,楊哲,台語,,765,,7,
原諒我，幼稚多情,袁小迪,台語,7692,,,49,
原諒過去,黃乙玲,台語,558,,,61,
原點,,台語,97,,,,
原點,揚人為,國語,,3,,2,
原點,蔡健雅/孫燕姿,國語,49,,,,
原點,蔡健雅孫臻姿,國語,,445,,2,
厶刂、土,伍佰,台語,,6,,6,
去作眠夢,陳中,台語,,5,,6,
去你想去的地方 Hip-Hop ○ 代表【midi無人聲】 ★ 代表【原聲 或 原聲原影】 適用機型：S-(BD.IMSBP系列.N系列.N2系列.W系列),● 代表【midi+人聲伴唱】 利用人如欲使用本產品於「公開場所」使用，請逕洽集管團體或著 ◆ 代表【midi+原聲伴唱】 作財產權人取得「公播授權」後，始得合法使用 1 上述符號為【歌曲類型】依機型及功能而有所不同 發行日期 /,華語,69,,,,
去去陣,陳雷,台語,,5,,5,
去又ス,翁倩玉,國語,,783,,3,
去又回,謝雷,國語,,8,,3,
去啦去,石喬,台語,,9,,5,
去失的歳指,胡安,國語,,684,,3,
去年夏天,,華語,57,,,,
去年夏天,魏(懋,國語,,8,,1,
去年花開,,華語,66,,,,
去年那首情歌,李碧華,國語,,8,,3,
去年雨季,黃海濤,國語,,953,,2,
去愛,王力宏,國語,,2,,2,
去趟月光,,華語,65,,,,
又一次愛上你,M哥,華語,,,,60,
又不是這樣就不,獨嚴爵,國語,,587,,3,
又不是非要你的愛林,曉培,國語,,0,,3,
又圆了的月亮,郭采潔,國語,,56787,,3,
又奌亘言,邵大倫,國語,,467,,2,
又奌生生,陳淑芬,國語,,9,,2,
又寞來了怎麼辦,呉克群,國語,,466,,3,
又寞是你給的古,冷云菲菲,國語,,450,,3,
又愛又心痛,林俊吉,台語,,9,,6,
又擱想起你,張秀卿,台語,,6,,6,
又擱是暗淡的,蔡小虎,台語,,947,,7,
又擱是暗淡的月,蔡小虎,台語,86,,,49,
又擱是絕情雨,王瑞霞,台語,,499,,7,
又是一個春天,甄妮,國語,,7,,9,
又是一場眠夢,黃乙玲,台語,,3,,7,
又是細雨,余天,國語,,3,,2,
又是落雨暝,,台語,,794,,6,
又能怎樣,,國語,,8,,1,
又要分開,蘇錦煌,台語,,995,,8,
又見乒變,康康,台語,,56652,,5,
又見可憐落魄人,高子洋,國語,,,,,
又見小雨,林玉英,台語,56640,,,67,
又見山裡紅,,台語,,,,,
又見山裡紅,祁隆,國語,,9,,9,
又見桐花雪,,客語,91,,,,
又見炊煙,鄧麗君,國語,,6,,2,
又見老严人,高安VS,國語,,8,,3,
又見聖誕紅,余天,國語,569,9,,52; 52; 52; 3,
又見舞台,姚蘇蓉,台語,,3,,5,
又見送情郎,,華語,6492,,,,
叉燒包,謝金燕,台語,,5,,5,
友孝,,台語,59,,,,
友孝趁這陣,洪維謙,台語,,,,61,
友情,林文隆,國語,,1,,2,
友情,詹雅雯,台語,,561,,5,
友情甲愛情,命隆華,台語,,7,,6,
友情的可貴,,客語,1,,,51,
友情的安慰,鳳飛飛,國語,,4,,3,
友情的温暖,陳蘭麗,國語,,8,,3,
友情真可貴,江蕾,國語,,774,,3,
友情越位,,台語,,,,95,
友誼,七郎/方怡萍 特魯多,台語,55549,,,,
友誼常記起,陳蘭麗,國語,,754,,3,
友誼歴久一樣,劉徳華,國語,,3,,3,
反匕月,王識賢,台語,,390,,5,
反方向的鐘,周杰倫,國語,74,,,38,
反月,家鳳,台語,,54466,,5,
反正,,華語,6449,,,,
反正,何以奇,國語,,2,,2,
反正我信了,信,國語,,585,,3,
反正路也要一人走 中板靈魂樂 程晶晶,,華語,64,,,,
反海(一兀ㄈ溜田溜田),鄭能通,台語,,497,,5,
反背,家鳳,台語,1,,,64,
反背,陳中,台語,,49483,,5,
反背不是罪,,台語,,,,95,
反背咱ㄟ愛,,台語,52,,,39,
反背的情歌,鄭君威,台語,,577,,6,
"反覆受傷,",張星事,國語,,463,,9,
反面無忙,黃妃,台語,,445,,5,
取愛疋你,葉勝欽,台語,,7,,6,
取愛疋你,許志豪,台語,,6,,6,
取愛的疋你,倖奴,台語,,46857,,8,
取西經,,國語,,,,,
受不了,周立銘,國語,,594,,2,
受了傷的愛情,原始林,國語,,6,,3,
受了點傷,阿桑,國語,38,,,,
受亻的男人,朱天祋,國語,,896,,3,
受傷,,華語,63,,,,
受傷的心,鄭詠心,台語,,45480,,6,
受傷的心,鄭詠心 特魯多,台語,56692,,,62,
受傷的心,黄乙玲,台語,,7,,6,
受傷的心已經冷,林依涵,台語,,551,,7,
受困思念,游鴻明,國語,,3,,2,
受害者,王馨平,國語,,3,,2,
受潮,,華語,67,,,38,
受罒,張信哲,國語,,398,,2,
受罪,江宏恩,台語,55881,,,61,
受非,董育君,台語,,473,,5,
叚假直真,楊彩鳳,台語,,544,,6,
叚你一杯,蒲庭龍辯桌二,台語,,761,,6,
叚愛林,姍,台語,,597,,5,
叢林男孩,高明駿,國語,,8,,3,
口,SIMON,國語,,2,,2,
口5你讓我孤孤單,殷正洋,國語,,3,,3,
口不對心,黎明,國語,,389,,2,
口你飛翔,文章,國語,,3,,2,
口口夂,陳淑樺,國語,,8,,2,
口想攵小男人歡,一,國語,,938,,3,
口是心非,兩個女生,國語,564,,,66,
口是心非,翁虹,國語,,840,,2,
口曰口口曰,曹西平,國語,,5,,2,
口欠鳥鴦不羨仙,五品,國語,,547,,3,
口湖的夕陽,黃暄雅,台語,567,,,00,
口為你,&可兒,國語,,46469,,1,
口甘,邵大倫,台語,,445,,5,
口田田,周佩玉,國語,,466,,2,
口礻如意,群星,國語,,76763,,2,
口紅,向蕙玲,台語,,444,,5,
口紅,翁虹,國語,,960,,2,
口紅,鄭秀文,國語,,390,,2,
口變的愛情,林淑容,國語,,3,,3,
口鄉,洪榮宏,台語,,599,,5,
古人心,,客語,7,,,51,
古意人的自尊,七郎,台語,6446,442,,; ; ; 7,
古意的尪,邵大倫,台語,,445,,6,
古老的大鐘,李聖傑,國語,,4,,3,
古老魔咒,閃亮三,國語,,4,,2,
古錐仔,葉敕田,台語,,5,,5,
古錐的少年家,黃乙玲,台語,55461,,,,
句狗狗,任立佳,國語,,0,,2,
句點,,華語,88,,,,
另一個天堂,王力宏靚穎,國語,,567,,3,
另一個自己,,華語,68,,,,
另一半,上明/慧璇,台語,567,,,62,
另外,林姍,台語,,849,,5,
另眼相看,容祖兒,台語,,57853,,6,
另類,黃文星,國語,,956,,2,
叨一個,林美美,台語,,396,,5,
叨一粒是我的星 Bossa Nova 歐基石 ◆,,台語,,,,42,
叩叩,李玟,國語,,48450,,2,
只∕、能靠想像,蕭蕭,國語,,595,,3,
"只丶是,",劉禹圻,國語,,496,,2,
只剩你一人,陳盈潔,台語,,2,,6,
只匕說遺憾,趙詠華,國語,,5,,3,
只和LLV做朋友2,女,國語,,6,,3,
只因喜歡你,,國語,,,,95,
只因我愛你,王傑,國語,,8,,3,
只夋你一個,蘇又鎔,台語,,56640,,6,
只好放你行,江蕙,台語,,439,,6,
只好說再見,,華語,,,,99,
只好說再見,易欣,國語,,49853,,3,
只怕想家,黃美珍,國語,,944,,2,
只恨妳一人,袁小迪,台語,,76396,,6,
只想一個人過冷,氵,國語,,7,,3,
只想乙者你,陳乃榮,國語,,9,,3,
只想她的人,王鍵,華語,578,,,61,
只想愛你,楊丞琳,國語,546,,,38,
只想找到你,李克勤,國語,,7,,3,
只想要簡單,謝金燕,台語,558,,,61,
只想要簡甼,謝金燕,台語,,9,,6,
只想說聲愛你,白小白,Unknown,,740,,1,
只想說聲愛你,白小白 House,華語,,,,60,
只愛你一個,初百軍,華語,572,,,61,
只愛你一擺,吳淑敏,台語,552,,,98,
只愛妳一人,謝明男,台語,,54785,,6,
只愛妳一個,胡文夏,台語,468,,,,
只愛你一個,新棠阿佯王咄,台語,,566,,6,
只愛你一人,謝雷,台語,,646,,6,
只愛你一人,阿吉仔蘇路,台語,,881,,6,
只愛你一個,黄乙玲,台語,,2,,6,
只愛你一個,龍千玉,台語,,567,,6,
只愛我一個,,國語,,3,,3,
只愛我一個,態海靈,國語,,464,,9,
只是,,華語,65,,,,
只是一場戲,,華語,40,,,51,
只是不夠愛自己,丁噹,國語,,957,,9,
只是少了你,,華語,69,,,,
只是當時,Ella,國語,584,,,61,
只是覺得冷,,華語,69,,,,
只是遺憾,,華語,66,,,,
只是錯的人,,華語,,,,,
只有一個你,方怡萍,台語,,44570,,6,
只有一天知影,王方阡翊,台語,,95699,,6,
只有一字愛,小龍倖,台語,,46954,,8,
只有你,吳蕙君章,台語,,467,,8,
只有你,談詩玲,台語,,841,,8,
只有你一人,李嘉,台語,554,,,83,
只有你一人,林秀梅,台語,464,,,60,
只有你知影,謝秀薇 特魯多,台語,465,,,,
只有來認命,翁立友,台語,,848,,6,
只有天知影,王文/方阡翊,台語,463,,,63,
只有你一人,李嘉,台語,,76476,,6,
只有你,江蕙,台語,,2,,5,
只有你了解我,袁小迪,台語,,4,,7,
只有心碎,邱芸子,台語,554,4,,; ; ; 6,
只有愛你,蔡秋鳳,台語,,56698,,6,
只有我,Energy,國語,,942,,9,
只有我和你,劉家昌,國語,,582,,3,
只有我最真,藍聖文,國語,,3,,3,
只有清醒時,陳子賢,台語,,977,,6,
只有祝你幸福,馬沙,台語,55499,,,,
只有祝你幸福,馬沙,台語,,478,,7,
只有祝福你,顏塗樟/方阡翊 特魯多,台語,3,,,66,
只有自己傷心最廴,適合,國語,,9,,3,
只欠你一個,詹雅雯,台語,,5,,6,
只欠秋天,馬天宇,國語,,49676,,2,
只為你,林子娟,國語,5,,,68,
只為你清屵的夢,費玉清,國語,,5,,3,
只為你,林子娟,國語,,979,,2,
只為你一人,張秀卿,台語,,9,,8,
只為這一次,甜美真/李青,華語,571,,,68,
只珎,,國語,,0,,2,
只筊你一個,謝金燕,台語,,2,,6,
只給你,優客李,國語,,3,,2,
只能勇敢,蕭煌奇,國語,,575,,2,
只要乾杯不要醉,陳秀貞,國語,,3,,3,
只要你回家,,國語,,3,,3,
只要你對我再好,一點,國語,,8,,3,
只要你幸福快樂,詹曼鈴,台語,567,,,61,
只要你快樂,,華語,,,,93,
只要你想到我,蘇兒真,國語,56,,,,
只要你想起我,陳予新,國語,599,,,91,
只要你想起我陳,予新,國語,,9,,3,
只要你的美,易欣,國語,,497,,3,
只要你笑一夭孫,情,國語,,584,,3,
只要你笑一笑,,國語,,2,,3,
只要你肯對我說,陳艾湄&,國語,,1,,3,
只要天,王宗堯,國語,,7,,2,
只要妳幸福,張燕清,台語,,,,61,
只要你平安,蔡小虎,台語,,947,,6,
只要你越頭,王識賢,台語,,2,,6,
只要你在我身,范美敏,國語,,463,,9,
只要你過得比我,好鍾鎮濤,國語,,5,,3,
只要我的愛,郭富城,國語,,4,,3,
只要有你,亞汯/吳家程,台語,,,,61,
只要有你,古巨基合唱,國語,,5,,2,
只要有你,吳家程亞汯,台語,,763,,8,
只要有你,艾蠃,台語,,9,,8,
只要有你的地方,林俊傑,國語,,8,,9,
只要有妳,劉泰山,台語,9,,,66,
只要有你阮不驚,林喬安,台語,,772,,8,
只要有愛,,華語,,,,54,
只要有愛風雨不怕,姚迦藍,華語,575,,,61,
只要為你活一天,伍佰,台語,6566,,,,
只要為你活一天,方順吉魏嘉,台語,,439,,8,
只要跟你好,任賢齊,國語,,5,,3,
只需要一首歌樊慧,李珍,國語,,9,,3,
只願今生和你做夫妻,甜美真/李青,華語,572,,,68,
只願今生和你做夫妻,李甜美真,國語,,3,,1,
只願和你相愛,動力火閸奕,國語,,4,,9,
只願是你,,華語,66,,,,
叫一聲心愛的,陳陳,台語,,3,,7,
叫一聲無緣的人,,國語,,,,,
叫你一*My聲Love,刁虎隊,國語,,547,,3,
叫你別太難過,,華語,66,,,,
叫你的名,詹曼鈴,台語,,2,,6,
叫你的名,龍千玉,台語,,0,,6,
叫你麥你就要,陳盈潔 特魯多,台語,68,,,,
叫出你的名,陳淑萍,台語,557,,,61,
叫小賀,江志豐,台語,,449,,5,
叫我MIKA,向蕙玲,台語,,962,,5,
叫我女王,張文綺,台語,,87985,,6,
叫我如何不想他,,國語,,6,,3,
叫我怎樣來賠會,蘇錦煌,台語,66,382,,00; 00; 00; 7,
叫我怎樣嘸想妳,廖金龍,台語,0,,,69,
叫我怎樣活落去,黃西田,台語,,2,,7,
叫我怎樣活落去,黃西田/邱蘭芬,台語,7644,,,43,
叫我怎樣甘,洪百慧,台語,,9,,6,
叫我怎麼不想你,,台語,,2,,7,
叫我怎麼不想妳,洪榮宏,台語,,2,,7,
叫我怎麼活落去,,台語,,991,,7,
叫我擱原諒你一擺,蔡秋鳳,台語,85,,,71,
叫我擱原諒你一擺,蔡秋鳳,台語,,1,,7,
叫我目眶紅,魚仔,台語,563,,,63,
叫我第一名,陳美鳳伍浩,台語,,2,,6,
叫我要怎樣,菲菲,台語,470,,,,
叫著妳的名,施文彬,台語,8441,48598,,73; 73; 73; 6,
叫阮怎樣心抹碎,玟伶,台語,,382,,7,
叫阮怎樣袂想伊,陳盈潔,台語,,496,,7,
叫阮的名,尃薇,台語,,3,,6,
叫阮的名,巫啟賢,台語,,2,,6,
叭哈貨,CIRCUS,台語,,579,,5,
叮叮,,華語,6771,,,,
叮咚,徐悢鈺,國語,,380,,2,
叮噹貓,,華語,67,,,,
叮嚀,林良歡許志豪,台語,,0,,5,
叮嚀,鳳飛飛對唱,國語,,8,,2,
可,蘇芮張,國語,,3,,2,
可不可以,,台語,,,,,
可不可以,沈芳如,國語,581,,,68,
可不可以,閃亮三姐妹,國語,568,,,62,
可不可以不勇敢,范瑋琪,國語,81,3,,; ; ; 3,
可不可以不要離 陳思琪 開我 Hip-Hop ★,,華語,67,,,,
可不可以勇敢,,華語,6464,,,,
可不可以忘記王,櫟鑫,國語,,684,,3,
可不可以放棄你,,華語,65,,,,
可以不可以,丁噹,國語,,560,,3,
可以沒有我,,華語,6460,,,,
可可托海的少女 吉力巴 ○ 代表【midi無人聲】 ★ 代表【原聲 或 原聲原影】 適用機型：S-(BD/IMSBP系列/N系列/N2系列/W系列),● 代表【midi+人聲伴唱】 利用人如欲使用本產品於「公開場所」使用，請逕洽集管團體或著 ◆ 代表【midi+原聲伴唱】 作財產權人取得「公播授權」後，始得合法使用 1 上述符號為【歌曲類型】依機型及功能而有所不同 發行日期 /,華語,,,,,
可否,,華語,,,,,
可必去炉香,,國語,,3,,3,
可恨又可愛,王建傑,台語,,8,,6,
可恨又可愛的人,林姍,台語,,465,,7,
可恨可愛的人,張蓉蓉,台語,,478,,7,
可恨的人,小辣椒,台語,,4,,6,
可恨的人,艾莉,台語,,438,,6,
可恨的人,葉啟田,台語,,0,,6,
可恨的可愛的人,豪記大對唱,台語,,585,,7,
可恨的女性,黄西田,台語,,0,,6,
可恨的愛人,彭立/唐銘良,台語,55774,,,61,
可恨的愛人,蔡秋鳳,台語,64,2,,; ; ; 6,
可惜,,華語,64,,,,
可惜,大台風樂團,台語,0,,,72,
可惜,郭靜,國語,,6,,2,
可惜不是你,梁靜茹,國語,550,56554,,47; 47; 47; 3,
可惜你不在,,台語,,,,,
可惜你不在,戴愛玲,國語,,480,,3,
可惜你不覺得可惜,于立成,國語,579,,,64,
可惜你是他的人,歡子,國語,,8,,3,
可惜你愛的不是,我郎軍,國語,,7,,3,
可惜沒如果,林俊傑,國語,,494,,3,
可愛,楊丞琳,國語,5885,5,,; ; ; 2,
可愛可恨,蔡振南,台語,,2,,6,
可愛女人,周杰倫,國語,5,,,42,
可愛女司機,陳芬蘭,台語,,9,,6,
可愛女神龍,李怡慧,台語,,541,,6,
可愛寶貝,白冰冰,台語,6659,3,,; ; ; 6,
可愛小姑娘,林玉英,國語,,5,,3,
可愛心上人,林玉英,國語,,1,,3,
可愛的一条攻瑰,花紫薇,國語,,5,,3,
可愛的人,,華語,,,,49,
可愛的人,李素專,台語,,989,,8,
可愛的人兒在叨,裡王文,國語,,547,,3,
可愛的人兒在哪裡,王文,國語,471,,,64,
可愛的人生,,國語,,7,,3,
可愛的冤仇人,邵大倫昔妃,台語,,57576,,7,
可愛的嗇微,洪一峰,台語,,477,,6,
可愛的姑娘,洪榮宏,台語,555,,,,
可愛的彼個人,,台語,,9,,7,
可愛的故郷,郭金發,台語,,987,,8,
可愛的早晨,孔蘭薰 吉力巴,國語,540,,,41,
可愛的理髮姑娘,林峰,台語,,44880,,7,
可愛的美眉,辯棠二人組,台語,,564,,6,
可愛的舞伴,新桌阿蘇又,台語,,8,,6,
可愛的花蕊,陳雷 特魯多,台語,85,,,69,
可愛的薔薇,呉晉淮,台語,,569,,6,
可愛的阿娜達,頼慧如陣麒安,台語,,462,,8,
可愛的馬,林春福對唱,台語,,98659,,8,
可愛的馬,郭金髮,台語,,4,,6,
可愛美眉,辦桌二人組,台語,,486,,6,
可愛故鄉,,客語,3,,,51,
可憐小姑娘,,台語,,3,,6,
可憐彼個小姑娘,文夏,台語,,8,,7,
可憐戀花,施文彬,台語,551,4,,93; 93; 93; 6,
可憐戀花再會吧,洪峰,台語,,2,,7,
可憐戀花再會啦,洪一峰,台語,,497,,7,
可憐燒酒仙,,台語,,2,,6,
可憐的人,葉啟田,台語,,5,,6,
可憐的純情花,游小鳳,台語,,549,,7,
可憐的酒家女,,台語,,2,,7,
可憐酒家男,陳一郎,台語,,2,,6,
可昔了,叮噹,國語,,698,,2,
可是你啊 抒情搖滾 ★ 蘇星婕.pro,,華語,6995,,,,
可是我忘了,,華語,6867,,,,
可有來生,,華語,6495,,,,
可樂,林采欣,國語,,59682,,1,
可笑,,華語,66,,,,
可能,,華語,63,,,; ; ; ,
可能(DJ阿卓版),,華語,6644,,,,
可能的話,,華語,66,,,,
可苦,易欣,國語,,49945,,2,
可苦,温昇豪,國語,,465,,2,
可苦,譚詠麟,國語,,9,,2,
可達心裡面孫,興,國語,,4,,3,
台,張可芝,國語,,444,,2,
台,莫文蔚,國語,592,,,61,
台JbSAYONARA北SAYONARA,黄乙玲,台語,,2,,5,
台三線的月光,黄工王瑞秀,台語,,594,,8,
台严好,美黛,國語,,466,,2,
台中港之丶,林秉甲,台語,,47982,,8,
台中港之戀,,台語,53,,,52,
台中的港岸,,台語,58,,,41,
台中追想曲,石喬,台語,552,,,86,
台北 SAYONARA,黃乙玲,台語,55575,,,61,
台北下了雪,徐若瑄,國語,548,,,77,
台北下了雪徐,若瑄,國語,,869,,3,
台北不夜城,李秀碧,台語,954,783,,63; 63; 63; 8; 8,
台北不是傷心地,張學友,國語,,983,,3,
台北之夜,文夏,台語,,2,,6,
台北之夜,沈文程,台語,,2,,6,
台北今夜冷歿歿,洪榮宏乖靜云,台語,,775,,8,
台北今夜冷清清,洪榮宏,台語,,4,,7,
台北今夜還是下,著雨,國語,,641,,3,
台北兄弟,曾玲芳,台語,,5,,6,
台北冷清清,林久登,台語,565,57455,,61; 61; 6; 61,
台北台北,謝和弦,台語,,7,,6,
台北太平通,葉敕田,台語,,500,,6,
台北好夜晩,洪榮宏,台語,,8,,6,
台北寂寞部屋,游鴻明,國語,38,,,,
台北市點仔膠,說書人,台語,,9,,7,
台北的天空王,芷蕾,國語,,0,,3,
台北的暗暝,北原山,台語,,3,,6,
台北落雨暝,葉啟田,台語,7976,,,48,
台北街頭,王瑞霞,台語,76,2,,; ; ; 6,
台北那會攏嘸人,陳建瑋,台語,,8,,7,
台北雨夜情,洪榮宏,台語,68,493,,; ; ; 6,
台北雨綿綿,鄭能通,台語,,493,,6,
台北青紅燈,秀蘭瑪雅,台語,84,,,65,
台南囡仔,黃柏儒,台語,569,,,68,
台南夜景,蔡啟東,台語,,491,,6,
台商的心聲,唐飛,台語,56551,493,,66; 66; 6; 66,
台来人,劉褔助,台語,,3,,5,
台東之戀,蘇洺慧,台語,3,,,64,
台東之歌,台東桃園同鄉會 特魯多,台語,569,,,66,
台湾日月冫,石石琇,台語,,847,,6,
台灣,林財寶,台語,553,,,86,
台灣SONG,大支,台語,,969,,5,
台灣人的願望,劉福助,台語,,1,,7,
台灣兄弟,七郎,台語,,445,,6,
台灣加油,吳俊宏,台語,,46982,,8,
台灣加油,白冰冰,台語,6593,8,,; ; ; 6,
台灣向前行,的你,台語,,,,,
台灣囝仔,方順吉,台語,,984,,8,
台灣囝仔,方順吉魏嘉,台語,,43979,,8,
台灣圈一輪,白冰冰,台語,556,,,92,
台灣圈一輾,七麗君一,台語,,8,,6,
台灣圈一輾,台冰冰,台語,,76539,,6,
台灣圈一輾,吉力巴,台語,86,,,59,
台灣女孩,羅百吉,國語,,8,,2,
台灣女孩,羅百吉/寶貝,國語,5,,,61,
台灣小調,,台語,,6,,6,
台灣我愛你,許聰富,台語,,4,,8,
台灣有情有義,王首承,台語,,98678,,8,
台灣有情有義,王首承 特魯多,台語,7683,,,54,
台灣查某,侯冠如,台語,553,5,,00; 00; 00; 6,
台灣海峽,黃思婷啊辰,台語,,7,,6,
台灣第一家鹽酥難,施文彬,台語,,8,,7,
台灣英雄,大合唱 吉力巴,台語,7,,,55,
台灣英雄,沈建豪 吉力巴,台語,555,,,55; 55; 55; 52,
台灣進行曲中師,區樂册誼,台語,,9,,6,
台灣阿里山,,台語,,0,,6,
台西囝仔,亞旺,台語,,548,,6,
台西夜港邊,唐飛,台語,,5,,6,
台西港之戀,李素專葷氶褝,台語,,8,,6,
台西痴情夢,,客語,,,,,
台西的兄弟,唐飛,台語,,487,,6,
台賊話,揚宗憲,台語,,2,,5,
叱吒風雲,林宗興,台語,,4,,6,
右手邊,光良,國語,,56461,,2,
右沒愛你要交誰,黄妃,台語,,7,,8,
叵星,艾夢萌,國語,,689,,2,
司機兄的心聲,成鳳,台語,7800,,,64,
司機兄的心聲,流雲,台語,,448,,7,
司機大哥,,台語,,8,,6,
司機大哥,七郎,台語,83,,,53,
司路大情人唐,儷,台語,,966,,7,
司路大情人大,芭,台語,,4,,7,
叼五月的風,周哽,國語,,,,2,
吃人一口還人一斗,莊振凱,台語,,979,,7,
吃人夠夠,,華語,,,,99,
吃抹到扣扣塊吃著嫌歐貨,唐飛,Unknown,,8,,8,
吃果子拜樹頭,洪榮宏,台語,69,7,,; ; ; 7,
吃煙的心情,,華語,,,,,
吃米粉吪燒,蔡義德芭樂,台語,,94952,,6,
吃緊弄破碗,張政雄薛珮潔,台語,,56885,,6,
吃老才會知,,台語,,,,97,
吃苦忙歌,莊振凱洪百慧,台語,,671,,6,
吃苦當作吃補,蔡小虎,台語,,6,,7,
吃虧,黃乙玲,台語,,3,,5,
吃虧佔便宜,王瑞霞,台語,,9,,6,
吃虧的愛,唐飛,台語,,491,,6,
吃虧的愛,蔡小虎林珊,台語,,947,,6,
吃虧的愛情,尤雅,台語,73,8,,; ; ; 6,
吃西瓜,方瑞娥,台語,,2,,5,
吃醋,七郎,台語,,566,,5,
吃醋,七郎 特魯多,台語,85,,,71,
吃頭路,陳雷,台語,,2,,5,
吃頭路人,,台語,,0,,6,
吃飽困飽,薛珮潔,台語,,2,,6,
吃飽朱,張莊,台語,,4,,5,
各自成全,,華語,67,,,,
各自相安 Hip-Hop 胡 66 ★,,華語,64,,,,
合囉夾克風,桂綸鎂,國語,,567,,3,
合家歡,紫薇,國語,,570,,2,
合影留念,張宇,國語,,3,,2,
合心變黃金 梭 八妹 ◆,,華語,,,,,
合適的伴,田帥,台語,,3,,8,
吉他傳情書,石喬,台語,,0,,6,
吉他是我的伴,林玉峰,台語,,44881,,7,
吉他是我的手,吳俅,台語,,8,,7,
吉他知道否,周蓬霖,台語,,46747,,8,
吉他聲,莊振凱,台語,,669,,5,
吉力巴 小潘潘.大陳,,台語,64,,,53,
吉弓芎話,陳雷,台語,,3,,5,
吉時已到,,華語,67,,,,
吉祥如咅,李李,國語,,868,,9,
吉祥如意,,台語,,,,95,
吉祥常樂,,台語,60,,,,
吉祥梵立,唐飛,台語,,499,,6,
吉苦戀酒酉,洪榮宏,台語,,4,,5,
吉酉忈歌,施文彬,台語,,4,,6,
吊若知影,陳茂豐,台語,,96551,,6,
吊蝦仔,新寶島樂隊,台語,,882,,5,
同∕、的你,老狼,國語,,563,,2,
同・彳亍,傅振輝,台語,,56639,,5,
同一個世界,梭,國語,5566,,,61,
同一個人,秀蘭瑪,台語,,7,,6,
同一種調調,周杰倫,國語,5,,,41,
同同父父異異母母,荒山亮豬哥熹,台語,,578,,6,
同命,王中平,台語,559,939,,5; 61; 61; 61,
同天同月同土地 吳艾媄 ◆,,客語,04,,,51,
同學寄,祁隆,國語,,862,,9,
同學寄,祁隆,華語,57448,,,61,
同學會,Y.K,國語,,462,,9,
同床不同心,辦桌二人組,台語,,947,,6,
同床不同調,辦桌二人組,台語,,767,,6,
同床作同夢,,華語,95,,,45,
同床無同夢,林玉英,台語,7973,,,53,
同心同夢,江宏恩/林子娟,台語,9,,,61,
同心同夢,江宏恩林子娟,台語,,768,,8,
同心的名 頭份新希望-徐功凡,,客語,,,,56,
同心的手,王建傑&劉依純,台語,,8,,6,
同心的手,王建傑/劉依純,台語,55942,,,61,
同心船,怡君,台語,,987,,5,
同心船,洪文斌慕鈺華,台語,,3,,5,
同心船,蔡桂枝,台語,,43865,,8,
同心船,陳信任/陳心怡,國語,983,,,63,
同心船,龍千玉,台語,,998,,5,
同心行,傅振輝,台語,552,,,92,
同心行同路,阿吉仔,台語,,578,,6,
同心走天涯,上簡,台語,,446,,6,
同心逗陣行,陳建誠簡美雀,台語,,4,,6,
同心飛,洪文斌,台語,555,3,,; ; ; 5,
同心鳥,,台語,,,,39,
同手同腳,溫嵐,國語,,563,,2,
同桌的你,老狼,華語,570,,,61,
同款女人心,甲子慧,台語,56598,492,,61; 61; 6; 61,
同款的,白冰冰,台語,8545,,,71,
同款的月光,彭莉,台語,,9,,6,
同班同學,南台灣小姑娘,台語,,3,,6,
同行不離仝命,陳美伶,台語,,7,,7,
同頻,,華語,68,,,,
同類,孫燕姿,國語,5,,,66,
同齊承擔,羅時豐,台語,,567,,6,
"名,愛青齎",詹曼鈴,台語,,692,,5,
名份,甲子慧,台語,55775,56998,,5; 61; 61; 61,
名字,詹曼鈴,台語,563,8,,5; 61; 61; 61,
名為幸福,梁一貞,國語,,485,,2,
名為遺憾的懲罰,,華語,68,,,,
名牌,王江發,台語,56667,449,,5; 67; 67; 67,
名聲留乎人探,吳佩玲,台語,,499,,7,
向前來打拼,王首承,台語,7687,,,53,
向前看吧,,華語,68,,,,
向前衝,羅百吉,國語,5,873,,67; 9,
向前衝,袁小迪,台語,,0,,8,
向前衝衝,徐懷鈺,國語,,3,,2,
向前走,林強,台語,,0,,5,
向前飛 梭 ◆ 劉玉芳,,客語,,,,,
向大海嗆聲的人,良一 特魯多,台語,6847,,,,
向天講無情,邱芸子,台語,,482,,6,
向山青,張淑美張芳美,台語,,966,,5,
向左偏右,,華語,6742,,,,
向左走向右走,光良,國語,3976,,,,
向左轉向右轉,梁靜茹,國語,4589,,,,
向日葵的花語,,台語,49,,,,
向日葵盛開的夏,・I.R,國語,,575,,3,
向神仙討酒,,華語,65,,,,
君君你你敢敢是是デ忙忙,劉沛蘭,台語,,9,,7,
君在前哨,鄧麗君,國語,,6,,2,
君子交友仁義深,,客語,4,,,51,
君心何處寄,,華語,66,,,,
君所見,,華語,62,,,38,
君無愁,成鳳,國語,,0,,2,
君難為,,客語,0,,,51,
吞落去,施志興,台語,55666,,,52,
吞落去,阿吉仔,台語,,0,,5,
吞針,,華語,6462,,,,
含淚玫瑰,王登雄林玉英,台語,,8,,6,
含淚玫瑰,韓寶儀王登雄,台語,,465,,6,
含淚的玫瑰,秀蘭瑪雅,台語,55390,,,,
含淚的眼,方季惟,國語,,7,,2,
含淚的眼,陳淑樺,國語,,2,,2,
含淚跳恰恰,謝金燕,台語,,2,,6,
含笑,詹雅雯,台語,,7,,8,
含羞草,紫薇,國語,,1,,2,
吳克群,吳克群,國語,559,,,,
吳解,吳素卿,台語,,9,,5,
吳解,楊樺,台語,,494,,5,
吶喊,張韶涵,國語,561,,,,
吸引力,陶晶瑩,國語,,0,,2,
吸管看天,,台語,81,,,,
吸血允,四分衛,國語,,3,,2,
吸血允,姜華,國語,,8,,2,
吸血鬼,蟑螂合,國語,,1,,2,
吹喇叭,羅百吉,國語,5,,,83,
吹喇叭,羅百吉對唱,國語,,450,,2,
吹安靜的風,,華語,6985,,,,
吹散的約定,夏天Alex,國語,,496,,3,
吹眼晴,龐龍,國語,,1,,2,
吹難歸的行船,石喬,台語,,955,,8,
吻,洪百慧,台語,,653,,5,
吻,蕭亞軒,國語,,8,,2,
吻了再說,游鴻明,國語,3988,,,,
吻別,陶品瑩,國語,,0,,2,
吻到心傷痛,歐陽菲,國語,,9,,3,
吻和淚,周子寒,國語,,4,,2,
吻我好嗎,Lara,國語,5,,,,
吻雨,黃湘怡,國語,556,,,78,
吻雨,黄湘怡,國語,,67,,2,
吾,劉德華,國語,,463,,2,
吾命由刀,陳泓文,台語,,466,,8,
吾妻阿秋,阿吉仔,台語,,4,,6,
吾往矣,,華語,6671,,,,
吾歡亠疋吾歡,羅美玲,國語,,6,,3,
吾歡你,BEYOND,國語,,563,,2,
吾歡你,庭竹,國語,,495,,2,
告別我,薛凱琪,台語,,577,,5,
告別的年代,羅大佑,國語,3862,,,,
告別童年,金智娟,國語,,7,,2,
告天地,阿輪,台語,,3,,5,
告白,張王日,國語,,498,,2,
告白,陳翔,國語,,8,,2,
告白指南,,華語,64,,,,
告白氣球,周杰倫,國語,,475,,9,
告解,祝飢剛,國語,,8,,2,
告訴你春來了,崔苔菁,國語,562,,,63,
告訴我,劉文正,國語,,385,,2,
呝好想你,蔡依林,國語,,592,,2,
呢喃,黃鶯鶯,國語,5,3,,61; 61; 61; 2,
周大侠,周傑倫國璋,國語,,560,,2,
周大侠,周杰倫,國語,,898,,2,
周蕙,周蕙,國語,,56768,,2,
呪你幸亻,癶秋田,台語,,990,,6,
呪你幸亻,謝莉婷,台語,,4,,6,
味,黃妃,台語,,572,,5,
呵!今夜謝,宜君,台語,,97646,,6,
呼伊害啊,陳思安,台語,,461,,8,
呼吸,柯有綸,國語,546,,,78,
呼吸,蔡健雅,國語,96,454,,; ; ; 2,
呼呼,安心亞,國語,,484,,2,
呼啦圈,白冰冰,國語,572,,,62,
呼喚,包娜娜,國語,,3,,2,
呼喚,錢幽蘭,國語,,3,,2,
呼喚,鳳飛飛,國語,,2,,2,
呼嗨呀,陳秋滿 特魯多,台語,545,,,64,
呼海牙,唐銘良對唱,台語,,8,,8,
命,易天晴,台語,,058,,5,
命,林清國,台語,,464,,5,
命,莊振凱,台語,,8,,5,
命,蔡秋鳳,台語,,96540,,5,
命中注定,沈建豪,台語,555,,,55; 55; 55; 52,
命中註定,4 IN LOVE,國語,5,,,61,
命中註定,王識賢,台語,,666,,6,
命中註定 Hip-Hop 一麼,,華語,65,,,,
命中註定你一個,陳怡婷,Unknown,,597,,8,
命中註定我愛你,洪文斌,台語,555,451,,; ; ; 7,
命中註定的愛情,,華語,,,,,
命中貴人,,客語,880,,,51,
命運,,客語,7,,,51,
命運,家家,國語,,484,,2,
命運,陳小雲,台語,,9,,5,
命運,陳旭,國語,,68490,,2,
命運,陳旭,華語,576,,,61,
命運,陳麗麗,國語,,3,,2,
命運,馬沙,台語,55596,4,,5; 61; 61; 61,
命運不是咱決定,詹雅雯,台語,,4,,7,
命運天註定,方瑞娥,台語,,439,,6,
命運棋,陳雷,台語,68,4,,; ; ; 5,
命運的列車,向蕙玲,台語,,59765,,8,
命運的吉他,阿吉仔,台語,,2,,6,
命運的深淵,齊秦,台語,,469,,6,
命運的腳步,阿吉仔,台語,,3,,6,
命運的鎖“釒,郭金發,台語,,5,,6,
命運的青紅燈,,台語,,466,,7,
命運的龍捲風,陳茂豐,台語,56496,443,,61; 61; 61; 7,
命運糐,詹雅雯,台語,,8,,5,
命運親像一支牌,林玉英 特魯多,台語,81,,,56,
命運賜我一個耳光,,華語,6876,,,,
命運輪,余天,國語,548,,,51,
命運輸贏,,客語,4,,,51,
咁有未來,詹曼鈴,台語,3,772,,61; 61; 61; 8; 8,
咋天今天永遠,黄舒駿,國語,,1,,3,
和世界作鄰居,蔡依林,國語,5,,,45,
和你一起,許茹芸,國語,,56798,,2,
和你路過婚紗店,,華語,6652,,,,
和夏天說再見,依稀,華語,571,,,61,
和天一樣高,張雨生,國語,,3,,3,
和你同入夢,呉麗庭,國語,,552,,3,
和平,孫燕姿,國語,5,8,,2; 61; 61; 61,
和平分手,徐良/小暖,華語,570,,,61,
和平分手,梁文音煌奇,Unknown,,46483,,1,
和平分手,黎亞,國語,,49995,,2,
和平的信鴿,徐承邦,國語,,2,,3,
和必來犧生,陳一郎,台語,,4,,6,
和必擱留戀,江蕙,台語,,6,,6,
和我更靠近,孫淑媚,國語,,3,,9,
和日君再來,黄妃,台語,,57000,,6,
和朱來有約,大合唱,國語,,3,,3,
和自己賽地的人,李宗盛,國語,,898,,3,
和苦再留戀,陳雷,台語,,2,,6,
和苦要等下單子,肖李草青青,國語,,886,,9,
咒咀無卡咀 特魯多 高德雄,,華語,46,,,54,
咒詛會變掛,林玉英,台語,,676,,6,
咒詛無卡詛,劉金主,台語,,544,,6,
咒詛無效,蕭玉芬,台語,,493,,6,
咒語,陳峙民,國語,,3,,2,
咕嘰咕嘰,孫燕姿,國語,588,,,99,
咕嚕雞,羅志祥,國語,59,,,39,
咖啡,張學友,國語,541,6,,2; 61; 61; 61,
咖啡,張蓉蓉,台語,,569,,5,
咖啡,江蕙,台語,84,6,,48; 48; 48; 5,
咖啡一個人,江志豐,台語,03,,,69,
咖啡美酒,劉家玟,國語,,8,,2,
咖啡變滾水,張秀卿,台語,,9,,6,
咖啡香舊情味,林娜,台語,9,,,66,
咩,施文彬,台語,,782,,5,
咩一聲啝,邵大倫,台語,,461,,5,
咱,沈建豪/徐紫淇,台語,1,,,63,
咱ㄟ夢,七郎,台語,,445,,5,
咱不是講好,陳茂豐,台語,564,,,61,
咱來乾杯不可,洪榮宏,台語,,571,,7,
咱來做陣搖 House ◆ 蔡姍燕 ◆ 徐夢玲 秋分落葉時,,華語,55,,,40,
咱來恰恰,張瀛仁、,台語,,438,,8,
咱們結婚吧,齊晨 House,華語,,,,61,
咱前輩講的彼句話,王識賢,台語,,38597,,8,
咱只有這條路,葉啟田,台語,63,,,,
咱咱來乾乾一一杯杯,流雲,台語,,4,,6,
咱咱只只是是嘸嘸甘甘,澎恰恰,台語,,569,,6,
咱咱的的戲戲棚棚腳腳,王中平,台語,,4,,6,
咱寫的歌,詹曼鈴,台語,,5,,8,
咱是一家人,蔡義德恰合惀,台語,,594,,8,
咱是好姊妹,林靖恩,台語,,,,60,
咱是好知己,,台語,,,,48,
咱的一生咱的,黃乙玲,台語,,572,,7,
咱的人生第一名,林靖恩/許恩河 吉力巴,台語,,,,60,
咱的命,勃露斯,台語,1,,,68,
咱的天地,方嘉傑,台語,4,,,63,
咱的巢,,台語,,,,,
咱的幸福就治這,劉佳軒 特魯多,台語,83,,,54,
咱的情份,林娜,台語,0,,,67,
咱的情歌,成威,台語,,76399,,6,
咱的情歌,成威/麗君,台語,6691,,,,
咱的情歌,王建傑,台語,66,,,,
咱的愛情,孫淑媚,台語,,574,,6,
咱的愛情,安琪,台語,559,,,00,
咱的感情這呢軟,于台煙,台語,569,,,68,
咱的戲棚腳,王中平,台語,561,,,61,
咱的故事,黃少谷,台語,,489,,8,
咱的未來,,華語,,,,49,
咱的緣咱的命,張燕清/林娜 快華爾滋,台語,,,,61,
咱結婚好嗎,蕭煌奇安心亞,台語,,490,,8,
咱說何必呢 梭 趙希予. 哈口 HaKo,,華語,6664,,,,
咻咻咻,歐得洋,國語,,9,,2,
咼了期的回憶,周俊偉,國語,,3,,3,
哀怨女人心心,林玉峰,台語,,7,,6,
哀愁月台邊,羅一良,台語,,448,,6,
哀愁月台邊,蘇錦煌,台語,,443,,6,
哀愁火車站,,台語,,4,,6,
哀愁的吉他,洪一峰,台語,,487,,6,
哀愁的夜港邊,李茂山,台語,,567,,7,
哀愁的探戈,陳雷,台語,,2,,6,
哀愁的歌,王建傑,台語,563,980,,61; 61; 6; 61,
哀愁的風雨橋,江蕙,台語,,7,,7,
哀愁的風雨橋,鄭麗玲劉福助,台語,,489,,7,
品味,陳瑞,國語,,3,,9,
哇哈哈,木吉他,國語,,8,,2,
哈一喲,清源,國語,,68465,,2,
哈了你的愛是種傷,害,國語,,9,,3,
哈人講阮無個性,張秀卿,台語,,4,,7,
哈你歌,庾澄慶徐熙娣,國語,,484,,2,
哈利路亞,羅百吉,國語,,755,,2,
哈哈哈董,育君,台語,,495,,5,
哈哈錢,七郎,台語,,9,,5,
哈囉,侯美儀,台語,8594,,,73,
哈囉,杜成義,國語,,2,,2,
哈士奇,,華語,69,,,39,
哈妮!我的 Honey,石元彬 慢迪斯可,台語,556,,,61,
哈姆太郎,趙自強,國語,,3,,2,
哈酒,七郎,台語,,0,,5,
哈錢,七郎 Twist,台語,6471,,,,
哎呀呀,鄭伊健,國語,,585,,2,
哎呀呀張,秀卿,台語,,951,,5,
哎呦喂呀,吳俊宏,台語,,43985,,8,
哎呦喂呀,張清芳,台語,,5,,6,
員圈',芭比,國語,,4,,2,
員夢,康康,國語,,5,,2,
員寶庄,簡志峰 慢迪斯可,台語,55996,,,61,
員巟,張宇,國語,,3,,2,
員林好所在 別把愛情想得太完美 Funk 中板靈魂樂 方瑞娥.李明洋,,華語,,,,43,
哥兒們,康康,國語,,570,,2,
哥兒們,王力宏,國語,587,,,81,
哥只是個傳說,陳旭,華語,571,,,61,
哥哥別走,,台語,,,,96,
哥哥姉姉,王登雄林玉英,台語,,6,,6,
哥已不在江湖,杜郭少傑,國語,,842,,9,
哥心博博飆,,客語,3,,,51,
哥界行透透小,辣椒,台語,,494,,6,
哦也,鄭國蜂,國語,,49542,,2,
哪一站,羽泉,國語,,4,,2,
哪個不多情,費玉清 吉力巴,國語,583,,,66,
哪怕我很小,楊培安,國語,,793,,9,
哪通無靠岸,蔡麗津,台語,6548,,,,
哭不回的愛哭不,回的,國語,,687,,3,
哭了,范曉萱,國語,567,3,,; ; ; 2,
哭個痛快,任賢齊,國語,,58865,,9,
哭出來,CoLoR,國語,,569,,2,
哭巴,柯以敏,台語,,96765,,5,
哭泣的雨,伊琳,國語,,852,,2,
哭泣的駱駝,齊豫,國語,5,,,50,
哭砂,黄鶯鶯,國語,,3,,2,
哭笑不得,柯有綸,國語,5,,,,
哭著醒來的人,,台語,68,,,,
哭過就好了梁,文音,國語,,56986,,3,
哭過笑過愛過,姜育恆,國語,,0,,3,
哭餓,BOSS,台語,,3,,5,
哮抹出聲,辯桌二人姐,台語,,938,,6,
哯酒,七郎,台語,,7,,5,
哲學家,范瑋琪,國語,561,,,51,
哺土豆,陳建誠/鄭如涵 慢迪斯可,台語,566,,,61,
哼亠哼亠昌唱,杭天祺,國語,,8,,9,
唇印,鄺美雲,國語,,7,,2,
唇唇欲動,蔡依林,國語,,469,,2,
唇語,,華語,,,,,
唉!愛,蕭賀碩/伍家輝,國語,566,,,85,
唉呦我的媽,蔡秋鳳,台語,,688,,6,
唐伯虎點秋香,張瀚元,Unknown,,9,,1,
唐伯虎點秋香 梭 ◆ 黑龍,,客語,,,,98,
唐凰一夢,嚴藝丹,國語,,2,,2,
唐皇李世民,,台語,49,,,,
唐詩組曲,,客語,,,,38,
唐飛的心聲,唐飛,台語,563,494,,63; 63; 6; 63,
唔使恁有錢,,客語,3,,,51,
唔係唔調值 林展逸 ◆,,客語,841,,,51,
唔想佢也難,,客語,4,,,51,
唔想挽回你心 李秋霞 ○,,客語,4,,,51,
唔擱留戀你,陳莉,客語,456,,,00,
唔通放阮塊傷悲,沈芳如,台語,,6,,8,
售夢似輕煙,鳳飛飛,國語,,439,,3,
售愛還疋取曰矢,蘇永康,國語,,392,,3,
售日主,費玉済,國語,,8,,2,
唯一,楊品品,國語,,76779,,2,
唯一,王力宏,國語,49,9,,; ; ; 2,
唯一的亠菲岸,陳慶池,台語,,582,,6,
唯一的堅持,,華語,42,,,,
唯一的夢,翁慧蘭,台語,6,,,66,
唯一的愛,劉嘉亮,國語,,56464,,2,
唯一的愛,王中平,台語,55891,,,61,
唯一的愛,陳隨意唐儷,台語,,3,,8,
唯一的懷念,陳中,台語,,3,,6,
唯一的戀夢,林瑞棟 特魯多,台語,691,,,63,
唯一的戀夢,林瑞谏,台語,,54441,,6,
唯一的靠岸,陳慶池/洪雯萍 特魯多,台語,556,,,50; 50; 50; 52,
唯一的靠岸,陳慶池/葉怡雯 特魯多,台語,569,,,66,
唯你是青山,,華語,6895,,,,
唯舞獨尊,蔡依林,國語,565,,,63,
唱一遍一遍,費玉清,台語,,579,,6,
唱一遍一遍,費玉清,國語,,6,,3,
唱一首歌,楊黎蘇,國語,,3,,2,
唱一首歌,鳳飛飛,國語,,8,,2,
唱不完的情歌,黄思号,台語,,561,,7,
唱乎爽(歡唱版,黄妃,台語,,45499,,7,
唱乎甲己來聽,秀蘭瑪,台語,,466,,8,
唱人生,龍千玉,台語,,6,,5,
唱出你的名,林龍,台語,,98941,,8,
唱出咱名字,林憲男,台語,3,,,64,
唱出咱的名,劉春發/黃素華 特魯多,台語,692,,,66,
唱出咱的名,劉春發黃素華,台語,,54395,,6,
唱出咱的愛,林芸伊 吉力巴,台語,693,,,,
唱出熱情的生命,張峯子 特魯多,台語,9,,,60,
唱出阮的名,思嘉,台語,,95693,,6,
唱出阮的夢,寶安,台語,9,,,60,
唱國歌,北原山,國語,,7,,2,
唱幸福的歌 倫巴 程美玉(如玉),,台語,665,,,,
唱情歌的人,東來東,國語,,497,,3,
唱歌乎恁聽,蕭煌奇,台語,554,562,,00; 00; 00; 6,
唱歌的人尚快樂,呉宗憲,台語,,957,,7,
唱歌給你聽,陳慶祥,國語,,594,,3,
唱歌給誰聽,韓品,國語,,645,,3,
唱甲無人塊聽,蔡小虎,台語,,453,,7,
唱給女兒的歌,蔡義徳,台語,,2,,8,
唱給媽媽聽,薛曉楓,國語,,680,,3,
唱給少年的聽,游小鳳,台語,,6,,7,
唱給愛情,,國語,65,,,38,
唱給釜釜的歌,顧曉宇,國語,,7,,9,
"唱艹,主歌流一淚",祁孟,國語,,881,,9,
唱著我的歌,伍浩哲,台語,,443,,6,
唱袂熬的情歌,呉淑敏,台語,,572,,7,
唱起歌兒來,,華語,83,,,40,
唱跳歌王,葉復台,國語,,4,,2,
唱首什麼歌,格楊胡,國語,,877,,3,
唲謊亡,林宥嘉,國語,,569,,2,
唸你,劉子千,國語,,575,,2,
唸歌給你聽,翁立友,台語,,43887,,8,
啀啀,戴梅君,台語,,6,,5,
啀啀啀,芭比,國語,,8,,2,
啃老族,,華語,61,,,,
啄木鳥,萬芳,國語,,2,,2,
啄本鳥,2個女,國語,,3,,2,
商滴情淚,沈芳如,台語,,562,,6,
啊!愛情,江蕙,台語,,8,,5,
啊!朋友,余天,台語,84,,,56,
啊哥哥,謝金燕,台語,,782,,5,
啊愛情,南台灣小姑娘,台語,,783,,5,
啊講這多,楊宗憲徐嘉,台語,,1,,6,
問,陳淑樺,國語,3881,4,,; ; ; 2,
問你心肝,薛金顯,台語,,,,61,
問你為什麼,白冰冰,台語,,0,,6,
問你甘會心疼,陳塏瑞,台語,7,,,63,
問你黃,思婷,台語,,850,,5,
問候你,談芳兵,國語,39,387,,; ; ; 2,
問候歌,銀霞,國語,,665,,2,
問吉他,銀霞,國語,,570,,2,
問君,龍千玉,台語,,983,,8,
問君,龍千玉,國語,,391,,2,
問君何時歸,趙柳芝,國語,984,,,63,
問夕陽,潘安邦,國語,,8,,2,
問天,王豪,台語,694,,,,
問天公伯,,台語,,,,48,
問天問地,葉啟田,台語,,764,,6,
問天地,甲子慧,台語,565,462,,5; 61; 61; 61,
問天王,豪,台語,,95685,,5,
問天阿,吉仔,台語,,3,,5,
問嫦娥,,台語,,,,,
問幸福,鳳娘,台語,,880,,5,
問你甘會心疼,塏豈瑞,台語,,464,,8,
問彩虹,林宛瑧,國語,,0,,2,
問彩雲 梭 ◆ 白白,,國語,85,,,,
問心無愧,,國語,67,,,38,
問心無愧,張宇,國語,,4,,2,
問心無愧,趙詠華,國語,86,,,,
問心肝,,台語,,,,,
問情,林俊吉,台語,,8,,8,
問情,楊淑慎,台語,,955,,5,
問情,蔡幸妫,國語,,7,,2,
問情,謝莉婷,台語,,9,,5,
問情,黃思婷,國語,,439,,2,
問情歌,莊振凱,台語,,46963,,8,
問情路,秀蘭瑪,國語,,4,,2,
問情路,秀蘭瑪雅,台語,550,,,61,
問愛情,澎恰恰千玉,台語,,7,,5,
問感情,蔡小虎,台語,,572,,5,
問明月,莊孝緯,台語,,6,,5,
問月光,彭立,台語,55743,56675,,5; 61; 61; 61,
問月娘,蔡美玉,台語,695,,,,
問流星,陳百潭,台語,,43848,,8,
問燕兒,古巨基,國語,,1,,2,
問白雲,蔡琴,國語,,1,,2,
問相思,林春菊,台語,,9,,8,
問相思,陳隨意宜君,台語,,46897,,8,
問緣,傳振輝,台語,,58558,,5,
問自己,盧力,台語,,54440,,5,
問花龍,千玉,台語,,9,,5,
問蒼天,陳隨意,台語,,44489,,5,
問路,蔡佳麟,台語,,59392,,8,
問酒,,華語,66,,,,
問酒,上明 特魯多,台語,567,,,62,
問酒,楊哲,台語,,59593,,8,
問酒上,明,台語,,0,,5,
問韓信,蔡秋鳳,台語,,4,,5,
問題,詹曼鈴,台語,5,774,,61; 61; 61; 8; 8,
問題很多,林沐華,台語,,956,,6,
啞孩子,曾國卿,國語,,1,,9,
啞巴情歌,黃乙玲,台語,,781,,6,
啞火,,華語,6952,,,,
啟田失戀曲,葉啟田,台語,,989,,6,
啟程,江啟臣 搖滾,國語,581,,,67,
啤酒咖啡,許茹芸,國語,,8,,2,
啥人乎阮關心,詹曼鈴,台語,568,,,61,
啥款,陳雷,台語,,7,,5,
啥米叫幸福,,華語,62,,,,
啦,何曉雅,台語,,541,,5,
啦,楊靜,台語,,44449,,5,
啦啦啦,彭佳慧,國語,,3,,2,
啦啦歌,黃磊,國語,,2,,9,
啦歌歌,龐龍,國語,,4,,9,
啦甘,奇靈,台語,,776,,5,
啪啪啪,Namewee黃明志,國語,,46464,,1,
啾味,梅東生,台語,,957,,5,
喂豬,,華語,63,,,,
善有善報,王光滿,台語,,542,,6,
善男信女,蕭敬騰,國語,,568,,2,
善緣,,台語,97,,,55,
善良,燕子/謝鳴,台語,5,,,66,
善良,謝鴫子,台語,,543,,5,
善變,,華語,62,,,53,
"善變的柔,、情",許志安,國語,,8,,3,
喇叭鎖,浯角翔,國語,,462,,2,
喇舌,人嘴巴,國語,,577,,2,
喋喋不休,林子娟,國語,5,981,,2; 68; 68; 68,
喔崎崎哦無塊看,石喬,台語,6766,,,,
"喘山息,",張芸京,國語,,57690,,2,
喘氣也悲傷,洪榮宏蔡群津,台語,,5,,6,
喘氣嘛心痛,,台語,01,,,51,
喙价天注定,翁立友,台語,,6,,7,
喙价天註定,,台語,,440,,7,
喙价天註定,葉敕田,台語,,7,,7,
喙价放一邊,豪記大,台語,,6,,7,
喙刀,林翠玲,台語,,44645,,5,
喙分天註定,,台語,,8,,7,
喙分惹的禍,安東陽,國語,,5,,9,
喙分欠一劃,謝雷呉淑敏,台語,,97642,,7,
喙忙茜,林子娟,台語,,763,,5,
喙朱了,高向鵬怡萍,台語,,0,,5,
喙朱了,龍千玉,台語,,5,,5,
喙盡忙朱幺,白冰冰,台語,,49497,,7,
喙盡情未了,楊莊凱,台語,,479,,7,
喙盡情未了,秀蘭瑪,台語,,485,,7,
喙紛,于台煙,台語,,998,,5,
喙紛,王建傑&,台語,,9,,5,
喙紛,鄭君臧,台語,,5,,5,
喙紛783,張文綺,台語,,447,,5,
喙紛的鎖4,,台語,,946,,7,
喙薄情深,龍千玉,台語,,596,,8,
喙袂斷,謝謝小琪,台語,,0,,8,
喚人形,蔡小虎,台語,,542,,5,
喜字,,華語,6652,,,,
喜帖,吳木,台語,,994,,8,
喜從天降,,華語,,,,,
喜新厭舊,張宇,國語,,2,,2,
喜歡,張懸,國語,583,5,,91; 91; 91; 2,
喜歡,朱茵,國語,,3,,2,
喜歡,鄭秀文,國語,,6,,2,
喜歡一個人好累,泳兒,國語,595,,,61,
喜歡你小的現在的樣,子,國語,,1,,3,
喜歡唱歸暝,江蕙,台語,,4,,6,
喜歡寂寞,蘇打碌,國語,,57488,,2,
喜歡你,陳潔儀,國語,,4,,2,
喜歡你現在的,子黄韻玲,國語,,441,,3,
喜氣洋洋,林慧萍,國語,,1,,2,
喜洋洋,,客語,9,,,51,
喜相目碰並,美黛,國語,,8,,2,
喜相逢,七郎/陳思安,台語,55544,,,,
喜貼,吳木,台語,,9,,8,
喜酒三林,傅振輝,台語,,555,,6,
喜酒甜荟好日,七郎,台語,,9,,7,
喝一口老米酒,林玉英,國語,,5,,3,
喝一嘴相思,秀蘭瑪,台語,,8,,6,
喝一杯,巫敕賢,國語,,0,,2,
喝彩輝煌,,華語,,,,43,
喝茶行酒樓,七郎/方怡萍,台語,55545,,,,
喝落去,方琪,台語,,49470,,5,
喝酒ⅢMimo,原始林,國語,,47798,,2,
喝酒醉,羅百吉,國語,5,,,69,
喝醉以後才明白,,華語,6954,,,,
喝釆,•鳳飛飛,國語,,8,,2,
喝采,5566,國語,,693,,2,
單。純的臉孔,張簡,國語,,9,,3,
單。身情歌,林志炫,國語,,480,,2,
單人券,,華語,64,,,,
單人房,韓晶,國語,,3,,9,
單人房雙人床,莫文蔚,國語,88,56540,,; ; ; 3,
單人舜會,陳亮吟,台語,,992,,8,
單單,,華語,6682,,,,
單單喜歡你 沈丹丹 ◆,,國語,,,,95,
單当一枝花一,張宇,國語,,5,,3,
單思調,,台語,,1,,5,
單思調,胡美紅,台語,,98538,,8,
單戀,潘安邦,國語,,845,,2,
單戀,麥偉林,國語,,2,,2,
單戀酒林,,台語,,492,,6,
單數,曹格,國語,,56551,,2,
單數,許美靜,國語,39,0,,; ; ; 2,
"單洋,絃",邵正宵,國語,,8,,2,
單相思,,客語,847,,,51,
單眼皮,楊丞琳,國語,5,,,55,
單眼皮女生,中国娃,國語,,2,,3,
單程冒險,,華語,65,,,,
單程車票,動力火,國語,,4,,2,
單身保平安,,華語,6483,,,,
單身公寓,,台語,,,,,
單身失戀,孫盛希,國語,,3,,9,
單身孤影,詹雅雯,台語,,570,,6,
單身漢,劉文正,國語,,3,,2,
單身漢,楊峻榮,國語,,385,,2,
單身狗,,台語,,,,,
單身的演歌,詹雅雯,台語,55452,56654,,96; 96; 96; 6,
單身逃亡,鄭智化,國語,,6,,2,
單飛,錦繡二重唱,國語,96,,,,
嗂袁也是一美,沈芳如,國語,,678,,3,
嗆,,華語,66,,,,
嗆,阿弟仔,國語,,6,,2,
嗆声,羅百吉,國語,,766,,2,
嗆姑娘,江淑娜,國語,,551,,2,
嗆聲,羅百吉,國語,5,,,79,
嗆聲,謝金燕,台語,84,48540,,56; 56; 56; 5,
嗆賜,,台語,,764,,5,
嗆賜,蔡一州,台語,85,,,60,
嗇み微み.之戀,憶如,國語,,9,,3,
嗇み微屮.之戀,林憶蓮,國語,,0,,3,
嗇微訴願,楊燕,國語,,7,,3,
嗇敳匕,呉秀珠,國語,,5,,2,
嗚漆嗎黑,S.B.D.W,國語,,2,,2,
嗟心,侯梅茶,台語,,547,,5,
嗨嗨人生,MC&HOTD張雳,國語,,9,,2,
嗯介愛,詩雨/雲凡,客語,579,,,00,
嗶嗶嗶,謝金燕,台語,55785,576,,5; 61; 61; 61,
嘆一聲,郭桂彬,台語,,763,,5,
嘆一聲!無緣的,人林春地,台語,,540,,7,
嘆十聲,,國語,,1,,2,
嘆孤單,陳茂豐,台語,56761,592,,5; 62; 62; 62,
嘆月夜,廖峻,台語,,5,,5,
嘆煙花,胡美紅,台語,,981,,5,
嘆紅顏,冷漠,國語,,3,,1,
嘉慶君遊台灣,黄秋田,台語,,0,,7,
嘔哇,原始林,國語,,47795,,2,
嘜強求,洪文斌,台語,555,,,,
嘜拖沙,謝雷,台語,,94800,,5,
嘜擱在這廢話,謝金燕,國語,5,,,66,
嘜擱想這多,沈芳如,台語,,764,,7,
嘜相害,王瑞霞,台語,,493,,5,
嘸免擱傷悲,馬春梅 特魯多,台語,3,,,66,
嘸想你,向蕙玲,台語,,439,,8,
嘸敢愛,阿凱,台語,,547,,5,
嘸敢愛,陳竑凱 特魯多,台語,842,,,63,
嘸敢望,林玉惜,台語,9,,,66,
嘸無通放抹記,王建傑,台語,,5,,7,
嘸甘,孫淑媚/霍正奇,台語,55795,,,61,
嘸甘乎妳痛,詹旺峻,台語,838,,,63,
嘸通做憨人,,台語,04,,,51,
嘸通心茫茫,阿本嫂,台語,8,,,66,
嘸通愛著我,邱金池,台語,9,,,66,
嘸通擱誤解,詹國進,台語,840,,,63,
嘸通放抹記,王建傑,台語,569,,,61,
嘸通放袂記,葉復台,台語,,658,,7,
嘸通生氣,燕子,台語,,545,,6,
嘸通生氣,燕子 特魯多,台語,4,,,66,
嘸通黑白愛,,台語,05,,,51,
嘸願愛別個,游麗紅/蕭承祥,台語,3,,,64,
嘸願擱傷心,鄭秀琴,台語,843,,,,
嘸願擱再痛,林湘楹,台語,0,,,66,
嘸願擱想你,鄭金樹,台語,844,,,63,
嘸願擱想妳 類型,,華語,,,,,
嘸願擱舉枷,葉鳳鶯 特魯多,台語,845,,,,
嘻哈庄腳情,玖壹壹&Luluu,國語,,773,,3,
嘻哈空姐,周杰倫,國語,,478,,3,
嘿 我的天使,,台語,95,,,,
嘿!你好,王孟麗,國語,564,,,50,
嘿!女孩,姜育恆,國語,,3,,2,
嘿!如果能夠,鈕大可,國語,,9,,3,
嘿!朋友,張素綾,國語,,750,,2,
嘿~Baby,羅百吉/寶貝,國語,5,,,61,
嘿咻,閃亮三姊妹,台語,55763,,,61,
嘿咻,閃亮三姊耸,台語,,568,,5,
嘿嘿 DJ,羅百吉/寶貝,國語,556,,,71,
嘿女孩,,台語,53,,,,
嘿皮波斯爹乾杯,高向鵬,台語,,98772,,8,
噌是麻吉弋,良陳,台語,,3,,8,
噗嚨共之歌,浩角翔,國語,,945,,3,
噢 愛人,,台語,,,,,
噢!莎莉,趙傳,國語,,3,,2,
"噢,愛人",陳瑞,國語,,0,,9,
噢蘇珊娜,鳳飛飛,國語,,4,,3,
噢買尬,五月天,國語,,566,,2,
噥哢人生,,客語,851,,,51,
噪音,,華語,,,,98,
噫媽媽,,台語,,6,,5,
嚇一跳,新寶島樂隊,台語,,790,,5,
嚮往,,台語,,,,,
嚮往,李健,國語,,57994,,2,
嚮往,歐陽菲,國語,,1,,2,
囍,黃妃,台語,,982,,8,
四兩撥千金,蔡義徳,台語,,7,,8,
四句連,阿錡,台語,,490,,5,
四季,ALIN,國語,,56585,,2,
四季予你,,華語,66,,,,
四季情,,客語,8,,,51,
四季沒了你,,華語,63,,,39,
四季的酒,林靈,國語,,,,,
四季遊尞,,客語,77,,,,
四季風,,客語,4,,,51,
四月天,劉若英,國語,,3,,2,
四李嘆,胡美紅,台語,,966,,5,
四海,勃露斯,華語,576,,,65,
四海皆兄弟,陳四皆劉耀明,台語,,9,,8,
四百龍銀,張宇,國語,576,,,66,
四秊,李碧華,國語,,0,,2,
四秊歌,羅寧娜,國語,,9,,2,
四秊風,黃思婷,國語,,562,,2,
四重溪之戀袁,小迪,台語,,756,,6,
四面桃花香 梭 洋瀾一,,華語,67,,,38,
四面楚歌,周杰倫,國語,502,,,40,
囝仔伴,王識賢,台語,,56789,,5,
囝仔公萬善爺,石喬,台語,,5,,7,
回,方怡萍,台語,,4,,5,
回不了家的孩子,法璦,國語,46,,,,
回不來的夏天,,華語,6741,,,38,
回不去了,信樂團,國語,,7,,2,
回來,信,國語,,0,,2,
回來,張信哲,國語,,3,,2,
回來,羅百吉,國語,540,65,,1; 60; 60; 60,
回來喲,余天,國語,3858,,,00,
回來安平港,余天,台語,7985,,,54,
回來巴心上人,楊小萍,國語,,482,,3,
回來巴愛人,張素綾,台語,,7,,8,
回來我身邊,玖壹壹,台語,,43953,,8,
回冖,順子,國語,,5,,2,
回到你身邊,劉德華,國語,554,,,40,
回到過去,周杰倫,國語,502,,,,
回到那一天,,華語,,,,45,
回味,彭佳慧,國語,5,0,,58; 58; 58; 2,
回味,樊凡,國語,,9,,9,
回回娘娘宀家,潘秀瓊,國語,,8,,2,
回娘家,甄秀珍,國語,,9,,2,
回家,吳麗庭,國語,,558,,2,
回家的路,康康,國語,,6,,9,
回家的路,楊梓文祺,華語,,,,61,
回家的路彷弗太,張學友,國語,,3,,3,
回家鄉,誓言,國語,,5,,2,
回家門,王建傑&甲子慧,台語,,56850,,5,
回家門,王建傑/甲子慧,台語,55947,,,61,
回心轉咅,李素專,台語,,438,,8,
回心轉咅,蔡振祺,台語,,46887,,8,
回心轉意,,國語,,54567,,1,
回心轉意,張宇,國語,,3,,2,
回心轉意,徐懿伶,國語,,2,,9,
回心轉意,李素專 特魯多,台語,56851,,,64,
回心轉意,王秀琪,台語,,846,,8,
回心轉意,王識賢,台語,,656,,6,
回心轉意,蔡佳瑩,台語,,48859,,6,
回心轉意,蔡振祺,台語,56942,,,68,
回心轉意,阿吉仔,台語,,3,,6,
回心轉意,高向鵬台萍,台語,,2,,6,
回憶,慕容婕鈴,國語,5,,,63,
回憶,羅百吉,國語,,759,,2,
回憶交錯,,華語,67,,,,
回憶彼罈酒,阿爍,台語,,96758,,6,
回憶淚幕,,華語,68,,,,
回憶熄想哭,南宮嘉,國語,,7,,1,
回憶的閣樓,郭靜,國語,,740,,3,
回憶的風輕輕吹,,華語,60,,,,
回憶總想哭,南宮嘉駿,華語,57579,,,65,
回憶落幕,,台語,,,,,
回憶街,心瑤,國語,,872,,2,
回憶裡的瘋狂,光良,國語,,579,,3,
回憶裡的那個人,李行亮,國語,,3,,1,
回憶裡的那個人,李行亮,華語,,,,69,
回憶見,,華語,63,,,,
回憶那麼亻,孫子涵,國語,,4,,9,
回憶青春童年,,客語,8,,,51,
回甘人生味,王柏森,台語,,749,,8,
回眸,張涵雅,台語,,967,,8,
回答,伊雪莉,國語,,3,,2,
回答,方怡萍,台語,557,,,61,
回答,銀霞,國語,,567,,2,
回航,翁立友林姍,台語,,3,,5,
回航,袁小迪,台語,83,764,,56; 56; 56; 5,
回航的船隻,陳建誠簡美雀,台語,,585,,6,
回豕,鄭君威,台語,,673,,5,
回過頭,,華語,6490,,,,
回鄉,,客語,6,,,51,
回鄉的囝仔,七郎,台語,,5,,6,
回鄉的囝仔,七郎 特魯多,台語,68,,,,
回鄉的我,余天,台語,,2,,6,
回頭,柔均,台語,,652,,5,
回頭,阿錡阿,台語,,494,,5,
回頭夢,,台語,,,,44,
回頭太晚,林姍,台語,,595,,8,
回頭我也不要你,包娜娜,國語,573,,,68,
回頭抛是夢,陳盈潔,台語,,569,,6,
回頭攏是夢,陳盈潔,台語,555,,,92,
回頭是岸,李翊君/迪克牛仔,國語,3938,,,,
回頭有我,,華語,67,,,,
回頭步,蕭孋珠,台語,,2,,5,
回頭無勇氣,王瑞霞,台語,,5,,6,
回頭無岸,馬沙,台語,557,4,,93; 93; 93; 6,
回頭的囝仔,七郎 吉力巴,台語,88,,,64,
回頭的国仔,七郎,台語,,58569,,6,
回頭的路孤單口ノ,林素秋,台語,,657,,8,
回頭路,,國語,,,,95,
回頭路,袁小迪陳凱欣,台語,,1,,8,
回頭路,詹雅雯,台語,,565,,5,
回首來時路,黃玉英,台語,9,,,,
回首浮雲散,,華語,6541,,,,
回首的愛,徐紫淇,國語,571,,,63,
因严,柔均,台語,,6,,5,
因果報應,李秀蘭,台語,,0,,6,
因為,范瑋琪,國語,584,,,91,
因為亇,,台語,,964,,8,
因為什麼 我的眼睛你的心事,,華語,68,,,,
因為你,曾寶儀,國語,,1,,2,
因為你,蕭亞軒,國語,,3,,2,
因為你,謝金燕,台語,8389,2,,71; 71; 71; 5,
因為你,黃文星,台語,,978,,5,
因為你有我,王中平,台語,,2,,6,
因為你的吻,,台語,02,,,51,
因為你的愛,,客語,844,,,51,
因為在乎過(DJ彭銳版) House 程響,,華語,6661,,,,
因為太愛你,謝宜君,台語,,596,,8,
因為妳,黃文星,台語,,587,,5,
因為妳是女人,吳克群,國語,,57639,,3,
因為妳的愛,翁立友,台語,,681,,6,
因為你永遠不是,何方,國語,,3,,3,
因為年輕所以敢真心,吳百倫,國語,4853,,,,
因為愛,J-STARS,國語,,1,,2,
因為愛,傅振輝郐家,台語,,98548,,8,
因為愛,劉德華,國語,,3,,2,
因為愛,辦桌二人組,台語,,768,,5,
因為愛,韋禮安,國語,,575,,2,
因為愛你,陳淑萍,台語,,600,,6,
因為愛你,陶鈺玉,華語,575,,,67,
因為愛你戒了煙,,華語,,,,,
因為愛你所以放,宇桐非,國語,,684,,3,
因為我不甘,詹雅雯,台語,,2,,6,
因為我愛你,尤君,台語,,3,,6,
因為我愛你,秋大,國語,,4,,1,
因為我愛你,蘇錦煌,台語,,44463,,6,
因為我愛你,蘇錦煌 特魯多,台語,56800,,,63,
因為我愛你,謝雷,台語,,764,,6,
因為我是一個行船人,陳一郎,台語,76,,,,
因為我牽著你的手,,客語,,,,46,
因為我願意,,華語,,,,,
因為所以,葉璦菱,國語,,3,,2,
因為拄到你,吳淑敏/施文彬,台語,555,,,83,
因為有你,,台語,,,,44,
因為有你,林子娟,國語,538,,,68,
因為有你,林昆翰/蘇洺慧 特魯多,台語,8,,,69,
因為有你,王識賢秀蘭瑪,台語,,561,,6,
因為有你,陳盈潔,客語,444,,,61,
因為有你作伴,甄秀珍.張晨光,國語,,,,,
因為有你作伴一,徐亨vs,台語,,765,,7,
因為有妳,王建傑,國語,5,,,69,
因為有愛,,台語,62,,,38,
因為遇見你,元冰,國語,,593,,1,
因烹我愛你,,國語,,1,,3,
因虫,段千尋,國語,,49775,,2,
囡仔牶,方順吉方婉直,台語,,3,,5,
囮緣籤張,'蓉蓉,台語,,94894,,5,
困愛,孟庭葦,國語,,3,,2,
困戈,郭淑賢,國語,,4,,2,
困砂,方文琳,國語,,3,,2,
困難的背後,黃乙玲,台語,,4,,6,
圈住你,,華語,69,,,,
圈套,蔡鎔竹,國語,564,,,65,
圈套,邰正宵,國語,,8,,2,
國境之南,范逸臣,國語,,56600,,2,
國家,張帝,國語,,1,,2,
國王皇后,大嘴巴,國語,,56676,,2,
國色天香,,華語,64,,,,
圍中,江蕙,台語,,960,,5,
圍城,,華語,62,,,38,
圍巾,徐譽榺,國語,,63,,1,
圍巾,徐譽滕,華語,57572,,,65,
圍巾,謝金燕,台語,55787,,,61,
圍爐,豪記大合唱,台語,,864,,8,
圍獵,,華語,6961,,,,
圍謝,金燕,台語,,572,,5,
圓,何以奇,國語,,8,,2,
圓仔花,頼慧如,台語,,597,,8,
圓仔花與少年家,羅時豐.小辣椒,台語,62,,,,
圓仔莅,李明依,台語,,944,,5,
圓員仔仔花花與與少少,羅時豐,台語,,8,,7,
圓夢,康康,國語,,,,,
圓滿的愛,,台語,,,,,
圓滿的愛,邱賢,台語,,46839,,8,
圓謊,張宇,國語,578,,,42,
圓通寺之戀,林英美,台語,,44661,,6,
團回,蘇曉芊,國語,,559,,2,
團圓,孫淑媚,台語,568,683,,5; 64; 64; 64,
團圓,黃千芸,台語,,76462,,5,
土你緊汳來,陳金鳳,台語,,8,,7,
土公仔扛轎夫,石喬,台語,,0,,7,
土耳其冰淇淋,周杰倫,國語,,463,,9,
土芭樂欉,,國語,98,,,46,
圣怪女,青鳥飛,國語,,4,,2,
圣我愛的太狂野,自由派,國語,,2,,3,
圣胎秀,張惠妹,國語,,6,,2,
圤念,畢國勇,國語,,399,,2,
在 KTV過夜,張智成,國語,,,,,
在一起,庾澄慶,國語,,578,,2,
在一起,陳德容,國語,,946,,2,
在下一站相遇,伍莉,國語,,,,61,
在世界放光芒,,國語,,5,,3,
在事如煙,孫永慈,台語,,6,,6,
在事市提起,蔡小虎,台語,,2,,6,
在你小背匕彡守第萨,辛曉琪,國語,,7,,3,
在你心底流浪,林隆璇,國語,585,,,91,
在你眼裡,同恩,國語,4856,,,,
在你身邊,王中平/林雨葶,國語,550,,,61,
在夢裡,羅時豐,國語,,486,,2,
在天亮之前說分手,,華語,,,,99,
在天亮之前説分,揚“,國語,,93858,,1,
在失去你的夜裡,,華語,60,,,,
在你心底流浪,林隆玻,國語,,3,,3,
在心裡從此永遠,有個,國語,,57763,,3,
在愛你的路上,優客李,國語,,3,,3,
在我、懷裡,方炯鑌,國語,,57577,,2,
在我心深處,張學友,國語,580,,,62,
在我眼裡妳最特別,郭富城,國語,,8,,3,
在旅行的路上,徐佳瑩,國語,,57942,,3,
在日古光,龐龍,國語,,467,,2,
在朱來飛的客機,郭靜,國語,,583,,3,
在每一秒裡都想見到你,王力宏,國語,3971,,,,
在每一秒裡都相,見到,國語,,9,,3,
在水一方,江淑娜,國語,82,,,,
在水一方,江蕾,國語,,6,,2,
在沒有你以後,謝和弦,國語,,593,,1,
在海那一端,極地陽光,華語,571,,,61,
在秋天醒來,柯以敏,國語,,2,,3,
在至的,俞隆華,台語,,741,,5,
在路上,孫浩雨,華語,57550,,,68,
在這個時刻,銀霞,國語,,5,,9,
在這城市寫下,山英,國語,,457,,3,
在那遙遠的地,閰荷婷,國語,,7,,3,
在銀色的月光,費玉清,國語,,5,,3,
在雨中,王海玲,國語,,1,,2,
在雨中大你,,台語,,6,,6,
在雨中等你,詹曼鈴,台語,562,,,61,
在青春迷失的珈琲館,王心凌,國語,,597,,1,
地下情,陳盈潔,台語,,1,,5,
地下情,龍千玉,國語,,474,,2,
地下情人,大芭,台語,,563,,6,
地下鐵,游鴻明,國語,4855,0,,; ; ; 2,
地下鐵,蕭亞軒,國語,5,,,50,
地久天長,鳳飛飛,國語,,5,,2,
地動海嘯,七喬,台語,,57595,,6,
地動海嘯,七郎/喬幼,台語,566,,,61,
地圖,姜育恆,國語,,2,,2,
地圖,阿弟仔,國語,,9,,2,
地平線,萬芳,國語,,7,,2,
地心引力,姜華,國語,,5,,2,
地心引力,言承旭,國語,5,,,58,
地獄天使,溫嵐,國語,508,,,,
地球上最浪漫的,一首,國語,,576,,3,
地盤,黃明洲,台語,,3,,8,
地老地老地老天芹,荒天,國語,,449,,3,
地道戰,時樂濛,國語,,987,,2,
地震,朱茵,國語,,3,,2,
坆伴陳,盈潔,台語,,9,,5,
坎坷愛情路,儒孺,台語,562,446,,61; 61; 6; 61,
坎坷的情路,勃露斯,台語,56486,,,61,
坎坷的情路,詹曼鈴,台語,,4,,6,
坐檯小姐,小辣椒,台語,6381,7,,; ; ; 6,
坐立不安,蔡健雅,國語,549,,,61,
坦白,何如惠,國語,,3,,2,
坦白,楊欣樺,台語,,479,,8,
坦白,袁惟仁,國語,,988,,2,
坦白,裘海正,國語,,3,,2,
坦白,陳嘉媚,國語,,453,,2,
坦白話,萬梓良,台語,,948,,5,
坦白講一聲,賴信宏,台語,546,54479,,63; 63; 6; 63,
坦白講出來,一綾,台語,6852,,,,
垃圾車,五月天,台語,,3,,5,
型的人,伍思凱,國語,,7,,2,
埋葬愛情,林婀,國語,,2,,2,
城堡,鄭中基,國語,,2,,2,
城市,吳淑敏,台語,,4,,5,
城市小丑,高登,國語,,467,,2,
城市獵人,楊帆,國語,,662,,2,
城市的兩邊,劉德華,國語,,1,,3,
城市的夜空,,台語,,,,00,
城市－暗夜,林子娟,國語,558,,,67,
埡口,齊秦,國語,5,,,63,
埶戀之夜,洪一峰,台語,,4,,6,
執著,于台煙,國語,542,,,67,
執著,田震,國語,,563,,2,
執著,許茹芸,國語,,1,,2,
執迷不悔,王菲,國語,,0,,2,
執迷不悟,,華語,67,,,,
執迷不悟,張林,國語,,3,,2,
執迷不悟,游家順/秀蘭表妹 吉力巴,台語,55490,,,52,
執迷不悟,游家順秀蘭表,台語,,58499,,6,
執迷不悟,王中平,台語,560,0,,61; 61; 6; 61,
執迷不悟,董育君,台語,,059,,6,
執迷幻覺,,華語,6456,,,,
基隆港之戀,侯貴美,台語,938,,,,
基隆港之戀,郭金髮,台語,,8,,6,
堂堂好丈夫,尃振輝,台語,,786,,6,
堂堂的男兒,吳勇濱,台語,,576,,6,
堅固柔情,Lisa,國語,,8,,2,
堅定,羅時豐,台語,,5,,5,
堅定的心,,台語,,,,,
堅定的心,李明洋,台語,,465,,8,
堅強,,台語,,961,,5,
堅強,張蓉蓉,台語,,642,,5,
堅強,王識賢,台語,,569,,5,
堅強女人心,,華語,59,,,,
堅強女人心,賴品璇,台語,699,,,,
堅強女人花,洪百慧,台語,,1,,6,
堅強就是阮名宅,劉貴珠,台語,,548,,7,
堅強才是珎的名,陳淑萍,台語,,9,,7,
堅強是你的名,吳淑敏,台語,551,,,94,
堅強的化匕一,林玉蕊,台語,,546,,6,
堅強的女人,,國語,95,,,,
堅強的女人,謝宜君,台語,,8,,6,
堅強的女人心,賴品玻,台語,,54741,,7,
堅強的女兒,王淑如,台語,,548,,6,
堅強的女性,張秀卿,台語,,46962,,8,
堅強的女性,簡美雀,台語,,447,,6,
堅強的女性,謝莉婷,台語,,94855,,6,
堅強的女性,陳妏甄,台語,,541,,6,
堅強的女郎,卓詩儒,台語,55843,,,61,
"堅強的女郎,",卓詩儒,台語,,441,,6,
堅強的愛,蔡小虎黃思婷,台語,,796,,6,
堅強的模樣,,華語,64,,,,
堅強的玫瑰,王金英,台語,,549,,6,
堅強的理由,伍佰莫文蔚,國語,,9,,3,
堅強的男人,季明洋,台語,,576,,6,
堅強的男性,陳建誠,台語,,44640,,6,
堅強的花欉,林靖恩,台語,9,,,60,
堅強的蝴蝶,楊靜,台語,,2,,8,
堅強的鬥士,阿吉仔,台語,,468,,8,
堅強的鬥志,阿吉仔,台語,,,,61,
堅強祝福你,,台語,,,,51,
堅強紅玫瑰,,台語,,,,95,
堅心不移,,客語,62,,,56,
堅心來等待,林涵霖/林合和,台語,,,,69,
堅心來等待,黃廷堅,台語,,785,,6,
堅心愛你一個,七郎 特魯多,台語,55554,,,,
堅心愛到底,王瑞霞,台語,80,563,,48; 48; 48; 6,
堅心愛你一個,七郎,台語,,493,,7,
堅心心聲,,客語,883,,,51,
堅持,洪瑋,國語,,571,,2,
堅持,翁立友,台語,,5,,5,
堅持再堅持,良一/一綾,台語,8548,,,70,
堅持到底,阿杜,國語,,598,,2,
堅持到成功,,華語,85,,,,
堅持到最後,張瀛仁,台語,,4,,6,
堅持到路尾,,客語,,,,,
堅持咱的夢,,國語,97,,,,
堅持愛到底,喬幼莊,台語,,2,,8,
堅持愛到底,莊振凱喬幼,台語,,594,,8,
堅持的愛,莊振凱張秀卿,台語,,8,,8,
堅持的歌,翁立友,台語,,59594,,8,
堅持的男人,謝兆華,台語,,966,,6,
堅持的男人,謝兆華 特魯多,台語,698,,,,
堯酒斟乎淀林,美惠,台語,,765,,7,
堯酒是目屎尤,雅,台語,,5,,7,
堯酒滲珈畊蔡,秋鳳,台語,,445,,7,
堯酒配歌聲周,韋杰,台語,,44497,,7,
報應,,華語,67,,,,
報應,高慧君,國語,,2,,2,
報答,潘郁娸,台語,7,,,,
塊你走,唐飛,台語,,495,,5,
塔羅牌,FI.R,國語,,9,,2,
塔裡的女人,葉瞹菱,國語,,3,,3,
塵埃,家家,國語,,8,,2,
塵埃,文章,國語,,3,,2,
塵埃,胡楊林,國語,,499,,2,
塵埃,蔡健雅,國語,5,,,61,
塵煙,小剛,國語,,5,,2,
塵緣,羅文,國語,,3,,2,
塵緣,蔡琴,國語,,855,,2,
塵緣,蘇芮,國語,,,,,
境界,徐紫淇,台語,56843,771,,64; 64; 64; 8; 8,
墓仔埔也敢來,詹雅霙,台語,,796,,8,
墜入情網,澎恰恰,台語,,7,,6,
墜落,,華語,6942,,,,
墜落幻境,,華語,64,,,,
墜落情海,羅文聰,台語,,900,,6,
墜落情海 梭 ◆ 林璟証 ◆ V-girls李俊,,華語,72,,,,
墜落愛情網,談詩玲,台語,,839,,8,
墜落（DJ阿卓版）,,華語,66,,,,
墨水,丁國琳,國語,5,967,,2; 63; 63; 63,
墨水吞落肚,,客語,3,,,51,
墮,,華語,6486,,,,
墮落,王菲,國語,,7,,2,
墮落天使,鄭智化,國語,,3,,3,
墮落天使,陳淑樺,國語,,98460,,3,
墮落情話,蔡小虎,台語,,56876,,6,
墳墓的愛,小如來,國語,,,,60,
墺人,方炯殯,國語,,56597,,2,
墾丁之戀,方瑞娥,台語,,46774,,8,
墾丁之戀 探戈 歌曲 ◆ 黃鶯,,台語,72,,,,
墾丁痴情花,石喬,台語,,996,,7,
壁花小姐,阿雅,國語,43,3,,; ; ; 3,
壓力,林俊傑,國語,,8,,2,
壞壞尪吃袂空,劉福助,台語,,7,,7,
壞壞惹人愛,信樂團,國語,,,,,
壞天氣,孫燕妛,國語,,3,,2,
壞女孩,伊能靜,國語,,3,,2,
"壞惹人愛,",信樂團,國語,,2,,3,
壞感覺,周傳雄,國語,47,,,,
壞来西,姚蘇蓉,國語,,5,,2,
士1昨仅星時,楊小萍,國語,,1,,3,
士歡你小,李恕權,國語,,679,,2,
士氣,大台風,台語,,7,,5,
士氣,蔡義德,台語,,443,,5,
売思念,江志豐,台語,,4,,5,
壴歡原諒刂人,游鴻明,國語,,7,,3,
壴歡我,芝龍,國語,,5,,2,
夂,許志豪,台語,,2,,5,
"夂,主問題",張秀卿,台語,,8,,6,
"夂,主幫幫忙",陳有娜,台語,,465,,8,
"夂,主的主人",洪百慧,台語,,657,,6,
"夂,主的兄手",龍千玉,台語,,4,,6,
"夂,主的十字路",邱蘭芬,台語,,6,,7,
"夂,主的地圖",王文,台語,,547,,6,
"夂,主的探戈",陳甲子慧,台語,,96487,,6,
"夂,主的滋呠",吳淑敏,台語,,885,,6,
"夂,主萬禹歲",王萊蔡苇淇,台語,,46573,,8,
"夂,情快閃族",本多RURU,國語,,9,,9,
夂一次欠痛一次欠,陳美鳳,台語,,972,,7,
夂亻小,吳勇濱,台語,,442,,5,
夂冷尹,文妹,台語,,985,,8,
夂夂夂,柯有倫,國語,,684,,2,
夂夂夂,王思佳,台語,,44696,,5,
夂小嘸疋開玩,向蕙玲,台語,,3,,7,
夂小壹千萬年,謝雷,台語,,764,,7,
夂已巠累,曾心梅,台語,,568,,6,
夂忙一朵亻艹匕,王瑞霞辦桌阿,台語,,76394,,6,
夂恨攏是你,張政雄薛珮潔,台語,,965,,6,
夂情藥單詹,雅安,台語,,763,,6,
夂愛忙換換日日線線,蝉螂合,國語,,3,,3,
夂愛愛,M3,國語,,7,,2,
夂清叓波,白冰冰,台語,,760,,6,
夂要乍麼説出口,趙傳,國語,,386,,3,
夂要夂.白久,謝金燕,台語,,2,,6,
夂雨,齊秦,國語,,4,,2,
夂風,白冰冰,台語,,653,,5,
夂風劉,信明,台語,,382,,5,
夊,林柔均,台語,,840,,5,
夊ー主啤酒,許富凱,台語,,96495,,6,
夊小愛小,翁立友大芭,台語,,977,,6,
夊情時士立,翁立友,台語,,588,,6,
夋悔,優客李,國語,,3,,2,
夋悔啦李,明洋,台語,,56667,,5,
夋甜,蔡依林,國語,,6,,2,
夋甜,黃鶯鶯,國語,,3,,2,
夋頭厝羅葉,文聰家,台語,,56668,,5,
夌晨三點鐘,張智成,國語,,643,,3,
夏之旅,蔡幸娟,國語,3898,,,,
夏仅,唐磊,國語,,6,,2,
夏夜晩風,佰百,國語,,9,,2,
夏天的浪花劉,文正,國語,,6,,3,
夏天的雨,,華語,63,,,,
夏天結束前,哥哥妹妹,國語,79,,,,
夏姓,鳳飛飛,國語,,3,,2,
夏威夷的航空,文夏,台語,,5,,7,
夏威夷航空信,文夏,台語,,7,,7,
夏季留言,,華語,68,,,,
夏戀日月準,黄永玄,國語,,8,,1,
夏戀日月潭,黃永玄,國語,958,,,63,
夏日夜晩,夏國星林玉英,國語,,768,,2,
夏日最後一場小雨,費玉済,國語,,840,,3,
夏日的回憶,勃露斯,華語,575,,,68,
夏洛特煩惱,金志文,國語,,58866,,9,
夏秋冬,蔡小虎,台語,,2,,6,
夏耒末洛心・,林晏如,台語,,4,,6,
夏至你未至,,華語,61,,,,
夏艷,鳳飛飛,國語,543,,,42,
夏雪,何潔,國語,,688,,2,
夏雪,陳志朋,國語,,464,,1,
夏，雨，和你 Hip-Hop 羊羊,,華語,68,,,,
夕丿一,王傑,國語,,5,,2,
夕久,張嘉洵VS忄,國語,,4,,2,
夕少,梁詠琪,國語,,4,,2,
夕忙,金素梅,國語,,6,,2,
夕想,張信哲,國語,,0,,2,
夕殿螢飛,蔡幸娟,國語,,3,,2,
夕焼けの道（日落大道）,,華語,75,,,54,
夕陽下,辦桌二人組,國語,,461,,2,
夕陽伴我歸,陳淑樺,國語,,1,,3,
夕陽山外山,金佩珊,國語,,1,,3,
夕陽西沈,謝雷,國語,,556,,2,
夕餘,楊宗鎿,國語,,56499,,2,
外冫橋,在賢齊,國語,,2,,2,
外埔風光,,台語,,46873,,8,
外套,動力火,國語,,945,,2,
外婆,周杰倫,國語,5,,,,
外婆的家,我們的愛已沉入海底,華語,6543,,,,
外婆說,,華語,6541,,,,
外愈,任然,華語,,,,69,
外省ㄟ,謝雷/喬幼,台語,566,,,61,
外省弋,謝喬,台語,,57854,,5,
多,蔡振南,台語,,2,,5,
多主啊,翁立友朱海君,台語,,573,,5,
多主海,鍾慧鈴,台語,,2,,5,
多事的秋,萬芳,國語,,6,,2,
多傻,劉若英,國語,3859,,,,
多刺多情,李蕙敏,國語,544,,,46,
多刺玫瑰,安琪,台語,55478,,,,
多刺的玫瑰,,台語,,9,,6,
多可愛,鳳飛飛,國語,,867,,2,
多埥的打擾,黒龍,國語,,8,,9,
多客氣,,國語,,1,,2,
多射老天爺,陳小春,國語,,3,,3,
多少年,劉順得 快華爾滋,台語,563,,,61,
多少歡笑多少,甄妮,國語,,661,,3,
多希望你在這裡,許志安,國語,38,,,,
多年以後,姜育恆,國語,,5,,2,
多彩歌藝協會會歌,大合唱,Unknown,,469,,8,
多情,龍千玉,台語,,0,,5,
多情世界,,台語,66,,,,
多情世界,方瑞娥,台語,,4,,6,
多情人,王中平,台語,56750,571,,5; 62; 62; 62,
多情人多情夢,瑪,台語,,567,,7,
多情人注定孤單 華爾滋 ◆ 艾莉,,華語,,,,,
多情人逃情網,甲子慧,台語,,5,,7,
多情人都把靈魂,給了誰,國語,,7,,3,
多情兄,新寶島樂隊,台語,,968,,5,
多情啥意義,黃千芸,台語,,793,,6,
多情多怨嘆,王瑞霞,台語,,4,,6,
多情多怨恨,戴梅君,台語,,547,,6,
多情多操煩,詹曼鈴,台語,6663,,,00,
多情夢,洪榮宏,台語,,558,,5,
多情女子,楊靜,台語,,9,,8,
多情應笑我,陳秀玲 吉力巴,國語,4564,,,,
多情換絶情,兪隆華,台語,,76588,,6,
多情會害,林慧萍,台語,,2,,6,
多情無藥醫,梭,台語,662,,,55,
多情無藥醫,沈建豪,台語,555,,,52,
多情猶原傷心,孫淑媚,台語,8443,488,,74; 74; 74; 7,
多情玫瑰,張蓉蓉,台語,,499,,6,
"多情的人總被無,",埥的傷,國語,,8,,3,
多情的城市,孫淑媚,台語,6662,,,,
多情的城市多變的你,向蕙玲,台語,,76457,,7,
多情的巷口無情的天,笋憲,台語,,1,,7,
多情的戀夢,孫淑媚/秀蘭瑪雅,台語,84,,,59,
多情的戀夢孑,系淑媚&秀藺瑪,台語,,562,,6,
多情的我無情的你,黄思嬶,台語,,45456,,7,
多情的月光,正月十五,華語,575,,,67,
多情的月娘,王莱,台語,,44575,,6,
多情的流浪兒,林玉峰,台語,,065,,7,
多情的港口無情天,呉宗憲,台語,,973,,7,
多情的男兒,洪榮宏,台語,,8,,6,
多情的男性,,台語,,0,,6,
多情的錯誤,方仟翊,台語,,7,,6,
多情種,優客李,國語,,9,,2,
多情總為無情,費清,國語,,6,,3,
多情花,孫淑媚,台語,62,,,,
多情行船人,陳芬蘭,台語,,449,,6,
多情被人欺,張蓉蓉,台語,,966,,6,
多情路,黃乙玲,台語,,3,,5,
多情郎,,客語,,,,,
多情閂著無情,陳建誠,台語,567,45493,,62; 62; 62; 7,
多情雨,白冰冰,台語,,46875,,8,
多情南寮港,陳莉,客語,450,,,00,
多想再問問你,潘協慶,國語,,1,,3,
多想把你抱住,,台語,39,,,,
多想抱抱你,劉曉龍龍翼,國語,,8,,1,
多想留在你身,,Unknown,,464,,1,
多想留在你身邊,劉增瞳,華語,57593,,,63,
多想還小,,華語,6670,,,,
多愁善感,吳梵 快華爾滋,國語,567,,,79,
多愛一點,大合唱,國語,,2,,2,
多愛我一秒艟,周傳雄,國語,,852,,3,
多期待,,華語,61,,,,
多桑,洪百慧,台語,,4,,5,
多桑,蔡振南,台語,69,,,,
多桑喲,唐儷,台語,,441,,5,
多清的人,張蓉蓉,台語,,553,,6,
多看一眼,鳳飛飛,國語,,6,,2,
多肉少女,,華語,62,,,,
多說無用,,台語,58,,,,
多謝!你的愛,王瑞霞,台語,,567,,6,
多謝你的招待,蕭玉芬,台語,,557,,7,
多謝照顧,王彩樺,國語,,475,,2,
多謝關照,王紹博,華語,572,,,61,
多變的你,南台灣忄姑娘,台語,,962,,6,
多遠都要在一,鄧紫琪,國語,,58551,,3,
多雨的秋天,沈丹丹,華語,575,,,67,
多麼好!我的心上人,高勝美,國語,5963,,,38,
多麼捨不得,,台語,62,,,,
夜,鳳娘,國語,,467,,9,
夜.夜亻亻,齊秦,國語,,3,,2,
夜下的姑娘,鄧麗君,國語,,7,,3,
夜之悲,,華語,6749,,,,
夜亻丁,,國語,,0,,2,
夜伴琴詩,,台語,,441,,6,
夜來香,吳勇濱,台語,,575,,5,
夜來香姑娘,洪榮宏,台語,,477,,6,
夜光航線,吳佩慈,國語,,56494,,2,
夜半味涙,蔡敕東,台語,,480,,6,
夜半情人,張衛健,國語,,788,,2,
夜半暝,黃妃,台語,56541,8,,5; 61; 61; 61,
夜半歌聲,張國榮,國語,89,,,,
夜半的勃露斯,,台語,,471,,7,
夜半的小姑娘,文夏,台語,,461,,7,
夜半的探戈,洪榮宏靜云,台語,,59766,,8,
夜半的歌聲,王建傑,台語,,4,,6,
夜半的花蕊,黃馨慧,台語,547,,,61,
夜半的賣花女,吳晉淮,台語,,473,,7,
夜半路燈,余天,台語,,6,,6,
夜半青紅燈,佩君,台語,,474,,6,
夜台北的戀歌,黃乙玲,台語,,8,,7,
夜嘆,林妤潔,台語,,540,,5,
夜夜夜漫長,,華語,6393,,,,
夜夜夢,,客語,2,,,51,
夜夜夢,蔡小虎,台語,,4,,5,
夜夜夢亻仅空,謝雷,台語,,2,,7,
夜夜想,,客語,4,,,51,
夜夜想到你,陳雷,台語,,667,,6,
夜夜抱著歉意入,方季惟,國語,,462,,9,
夜夢,方瑞娥,台語,,4,,5,
夜太深（DJ默涵版）,,華語,6538,,,,
夜太黑,林憶蓮,國語,38,,,42,
夜孤單,戴梅君,台語,,872,,5,
夜己那麼深,賈靜安,國語,,3,,3,
夜已那麼深,賈靜雯,國語,59,,,40,
夜市一蕊花,,華語,78,,,,
夜快車,,台語,,475,,5,
夜思戀,,台語,00,,,,
夜曲,周杰倫,國語,,5,,; ; ; 2,
夜曲情深,李嘉,台語,,980,,8,
夜沉沉,古玉珠 特魯多,台語,549,,,61,
夜流生,陳敏郎,台語,,3,,5,
夜深情深人孤單,曾心梅,台語,551,,,90,
夜清風,陳淑萍,台語,,44670,,5,
夜港邊,陳盈潔,台語,,4,,5,
夜照冗了亻夜,揚烈,國語,,3,,3,
夜生活,謝金燕,台語,,6,,5,
夜的寂寞 Hip-Hop 利用人如欲使用本產品於「公開場所」使用，請逕洽集管團體或,,華語,64,,,,
夜的迴蠁,尤雅,國語,,9,,9,
夜空,洪榮宏,台語,,054,,5,
夜空,青山,台語,,4,,5,
夜空,黃思婷,國語,,551,,2,
夜空中最売的,鄧紫祺,國語,,592,,9,
夜空的星星,沈文程,國語,,3,,3,
夜總會,張蓉蓉,台語,,554,,5,
夜色,江蕙,國語,,457,,2,
夜色,羅文聰,台語,,56982,,5,
夜色,陳思安,台語,,763,,5,
夜襲,,國語,,1,,2,
夜襲,黃瑩,國語,,46491,,1,
夜語,陳淑樺,國語,,8,,2,
夜變亮,,華語,67,,,,
夜貓,丁噹,國語,,569,,2,
夜車,林俊吉,台語,,4,,5,
夜車一生,銀河科,台語,,496,,6,
夜車人生,翁立友,台語,,577,,6,
夜遊,阮筱芬,國語,,783,,2,
夜遊上海,羅百吉,國語,,568,,2,
夜遊上海,羅百吉/寶貝,國語,592,,,69,
夜都市半暝三更,郭金發,台語,,5,,7,
夜都市的擦鞋童,洪榮宏,台語,,694,,7,
夜長夢多,藍心溏,國語,,3,,2,
夜間男友,,華語,6779,,,,
夜闌珊,,華語,64,,,,
夜雨,,國語,,1,,2,
夜雨,,華語,69,,,,
夜雨之戀,謝呉淑敏,台語,,746,,6,
夜雨慕情,,台語,,389,,6,
夜雨的思念,紀露,台語,,2,,8,
夜雨相思,鄧詠家,台語,,76497,,6,
夜霧ååMOTEL的MOTEL,謝金燕,台語,,2,,6,
夜霧下的姑娘,鄧麗君,台語,,8,,7,
夜霧的勃露斯,郭金發,台語,,445,,7,
夜霧的十字路,,台語,,452,,7,
夜霧的戀情,周蓬霖,台語,,977,,6,
夜霧的戀情,邱蘭芬,台語,,448,,6,
夜霧的省道,吳紹輝,台語,2,,,65,
夜風雨,吳進福 特魯多,台語,39,,,61,
夜魅乚,韓寶儀,台語,,645,,5,
夜鳥,羅時豐,台語,,96474,,5,
夜鶯歌唱的晚上,周雅芳,國語,5,,,68,
夜路,,客語,2,,,51,
夠了,卓文萱,國語,,485,,2,
夠了,陳峙民,國語,,5,,2,
夠了沒有,謝霆鋒,國語,,3,,2,
夠夠的,魏(懋,國語,,694,,1,
夠好,黃美珍,國語,,48440,,2,
夢,李心琪,國語,,767,,2,
夢,許志安,國語,,2,,2,
夢,鄭君威,台語,,053,,5,
夢G玫瑰,七郎,台語,,438,,8,
夢一中再相會,游麗紅,台語,,98551,,8,
夢一場,那英,國語,,6,,2,
夢一場,黃思婷,台語,,6,,5,
夢一場,龍千玉,台語,,571,,5,
夢一場空一場痛一,場,國語,,7,,3,
夢一生,龍千玉,台語,,6,,5,
夢不完的你,呉奇隆,國語,,9,,3,
夢不落帝國,蔡旻佑,國語,582,,,,
夢不醒星,關德輝,國語,,0,,2,
夢世間,翁立友,台語,,573,,5,
夢中一片幻想,,國語,679,,,38,
夢中之歌,江蕙,台語,,480,,6,
夢中也愛你,阿吉仔,台語,66,485,,; ; ; 7,
夢中人,,華語,65,,,,
夢中人,王建傑,台語,8565,947,,69; 69; 69; 5,
夢中人,王識賢,台語,,2,,5,
夢中人,羅欣,台語,,3,,8,
夢中人,蔡琴,國語,,1,,2,
夢中人,蔡秋鳳,台語,,9,,5,
夢中人,龍千玉,台語,,7,,5,
夢中人生,張瀛仁,台語,,495,,6,
夢中仙,張蓉蓉,台語,,566,,5,
夢中來夢中去,揚雅,台語,,2,,7,
夢中來安慰,龍千玉翁立左,台語,,644,,7,
夢中來相見 華爾滋 詹秀玉,,台語,,,,44,
夢中再留戀,何元平,台語,8,,,63,
夢中再相會,傑詹,台語,,46964,,8,
夢中再相會,劉佳軒,台語,81,56392,,59; 59; 59; 7,
夢中再相會,游麗紅/良一,台語,2,,,66,
夢中再相會,莊振凱,台語,,838,,7,
夢中再相會 倫巴 ◆ 洪俊成,,華語,91,,,,
夢中再相見,葉復台,台語,,4,,7,
夢中再相逢,蕭承祥,台語,,781,,8,
夢中再相逢,蕭承祥 特魯多,台語,980,,,63,
夢中在想你 梭 歌曲 寒雲 ◆ 類型 歌號 粵語歌曲,,華語,,,,,
夢中夢,蔡幸娟,台語,,446,,5,
夢中夢,邱芸子,台語,,976,,5,
夢中央,江蕙,台語,,572,,5,
夢中女,龍千玉,台語,,444,,5,
夢中好情侶,方瑞娥,台語,,982,,7,
夢中姑娘,易丹 快華爾滋,華語,572,,,61,
夢中姑娘,易舟,國語,,689,,3,
夢中影彡,林俊吉,台語,,5,,5,
夢中影彡,白冰冰,台語,,447,,5,
夢中彼個人,,台語,83,,,,
夢中思慕的人,張秀卿,台語,64,763,,; ; ; 7,
夢中恰恰,張蓉蓉,台語,,596,,8,
夢中情,余帝,台語,,2,,5,
夢中情,張鳯鸞,台語,7,,,66,
夢中情,張鳳鸞,台語,,547,,5,
夢中情,江蕙,台語,,800,,5,
夢中情,王又萱,台語,8,543,,5; 64; 64; 64,
夢中情,羅時豐王瑞霞,台語,,7,,5,
夢中情,郭健一,台語,,4,,5,
夢中情,顏塗樟,台語,3,,,66,
夢中情人,尤雅,國語,,774,,3,
夢中情人,林菁國詹曼鈐,台語,,56688,,6,
夢中情人,溫瀚龍林喬安,台語,,5,,8,
夢中情人,詹曼鈴/林菁國,台語,55741,,,61,
夢中情喙,莊振凱卑淑芋,台語,,439,,8,
夢中情徘徊,,華語,,,,,
夢中情愛,翁立友,台語,,596,,8,
夢中情歌,黃思婷,台語,,4,,6,
夢中情網,施文彬秀蘭瑪,台語,,564,,6,
夢中情網,秀蘭瑪雅/施文彬,台語,554,,,75,
夢中情緣,,客語,6,,,51,
夢中愛,謝莉婷,台語,,4,,5,
夢中所愛的人,彭莉,台語,,4,,7,
夢中新娘,,華語,45,,,,
夢中月,,台語,,,,51,
夢中沒你,李明洋,台語,,77561,,8,
夢中河,,台語,,,,97,
夢中痴,陳茂豐,台語,55884,,,61,
夢中癡,陳茂豐,台語,,638,,5,
夢中的WALTZ,蕭蔓萱,台語,,877,,6,
夢中的人,張蓉蓉,台語,,43966,,8,
夢中的人,詹曼玲,台語,,464,,6,
夢中的人,詹曼鈴,台語,55992,,,61,
夢中的化匕一,張瀛仁,台語,,4,,7,
夢中的夢,吳淑敏,台語,554,,,00,
夢中的媽媽,雲飛,國語,,460,,9,
夢中的媽媽,高凌風,國語,,2,,3,
夢中的形影,秀蘭瑪雅/施文彬,台語,558,,,87,
夢中的形影,秀蘭瑪雅文,台語,,439,,7,
夢中的形影,謝莉婷,台語,,9,,7,
夢中的彩虹,洪榮宏,台語,,8,,8,
夢中的情話,杜成義江蕙,台語,,9,,7,
夢中的情話,江蕙.阿杜,台語,64,,,,
夢中的愛,,台語,,9,,6,
夢中的愛,韓寶儀,台語,,465,,6,
夢中的攻瑰,林俊吉,台語,,592,,8,
夢中的新娘,林俊吉,台語,,981,,8,
夢中的新娘,林鴻銘,台語,8,,,66,
夢中的玫瑰,阿茹,台語,,457,,7,
夢中的玫瑰,阿茹 特魯多,台語,56589,,,62,
夢中的祝福,温瀚龍,台語,,8,,8,
夢中的約會,邱蘭芬,台語,,072,,7,
夢中的紅顏,甲子慧,台語,55842,57780,,61; 61; 61; 7,
夢中的虫蛌,江志豐,台語,,7,,7,
夢中的蝴蝶,江志豐/吳申梅,台語,568,,,64,
夢中的西施,,台語,64,,,40,
夢中的記誌,,台語,,,,97,
夢中相會,秀蘭瑪,台語,,4,,6,
夢中相會,秀蘭瑪雅/施文彬,台語,559,,,87,
夢中網,王建傑&詹鈴,台語,,0,,5,
夢中網,王建傑.詹曼鈴,台語,66,,,,
夢中花,,華語,66,,,,
夢中花乚,謝莉婷,台語,,448,,5,
夢中花夢中情,謝莉等,台語,,438,,8,
夢中落空,,華語,6743,,,,
夢中見,劉德華,國語,,670,,2,
夢中見,蘇錦煌,台語,,46853,,8,
夢中雨,沈建豪,台語,,46584,,61; 61; 61; 8; 8,
夢中彩虹,,客語,3,,,51,
夢之約,陳淑樺,國語,,868,,2,
夢也甜,李素專/簡志峰,台語,56853,,,64,
夢也甜,李素專簡志峰,台語,,438,,8,
夢也甜,簡志峰素專,台語,,4,,8,
夢伊想亻,談詩玲,台語,,853,,8,
夢你的夢,黃西田兆姊,台語,,2,,6,
夢來夢去,林俊吉,台語,,6,,6,
夢像煙火 特魯多 蔡玫樺,,台語,663,,,,
夢再望,陳百潭,台語,,6,,5,
夢到你,王中平,台語,6841,5,,; ; ; 5,
"夢前,塵",江蕙,台語,,765,,5,
夢去了,,國語,,8,,2,
夢在你懷中,陳齪麗,國語,,471,,3,
夢境,慕容婕鈴 快華爾滋,國語,5,,,63,
夢境,蔡亞玲,台語,552,,,90,
夢境,蔡雅鈴,台語,,762,,5,
夢天堂,言,國語,,955,,2,
夢天夢地,黃乙玲,台語,,2,,6,
夢如雲,婉寶,台語,,666,,6,
夢寐以求,鄭進一,國語,,7,,3,
夢已醒 特魯多 子鈺,,台語,,,,47,
夢幻,甄妮,國語,,796,,2,
夢你夢到醒,洪榮宏,台語,,43885,,8,
夢很甜 Hip-Hop 陳維傑 想入非非,,華語,64,,,,
夢情郎,尤雅,台語,,038,,5,
夢想的開始,何潤東,國語,,7,,3,
夢想起飛,,台語,,,,,
夢成空,,台語,,,,50,
夢成雙 華爾滋 歌曲 ◆ 邱芸子,,台語,,,,,
夢抹醒,林俊吉洪百慧,台語,,6,,5,
夢抹醒情難斷,邱芸子/郭健一,台語,554,,,,
夢故鄉,七郎,台語,,449,,5,
夢斷天涯,吳晉淮,台語,,553,,6,
夢星心亡亡,李晨,台語,,485,,8,
夢會醒,,台語,,8,,5,
夢月圓,謝宜君,台語,,0,,5,
夢有多長有多遠,王中平,國語,57,,,,
夢浪,,華語,6873,,,,
夢海,,華語,,,,,
夢渡人生,江音.王萊,台語,61,,,,
夢渡人生,王江音,台語,,5,,6,
夢無你,林美惠,台語,,670,,5,
夢無情,林玉峰,台語,,7,,8,
夢無盡,黎明,國語,,5,,2,
夢煙雨,,華語,63,,,,
夢燃燒,劉嘉亮,國語,,644,,2,
夢甲網,柔均,台語,553,763,,00; 00; 00; 5,
夢痴,蔡小虎,台語,,7,,5,
夢的幻想日記,,華語,6757,,,,
夢的衣掌,李碧華,國語,,4,,3,
夢的衣裳,王阿,台語,,77562,,8,
夢相思,,客語,2,,,51,
夢相思,,華語,,,,,
夢相思,一綾邱,台語,,471,,8,
夢眷風,蔡小虎,台語,,57693,,5,
夢空空,,華語,65,,,,
夢紅塵,陳隨意,台語,,57489,,5,
夢纏綿,,華語,,,,,
夢與遊戲之門王,傑,國語,,2,,3,
夢與醉,堂娜,國語,,9,,2,
夢袂醒,恰恰,台語,,,,61,
夢袂醒,方怡萍,台語,,442,,5,
夢袂醒,林俊吉洪百慧,台語,,9,,8,
夢裡,林心如&,國語,,3,,2,
夢裡的姑娘,郎軍,國語,,7,,3,
夢裡的愛,,台語,,,,41,
夢裡相思,崔萍,國語,,8,,3,
夢裡相思,鳳飛飛崔萍,國語,,8,,3,
夢裡花,張韶涵,國語,,570,,2,
夢裡飛花千尋,詩雨,國語,5,,,00,
夢見,,台語,96,,,,
夢見,陶晶瑩,國語,4987,,,,
夢話,施文彬,台語,555,48600,,76; 76; 76; 5,
夢遊,陳譯賢,國語,,0,,2,
夢都市,豪記大,台語,,456,,5,
夢鄉,陳茂豐,台語,565,458,,5; 61; 61; 61,
夢醒,楊靜,台語,,438,,8,
夢醒,羅百吉,國語,5,677,,2; 67; 67; 67,
夢醒也留戀,七郎,台語,555,,,,
夢醒了,那英,國語,,0,,2,
夢醒全身傷痕,蔡小虎,台語,,446,,7,
夢醒在天涯,朱海君,台語,,46981,,8,
夢醒心也碎,劉育綾,台語,554,,,00,
夢醒心也醒,孫淑媚,台語,6943,,,,
夢醒心石,朱海君,台語,,982,,8,
夢醒才知相思,,台語,,3,,7,
夢醒才知相思,秀蘭瑪雅,台語,84,,,74,
夢醒時又想起你,,華語,61,,,,
夢醒江湖,巟山亮,台語,,2,,6,
夢醒的心,莊振凱,台語,,673,,6,
夢醒知輸贏,邱芸子,台語,55591,,,61,
夢醒變成空,方怡萍,台語,561,,,67,
夢開始的地方童,安格,國語,,6,,3,
夢隨風飄,騰格爾,國語,,9,,3,
夢難圓,方瑞娥,台語,,6,,5,
夢難忘,,國語,,0,,2,
夢難留,郭富城,國語,,9,,2,
大,鄭君威,台語,,493,,5,
大丈夫,,國語,,6,,2,
大丈夫,余天 慢迪斯可,國語,561,,,50,
大丈夫,張宇,國語,546,900,,39; 39; 39; 2,
大丈夫,蔡依林,國語,,568,,2,
大人小孩,于立成治豪,國語,,489,,2,
大人物,林志炫,國語,,1,,2,
大仔,袁小迪,台語,,763,,5,
大你大到我心广,巫敕賢,國語,,1,,3,
大傻瓜,陳淑萍,國語,5,,,67,
大優瓜,張世彬季漢昭,國語,,76757,,2,
大優瓜,陳淑萍,國語,,978,,2,
大優瓜想結婚,陳寶蓮,國語,,596,,3,
大公雞,藍聖文,國語,,392,,2,
大千懺,蓮歌子,台語,,96475,,5,
大叔也不錯,楊坤/黃渤,華語,576,,,65,
大叔時代,,國語,,54566,,1,
大可不必,,華語,6559,,,,
大台風,葉復台,國語,,488,,2,
大哥,柯受良,國語,,398,,2,
大哥大和我,,台語,44,,,54,
大哥是老大,唐飛,台語,56565,,,66,
大囍之日,,華語,6550,,,,
大國民,鄭智化,國語,,0,,2,
大地回眷,,國語,,6,,2,
大地的女兒,蔡桂枝,台語,,43866,,8,
大圳小溝日夜行 吳艾媄 ◆,,客語,03,,,51,
大城小愛,王力宏,國語,,596,,2,
大夢一場,,國語,,,,,
大夢何時了,,華語,66,,,,
大大大草原,,華語,39,,,51,
大大的扌抱,n,國語,,575,,3,
大太陽,脫拉庫,國語,,393,,2,
大奧灣,北原山,國語,,2,,2,
大女人,張宇,國語,,391,,2,
大家不計較,大合唱,台語,,393,,6,
大家今日笑連連,,客語,2,,,51,
大家來'員林,施韋瑄,台語,,446,,6,
"大家來,樂透",江鳳,台語,,972,,6,
大家來∕發財,賴縣義,台語,,947,,6,
大家來拜樟樹公 華爾滋 林鎮忠,,台語,,,,44,
大家來跳舞,,台語,,680,,6,
大家來跳舞,陳雷,台語,568,,,64,
大家攏平安,余瑞昌,台語,567,,,63,
大家攏是出外,阿吉仔,台語,,4,,7,
大家攏治這,高向鵬,台語,,7,,6,
大家支持鄭聚然,,客語,03,,,51,
大家都知道,郭富城,國語,,399,,3,
大家都知得,,客語,9,,,51,
大小漢差這多,潘氏兄,台語,,384,,7,
大彳街,李亞明,國語,,9,,2,
大待你一生,傅振輝,台語,,442,,6,
大待是因為有愛,,國語,,6,,3,
大徹大悟 梭 ◆ 妞妞 ◆ 吳家程,,台語,,,,00,
大悲咒,齊豫,國語,,5,,9,
大愛心,,客語,8,,,51,
大手拉亅手,許慧欣,國語,,4,,3,
大把火,方許金莢,台語,,894,,5,
大把火,方鈴/許金萊,台語,558,,,00,
大拜拜,莊明樹/莊明惠,台語,7688,,,61,
大敦煌,刀郎,國語,,6,,2,
大柱的心聲,林連興,台語,1,,,65,
大樹腳,王中平,台語,557,56452,,5; 61; 61; 61,
大每,楊培安,國語,,48394,,2,
大江東去,羅文,國語,,885,,2,
大海,藍雨,國語,,497,,2,
大海愛藍天,彭于晏,國語,5,,,47,
大海的彼爿,鳳琴,台語,,770,,8,
大海邊,余天,國語,,9,,2,
大海邊,潘安邦,國語,,659,,2,
大溪之戀,秀鄰/加來,台語,998,,,66,
大漠姑娘 梭 菲菲公主 (陸綺菲),,華語,68,,,,
大火,李佳薇,國語,,575,,2,
大無限日批,,台語,,967,,6,
大無限時批,新寶島,台語,,3,,6,
大煙囪,藍聖文,國語,,3,,2,
大甲媽祖,劉育綾,台語,84,,,60,
大甲溪邊,,台語,,597,,8,
大白兔,丁對,國語,,687,,2,
大眼晴,文好,國語,,464,,1,
大細漢差彼多,施文彬,台語,,745,,7,
大罨忙人,邱蘭芬,台語,,641,,5,
大美妞,,華語,,,,99,
大美妞,帥大,國語,,9,,9,
大老二,小龍女,國語,,6,,2,
大老婆心聲,林喬安(RAP:r%,台語,,3,,8,
大老粗,于立成,國語,,4,,2,
大聲唱,,台語,78,,,46,
大聲說愛我,劉依純,國語,,0,,3,
大聲講出來,邱芸子,台語,,866,,8,
大肚山軍中媽 中板靈魂樂 林展逸.張喜芳. 孔細勇.陳泇均 宋竹梅.朱鵬鈞,,客語,,,,49,
大肚腩,阿牛,國語,,394,,2,
大脚姐仔,陳小霞,台語,,5,,5,
大膽一點吧,,華語,69,,,,
大膽小心,鄭君臧王瑞霤,台語,,57655,,5,
大舌頭,吳克群,國語,547,3,,; ; ; 2,
大船入港,江蕙,台語,,5,,5,
大船離港,鄒兆邦董育君,台語,,4,,5,
大花轎,謝雷,國語,,5,,2,
大象,胡雯,國語,,681,,2,
大象,胡雯,華語,570,,,61,
大車拼,林清國 慢迪斯可,台語,68,,,,
大逃殺,八三夭,國語,,464,,2,
大道公保生大帝,,客語,,,,56,
大野狼,閃亮三姐妹,國語,5,,,77,
大阪城的姑娘,,國語,,5,,3,
大隻雞慢啼,,客語,80,,,,
大雨,,國語,,395,,2,
大雨中,,華語,,,,,
大雨大雨一直,主胡,國語,,396,,3,
大雨將至,徐佳瑩,國語,,58380,,2,
大雨帶我逃亡,熊天平,國語,,465,,3,
大雨過後的晴,童亞卿,國語,,772,,3,
大顯神威,,國語,,469,,1,
大風吹,Y.I.Y.O,國語,4962,,,,
大風吹,YO,國語,,938,,2,
大風吹,許慧欣,國語,,8,,2,
大麻煩,徐若暄,國語,,3,,2,
大麻煩,徐若瑄,國語,,,,,
天,劉德華,國語,,3,,2,
天,曾寶儀,國語,,989,,2,
天一劃,沈建豪,台語,56680,5,,5; 61; 61; 61,
天上人間,,國語,,5,,2,
天上人間,古巨基,國語,,1,,2,
天上人間,孔蘭薰,國語,,6,,2,
天上人間,政子,國語,,76761,,2,
天上的星星是愛,,華語,,,,94,
天下一定是竡,葉敗田,台語,,5,,7,
天下似無情,,華語,60,,,,
天下唯吾,千譯,台語,,3,,8,
天下大同,莫文蔚,國語,556,,,47,
天下好兄弟,,台語,56,,,,
天下有情人,周苹健齊豫,國語,,3,,3,
天下無疆,荒山亮,台語,,3,,5,
天下無雙,張靚穎,國語,,4,,2,
天下父母心,七郎,台語,66,,,,
天下父母心,周樂,台語,,897,,6,
天下父母情,,客語,859,,,51,
天下獨行,蔡佳瑩,國語,,465,,2,
天下皆醉我獨,莊振凱,台語,,3,,7,
天下第一味,新桌二人組,台語,,766,,6,
天下第一味,辦桌二人組 特魯多,台語,80,,,49,
天不從人願,謝雷,台語,,45986,,8,
天主意,郭定一葷玉,台語,,5,,5,
天之驕子,施文彬鄞茹,國語,,7,,2,
天了,劉雅芳,國語,,0,,2,
天亮,,台語,,,,46,
天亮,楊千燁,台語,,494,,5,
天亮以前說愛我,馬健濤,華語,574,,,61,
天人水,劉德華,國語,,3,,2,
天以前,柯以敏,國語,,6,,2,
天以前,高進,國語,,7,,2,
天使,五月天,國語,549,857,,51; 51; 51; 2,
天使,彭羚,國語,,57658,,2,
天使,王菲,國語,,0,,2,
天使之翼,戴愛玲,國語,5,,,,
天使之翼,楊丞琳,國語,,57940,,2,
天使去了翅膀,尊華,國語,,685,,3,
天使在唱歌,S.H.E,國語,,7,,; ; ; 3,
天使在夜裡哭,周子寒,國語,,7,,3,
天使心,鍾漢良,國語,,5,,2,
天使暫時離開,蕭亞軒,國語,,9,,3,
天使的寂寞,黎亞,國語,,499,,3,
天使的指紋,系燕姿,國語,,8,,3,
天使與惡魔,李菲菲,國語,,8,,3,
天倉倉,荒山亮,國語,,48457,,2,
天倫夢回,于櫻櫻,國語,575,,,89,
天倫歌,,國語,,9,,2,
天先,施文彬,台語,,963,,5,
天先,梅柬生呉淑敏&,台語,,57496,,5,
天先,蕭玉芬,台語,,094,,5,
天先先,秀蘭瑪,台語,,6,,5,
天光,,台語,,,,,
天光,施文彬,台語,64,,,,
天光光,秀蘭瑪雅,台語,89,,,64,
天公仔子,江銘,台語,,8,,8,
天公仔子,蔡義德,台語,,57878,,5,
天公伯仔,楊哲,台語,,760,,5,
天公伯啊,王瑞霞,台語,,4,,5,
天公伯的情意,,華語,43,,,38,
天公伯的查某,林宏銘,台語,,7,,7,
天公作美,方茗人,台語,,3,,5,
天公啊子,徐承邦,台語,,0,,5,
天公惜好人,黃明月 特魯多,台語,4,,,63,
天公疼好人,李茂山,台語,,5,,6,
天公疼愍人,曾心梅,台語,,8,,6,
天冷才知情,張燕済洪百慧,台語,,877,,6,
天刑者,呉俊宏,台語,,448,,5,
天厂,莊振凱栴君,台語,,970,,5,
天台的月光,蔡琴,國語,3974,,,,
天后,陳勢安,國語,,572,,2,
天命,,華語,60,,,39,
天哪暗 華爾滋 歌曲 沈建豪 ◆,,台語,69,,,99,
天啊,翁立友,台語,,38582,,8,
天圥,陳祈信,台語,,59679,,8,
天在下雨我在想,任妙音,國語,,948,,9,
天地,張宇,國語,,4,,9,
天地,黄文星,台語,,575,,5,
天地一聲笑,許富凱,台語,,454,,6,
天地一鬥,周杰倫,國語,,3,,2,
天地乾坤,,客語,2,,,51,
天地人間,,客語,5,,,51,
天地似無情（DJAh版）,,華語,6450,,,,
天地問相思,許志豪林歡,台語,,56655,,6,
天地夢,蔡小虎,台語,,879,,8,
天地情網,袁小迪,台語,,781,,5,
天地拜,,華語,6957,,,,
天地是咱的,,華語,80,,,,
天地無目周,謝金品,台語,,966,,6,
天地獨尊,宋昱錦,台語,,989,,8,
天地血,吳蕙君,台語,,7,,8,
天地闊悠悠,,客語,863,,,51,
天堂,張震嶽,國語,,9,,2,
天堂,李威,國語,560,,,61,
天堂心,月光星子,華語,573,,,61,
天堂的答答,黄西田,台語,,039,,6,
天堂雨,章小軍,國語,,559,,2,
天塊創治人,陳盈潔,台語,,4,,6,
天塊流目屎,蔡秋鳳,台語,8447,,,72,
天塊流目屓,蔡秋鳳,台語,,3,,6,
天外天,陳隨意,台語,,4,,5,
天大地大,台風,國語,39,,,,
天大地大,蔡義德 吉力巴,台語,55496,,,,
天大地大,鄭少秋,國語,,3,,2,
天大地大愛上,施文彬,台語,,7,,7,
天大的,辜睛潔,國語,,3,,2,
天大的幸福,年,Unknown,,8,,1,
天大的誤會,楊宗憲,台語,,6,,6,
天天二九暝,,台語,,2,,6,
天天夜夜,F.I.R,國語,41,2,,; ; ; 2,
天天天天,祁隆,國語,,9,,9,
天天天天,祁隆,華語,57455,,,61,
天天天藍,潘越雲,國語,,6,,2,
天天年輕,張清芳,國語,,4,,2,
天天想你,張雨生,國語,,6,,2,
天天愛日日愁,李翊君,國語,579,3,,58; 58; 58; 3,
天天涯涯我我獨獨行行,鄭吟秋,國語,,9,,3,
天天涼涼好好個個秋秋,陳淑樺,國語,,571,,3,
天天真真壞小小孩孩,閃亮三姊蜯,國語,,4,,3,
天天等天天冏',姜育恆葉歡,國語,,8,,3,
天天蠶變,劉文正,國語,,9,,2,
天天說愛我,Makiyo,國語,599,,,55,
天天邊花正香,王歡,國語,,774,,3,
天天醉,方怡萍,台語,,448,,5,
天天醉,葉敕田,台語,,7,,5,
天女散花,,國語,,9,,2,
天官賜財,,台語,46,,,38,
天弓,,客語,,,,,
天意,林美/藍弘欽,台語,551,,,86,
天意,林藍弘歓,台語,,76500,,5,
天意,江宏恩,台語,558,1,,5; 61; 61; 61,
天才與白痴,古巨基,國語,557,9,,44; 44; 44; 3,
天旋地梁,一貞,國語,,9,,2,
天日,陳志豐,台語,,57844,,5,
天星,大台風,台語,,6,,5,
天星,鄭君威,台語,,576,,5,
天星,黃乙玲,台語,,7,,8,
天星,黄乙玲,台語,,5,,5,
天星伴月,,台語,,,,51,
天星伴月,葉諾帆陳凱欣,台語,,8,,8,
天星伴月,蕭承祥,台語,,54740,,5,
天星伴月光,上白,台語,,565,,6,
天星伴月光,白冰冰/上明,台語,85,,,73,
天星伴月圓,陳小,台語,,493,,6,
天星伴月圓,陳慶池/陳雅惠,台語,562,,,61,
天星伴月圓,陳慶池陣惠,台語,,446,,6,
天星伴月娘,陳建誠/簡美雀 特魯多,台語,55489,,,52,
天星伴月娘,陳建誠簡美雀,台語,,3,,6,
天星伴稀微,,台語,667,,,39,
天星的願望,黄思婷,台語,,976,,6,
天是灰白色,,華語,6947,,,,
天有外闊,丁國琳,台語,564,,,65,
天有打算,陳盈潔,台語,553,76484,,90; 90; 90; 5,
天機,丱魔幻力阿,國語,,57786,,2,
天氣這麼熱,張學友,國語,598,9,,55; 55; 55; 3,
天氣預報,,華語,66,,,,
天涯,,華語,,,,,
天涯,任賢齊,國語,,9,,2,
天涯侖落人,林峰,台語,,4,,6,
天涯同心肝,,華語,,,,,
天涯同心肝,傑方,台語,,983,,8,
天涯少女心,尤君,台語,,47953,,8,
天涯朝暮,荒山亮,台語,,8,,5,
天涯母子情,,台語,,47984,,8,
天涯流星情,陳阿,台語,,780,,8,
天涯流星情,陳阿綉,國語,9,,,,
天涯流星涙,黄思号,台語,,545,,6,
天涯流浪兒,文夏,台語,,2,,6,
天涯海角,,台語,,382,,5,
天涯熄有相崙,楊宗憲,台語,,2,,7,
天涯總有相逢時,,華語,,,,,
天涯過客,周杰,國語,,467,,1,
天涯遨遊飛,,客語,0,,,51,
天涯長相憶,小龍倖,台語,,468,,8,
天無邊海無底,余天,台語,68,,,,
天無閒,王中平,國語,,8,,2,
天然的尚好,向蕙玲,台語,,876,,6,
天燈,,台語,,,,94,
天燈,林姍,台語,,98758,,8,
天燈,梁靜茹,國語,,4,,2,
天燈,蕭奕欣,台語,,0,,8,
天燈阿,陳思安,台語,,57395,,5,
天生一對,姜華,國語,,4,,2,
天生一對,柔均vs,台語,,6,,5,
天生一對,王櫟鑫,國語,,560,,2,
天生多情,余天,國語,,3,,; ; ; 2,
天生溫杀,彭羚,國語,,3,,2,
天生絕配,,華語,,,,,
天生自然,龍千玉曹西平,台語,,2,,8,
天生註定,張可芝,國語,,47770,,2,
天甲千,余天龍萂婷,台語,,442,,5,
天甲地,羅時豐昔思婷,台語,,449,,5,
天的Sakura,李素專,台語,,8,,6,
天直,弦子,國語,,573,,2,
天直,杜德偉,國語,,8,,2,
天真,沈芳如,國語,561,,,67,
天真壞小孩,閃亮三姐妹,國語,5,,,62,
天真奢求,,華語,6782,,,,
天真有阝,林宥嘉,國語,,4,,9,
天真的翅翅膀,艾晴晴,國語,,459,,3,
天真的雙眼,動力火車,國語,577,,,79,
天知地也知,林清國,台語,,494,,6,
天知地知,黃乙玲,台語,,4,,5,
天知道,張衛健,國語,571,,,44,
天知道我愛你,王中平,國語,,578,,3,
天空,李明德,國語,,6,,2,
天空,蔡依林,國語,45,444,,; ; ; 2,
天空不要為我掉,眼淚,國語,,2,,3,
天空不要為我掉眼淚,陶晶瑩 Reggae,國語,79,,,,
天空依然蔚藍,鳳飛飛,國語,,7,,3,
天空藍,江志豐,國語,5,,,69,
天空藍藍的,殷正洋,國語,,6,,3,
天籟傳奇,,台語,81,,,48,
天色漸漸光,蔡佳麟,台語,,575,,6,
天花開,任賢齊,國語,,545,,3,
天若先,荒山亮,台語,,96565,,5,
天若先,蕭煌奇,台語,,568,,5,
天若光,蕭煌奇,台語,554,,,80,
天若有情,Alin,國語,,463,,9,
天若有情,張蓉蓉,台語,,44440,,5,
天若有情,江蕙,台語,,7,,5,
天若袂老,阿凱,台語,55671,,,00,
天荒地老,賴政宏/采蓁,台語,4,,,66,
天荒地老賴釆,政宏,國語,,544,,2,
天藍藍,,台語,,,,42,
天藍藍藍,鳳凰傳,國語,,4,,2,
天虹,北原山,國語,,865,,9,
天衣無縫,鄭秀文,國語,,4,,2,
天要先,陳盈潔,台語,,4,,5,
天註定,鄭君威,台語,,979,,5,
天變地變情不,伊能靜,國語,,5,,3,
天路,彭麗媛,國語,,475663,,1,
天還未光,吳木,台語,,651,,5,
天邊的彩霞,鄭詠心,台語,56691,45479,,62; 62; 6; 62,
天里里,,台語,,0,,5,
天里里,孫燕姿,國語,,8,,2,
天里里,蔡小虎,台語,,496,,5,
天里里,鄧麗君,台語,,5,,5,
天長地久,沈建豪/詹曼鈴,台語,6,,,63,
天長地久,王芷蕾,國語,,5,,2,
天長地久,龍千玉,台語,86,,,53,
天長地久的戀歌,薛金顯 吉力巴,台語,,,,61,
天長地久的方式,,華語,,,,,
天阿,沈芳如,國語,,8,,2,
天頂星,秀蘭瑪,台語,,973,,5,
天頂月,謝莉婷,台語,,0,,8,
天頂流生,羅漢,台語,,5,,5,
天頂的流星,羅漢,台語,80,,,64,
天頂的雲,詹曼鈴,台語,55987,56695,,5; 61; 61; 61,
天頂落紅雨,唐飛,台語,569,49457,,66; 66; 6; 66,
天高地厚,信樂團,國語,4852,,,,
天高地厚信,樂團,國語,,56561,,2,
天黃黃地黃黃,,客語,3,,,51,
天黑,阿杜,國語,,0,,2,
天黑了,,華語,74,,,,
天黑後,,華語,65,,,38,
天黑得早,,華語,63,,,,
天黑想你的夜,,華語,68,,,,
天龍傳奇,陳亞蘭,台語,,449,,5,
太,顏雅薇,國語,,,,60,
太依賴,祁李,國語,,846,,9,
太傻,巫啟賢,國語,,9,,2,
太十軡,阿吉仔蘇路,台語,,6,,5,
太多,蔡健雅,國語,,5,,2,
太太交代的話,黄三元,台語,,46898,,8,
太太兀完美美,小對,國語,,68478,,2,
太太委委屈屈,陶晶瑩,國語,,3,,2,
太太孤孤。,高登,國語,,479,,2,
太太安安靜,吳勇濱,國語,,938,,2,
太太的報復,文鳳,台語,,993,,6,
太太陽陽驟成成雨雨,高勝美,國語,,9,,3,
太委屈,陶晶瑩,國語,60,,,,
太小,,台語,,,,,
太平山之幺,阿本嫂,台語,,96598,,6,
太平山之戀,阿本嫂 特魯多,台語,5,,,64,
太想愛你,張信哲,國語,,3,,2,
太愛你,劉坤,華語,575,,,61,
太愛你了,張善為,國語,578,,,79,
太愛你,鄭源,國語,,3,,2,
太日挈戀愛了,南方二,國語,,8,,3,
太日花,温瑞鷽,台語,,062,,5,
太晚,,華語,67,,,,
太湖船,青山,國語,,5,,2,
太笨,林冠吟,國語,,0,,2,
太遲,,華語,6783,,,,
太防,孫淑媚,台語,,6,,5,
太防,蔡振南,台語,,9,,5,
太陽,,國語,,3,,2,
太陽,孫淑媚,台語,558,,,61,
太陽一樣,春妹,國語,,468,,1,
太陽傘,羅時豐,台語,66,,,,
太陽入,羅時豐,台語,,4,,5,
太陽雨,何春蘭,國語,555,,,61,
夫妻,許志豪,台語,,565,,5,
夫妻,連敏旭,台語,,439,,8,
夫妻之歌,余李,台語,,2,,5,
夫妻天註定,蔡小虎千玉,台語,,578,,6,
夫妻恩愛到百年,,客語,3,,,51,
夫妻臉,游鴻明&佳圭慧,國語,,568,,2,
夫妻臉,游鴻明/彭佳慧,國語,5,,,,
夬定,袁小迪,台語,,769,,5,
夬樂熄舖巾,郭桂彬,台語,,760,,6,
夬樂燒酒仙,郭大誠,台語,,387,,6,
夬門再憨,陳美鳳,台語,,4,,6,
夬震袂動,向蕙玲,台語,,695,,6,
夭壽水,黃文昌,台語,,9,,8,
夭天醉,陳雷,台語,,649,,5,
夭涯海角珍重,許茹芸,國語,,0,,3,
夭舸天,余天,台語,,0,,5,
失,向蕙玲,台語,,892,,5,
失,林曉培,國語,,2,,2,
失你,,華語,6992,,,,
失倒醒,涂紫凝,國語,,766,,2,
失去,同恩,國語,38,,,,
失去,藍雨,國語,,497,,2,
失去你我今生難找,劉家榮,台語,565,,,00,
失去你阮要按怎活,謝金燕,台語,61,,,,
失去你,曹雅雯,台語,,440,,5,
失去你阮要按怎活,謝金燕,台語,,1,,7,
失去你不後悔,向蕙玲,台語,,447,,7,
失去才懂,,華語,66,,,53,
失去的愛,陳建誠,台語,,1,,6,
失去的資格,,台語,,,,,
失去知覺,,華語,61,,,,
失去節奏的探戈,王雯萱,國語,,7,,3,
失去聯絡,,華語,65,,,,
失味的愛 探戈 歌曲 ◆ 謝采吟,,台語,,,,,
失咅的男性郭,金發,台語,,467,,6,
失咅酒,童安格,國語,,5,,2,
失婚的女人江,蕙,台語,,3,,6,
失寵的娃娃,王品,國語,,49969,,3,
失幺,,台語,,2,,5,
失忈酒,劉育陂,台語,,579,,5,
失忈酒,陳雷,台語,,976,,5,
失志不通失氣,兪隆華,台語,,0,,7,
失想,石喬,台語,,5,,5,
失想,石喬 特魯多,台語,553,,,00,
失意症,蔡健雅,國語,,481,,2,
失意的戀夢,,台語,,972,,6,
失憶,梁靜茹,國語,504,,,39,
失憶症,蔡健雅,國語,68,,,,
失戀中請勿打擾,蟑螂合,國語,,8,,3,
失戀來跳探戈,張秀卿,台語,,44589,,7,
失戀俱樂部,任然,華語,,,,69,
失戀光榮,文對,國語,,68382,,2,
失戀恰恰,戴梅君,台語,,543,,6,
失戀歌,沈芳如,台語,564,765,,5; 68; 68; 68,
失戀歌迷黨,王心凌,國語,552,7,,; ; ; 3,
失戀無罪,Alin,國語,42,,,,
失戀的人,彭立,台語,55969,,,61,
失戀的人唱失戀的,歌,國語,,967,,3,
失戀的人唱失戀的歌,辦桌二人組,台語,62,,,,
失戀的吉他林,玉峰,台語,,647,,6,
失戀的心聲江,惠,台語,,3,,6,
失戀的探戈,江蕙,台語,,5,,6,
失戀的探戈,王建傑,台語,8981,,,,
失戀的探戈,陳建誠,台語,,968,,6,
失戀的滋味,葉啟田,台語,7981,,,54,
失戀的節奏,阿吉仔,台語,67,3,,; ; ; 6,
失戀的藥草,洪一峰,台語,,491,,6,
失戀的解藥,黃乙玲,台語,67,,,,
失戀的解藥,黄乙玲,台語,,6,,6,
失戀的酒,,台語,,,,51,
失戀的酒,唐飛,台語,,492,,6,
失戀的酒,洪彬朝,台語,,548,,6,
失戀的酒,蘇世豪,台語,,966,,6,
失戀的酒攏袂醉,白冰冰,台語,8544,562,,72; 72; 72; 7,
失戀真艱苦,黄瑞琪,台語,,5,,6,
失戀茶,詹曼鈴,台語,564,,,61,
失戀荼,詹曼鈴,台語,,9,,5,
失戀萇面人,周蓬霖,台語,,467,,8,
失戀萬歲,蘇慧倫莫文藯,國語,,0,,2,
失戀酒,劉育綾,台語,8385,,,57,
失戀雨,黄乙玲,台語,,7,,5,
失控的海,,華語,68,,,,
失敗免憂愁林,海,台語,,8,,6,
失敗成功之本,詹雅雯,台語,,56386,,7,
失敗是成功之母,李晨,台語,,883,,8,
失敗的勇氣,鄭凡,國語,,68393,,3,
失敗英雄,楊宗憲,台語,,7,,6,
失敗英雄,賀一航,台語,,1,,6,
失敗莫失志,,客語,8,,,51,
失浴的愛,閃亮三,台語,,4,,6,
失浴的戀歹黄,秀美,台語,,546,,6,
失溫戀情,,華語,6538,,,,
失溫航線,,華語,69,,,,
失真,,華語,65,,,,
失眠,久登,台語,6,,,60,
失眠,李嘉,台語,557,76554,,84; 84; 84; 5,
失眠,許慧欣,國語,,4,,2,
失眠夜,張學友,國語,,2,,2,
失眠攏是為著你,陳百潭,Unknown,,991,,8,
失眠毒藥 Hip-Hop 勵志豪,,華語,63,,,,
失眠的晩暝詹,雅安,台語,,2,,6,
失眠的睡美人,楊丞琳,國語,52,,,,
失糹一次上了癮,葉蒨文,國語,,576,,3,
失約所有美麗風景,,華語,6888,,,,
失約的人,蔡小虎,台語,,587,,6,
失聯星空,,華語,67,,,,
失落,甲子慧,台語,2,3,,5; 60; 60; 60,
失落彼几主邱,芸子,台語,,2,,6,
失落情,楊宗憲,台語,,5,,5,
失落沙洲,徐佳瑩,國語,,568,,2,
失落海平線,歐得洋,國語,4588,,,,
失落的夜都車,李晨,台語,,967,,8,
失落的夢,甄秀珍,國語,,,,,
失落的夢,陳雷,台語,8791,560,,69; 69; 69; 6,
失落的心,江惠儀,台語,,4,,6,
失落的心,陳秀玲,台語,,797,,8,
失落的忙收不回,詹雅雯,台語,,9,,7,
失落的情,,台語,54,,,,
失落的情,,華語,,,,,
失落的情,上明林,台語,,58549,,6,
失落的情,張蓉蓉,台語,,461,,6,
失落的情,方瑞娥,台語,,880,,8,
失落的情,李明原,台語,472,,,60,
失落的情,陳夏蓮,台語,56968,,,60,
失落的情緣,,華語,61,,,,
失落的愛,閃亮三姊妹,台語,56448,,,61,
失落的愛,陳一郎,台語,,662,,6,
失落的愛,龍千玉,台語,,592,,6,
失落的感情線,劉佳軒,台語,8482,,,71,
失落的戀夢,周雅芳,台語,,43955,,8,
失落的戀情莊,淑玲,台語,,546,,6,
失落的戀情謝,莉号,台語,,44690,,6,
失落的過去許,效舜,台語,,557,,6,
失落緣,,台語,96,,,,
失身的女性妃,露霞,台語,,973,,6,
失鱶園,周治平,國語,,7,,2,
失戀驚人知,,客語,4,,,51,
奇幻魔力,芭比,國語,,9,,9,
奇怪,怪腳團,國語,,9,,9,
奇怪東西,,客語,4,,,51,
奇萊山,張添榮,台語,,,,69,
奇賣,薛曉楓,國語,,689,,2,
奇跡世界,,華語,,,,39,
奇跡世界,鳳凰傳,國語,,3,,2,
奇蹟,張宇,國語,,381,,2,
奇蹟,詹曼鈴,國語,5,,,67,
奇蹟,鍾漢良,國語,,3,,2,
奇遇,A-show,國語,,76746,,2,
奇遇,游鴻明,國語,5,3,,2; 61; 61; 61,
奈何,劉盼,國語,,3,,2,
奈何,鳳飛飛,國語,,2,,2,
奈何兩宅拉成橋,黄安,國語,,380,,3,
奈何橋,,華語,65,,,,
奈何歲月,,華語,62,,,,
奈奈,丁香曉,國語,,687,,2,
奉勸,,華語,67,,,53,
奉勸世間後生人,,客語,9,,,51,
奉天逍遙,張獻仁,台語,,46581,,8,
奉陪,于文文,國語,,59767,,1,
奉陪到底,沈建豪,台語,3,,,67,
奋不會,白小白,國語,,744,,1,
奋男子漢漢,黃克林,台語,,1,,7,
奔,孫燕姿,國語,5,,,38,
奔向彩虹,鳳飛飛,國語,,8,,2,
奔放奔放,邵肇政,國語,,3,,2,
奔放放的的旋旋律律銀,銀霞,國語,,576,,3,
奔放放的的河流DIL月…,曽淑勤,國語,,756,,3,
奔波,,華語,65,,,,
奔湧如我,花,華語,68,,,,
套馬杆,烏蘭托,國語,,994,,9,
套馬桿,烏蘭托,國語,,8,,9,
奢侈的愛,戴梅君,台語,,3,,6,
奢求,堂娜,國語,50,,,,
奢求,娜,國語,,2,,2,
奢香夫人 鳳凰傳奇 ◆,,台語,,,,95,
奧利給,,華語,64,,,,
奮鬥,姚乙,國語,,4,,9,
奮鬥,阿吉仔,台語,,494,,5,
奮鬥的人生 探戈 林娜 ◆,,華語,64,,,,
奮鬥的男兒,陳雲唐,台語,1,54457,,66; 66; 66; 7,
奮鬥路上孤單走,彭井祥,Unknown,,844,,8,
奮鬥人生 林展逸 ◆,,客語,887,,,51,
女,羅大佑,國語,,444,,2,
女中英雄,,客語,,,,56,
女主角不是我,洪百慧,台語,,782,,7,
女人,林姍,台語,,56474,,5,
女人,郭婷筠,台語,,439,,8,
女人,陳麗萍,台語,,49442,,5,
女人,顧曉宇,國語,,,,1,
女人!水水水,月鳳,台語,,,,61,
女人.顏色,趙詠華,國語,540,,,61,
女人一生,許秋香,台語,,542,,5,
女人一蕊花,林喬安,台語,,59654,,8,
女人不壞,徐婕兒,國語,59,,,,
女人不是弱者,呂雲雀,台語,,788,,7,
女人不是軟弱,,華語,82,,,,
女人不該讓男人,累陳小春,國語,,5,,3,
女人不該讓男人太累,李建衡,華語,573,,,61,
女人之歌,陳小雲,台語,,4,,5,
女人也有一片天,,台語,,,,93,
女人俱樂部,黃妃,台語,,442,,6,
女人傷心曲,陳小雲,台語,,3,,6,
女人加油,林婀,台語,,595,,8,
女人呠,大芭,台語,,5,,5,
女人啊,倖妏,台語,,468,,8,
女人啊,張秀卿,台語,,465,,5,
女人啊,張蓉蓉,台語,,551,,5,
女人啊女人,蔡秋鳳,台語,,569,,6,
女人喙,張済芳,國語,,3,,2,
女人堅心,李麗卿,台語,9,,,65,
女人夢,孫藝琪,華語,576,,,66,
女人夢,林若芸,台語,3,,,66,
女人夢,詹雅雯,台語,83,960,,54; 54; 54; 5,
女人夢,郭婷筠,台語,,46976,,8,
女人夢,陳麗卉,台語,4,,,63,
女人夢 中板靈魂樂 小曼.嘉豪,,台語,,,,51,
女人夢花,秀蘭瑪雅,台語,556,,,93,
女人太笨,李嘉,國語,568,,,89,
女人心,,台語,94,,,45,
女人心,安苡葳,台語,,468,,8,
女人心,林玉英,台語,,551,,5,
女人心,江蕙,台語,,8,,5,
女人心,甲子慧,台語,557,566,,5; 61; 61; 61,
女人心,蔡麗津,台語,56548,94845,,5; 61; 61; 61,
女人心,連淑姈,台語,,543,,5,
女人心,陳瑞,國語,,578,,2,
女人心海底針,段千尋,國語,,49573,,3,
女人心海底針,段千尋,華語,570,,,61,
女人心男人情,新音樂,台語,,3,,7,
女人情,張秀鳯,台語,381,,,69,
女人情,楊靜,台語,,591,,8,
女人情,高稼月,台語,,542,,5,
女人情淚,吳勤珠 特魯多,台語,,,,60,
女人情路,劉曲紋,台語,000,,,66,
女人戀夢,截玉蘭,台語,,95686,,5,
女人未,陳百潭,台語,,882,,8,
女人朱,陶莉萍,國語,,799,,2,
女人淚,朱海君,台語,,9,,8,
女人淚,陳夏蓮,台語,,46894,,8,
女人痴心,翁惠貞,台語,2,,,64,
女人的一生,喬幼,台語,,9,,8,
女人的一生,郭桂彬,台語,,996,,6,
女人的世界,黄彩甄,台語,,960,,8,
女人的光彩,彭秀珠,台語,2,,,65,
女人的勇氣,唐儷,台語,,59676,,8,
女人的勇氣,曹雅霙忻恒,台語,,59577,,8,
女人的勇氣,李芊慧,台語,,1,,6,
女人的勇氣,葉素美,台語,,541,,6,
女人的名字,,華語,,,,,
女人的命運,姚蘇蓉,國語,,4,,3,
女人的堅持,黃素華,台語,4,,,,
女人的夢,懿嫻,台語,,542,,5,
女人的夢,龍千玉,台語,,0,,5,
女人的天,游麗紅,台語,1,44840,,5; 64; 64; 64,
女人的幸福,賴秋蘭,台語,388,,,69,
女人的心,呉蓉芳,台語,,49400,,5,
女人的心,蔡小虎,台語,,957,,5,
女人的心,邱芸子,台語,,875,,8,
女人的心事,孫淑媚,台語,551,569,,87; 87; 87; 6,
女人的心情,,台語,,,,51,
女人的心情,呉麗雲,台語,,947,,8,
女人的心情,江蕙,台語,,5,,6,
女人的心瘏一,金元萱,國語,,3,,3,
女人的心聲,,台語,51,,,,
女人的心聲,亞姑,台語,,54464,,6,
女人的心聲,林姍,台語,,43882,,8,
女人的心肝,謝莉婷,台語,,447,,6,
女人的心願,曾芮慈,台語,7,,,65,
女人的心願,楊靜,台語,,59754,,8,
女人的志氣,林玉英,台語,,590,,8,
女人的悲哀,劉依純,台語,,7,,6,
女人的意志,多多 特魯多,台語,0,,,65,
女人的愛,向蕙玲,台語,,468,,8,
女人的戀夢,黃鳳雀,台語,,545,,6,
女人的期待,鍾錦鳳 特魯多,台語,6,,,65,
女人的沙K,張麗華,台語,,54745,,6,
女人的涙,石琇惠,台語,,054,,5,
女人的真情,宜珍 特魯多,台語,4,,,63,
女人的真情,曽金蓮,台語,,8,,8,
女人的真情,曾金蓮,台語,944,,,63,
女人的真情,荷楓,台語,9,,,,
女人的眼淚,西卿,台語,,4,,6,
女人的睛。,蔡秋鳳,台語,,5,,8,
女人的自尊,,台語,69,,,40,
女人的華滋,鄭仲茵,台語,,887,,7,
女人的選擇,林惜,台語,,542,,6,
女人的選擇,林良歡,台語,,3,,8,
女人的青眷,楊靜,台語,,485,,6,
女人的願望,,華語,,,,,
女人的願望,張秀卿,台語,,43962,,8,
女人的願望,方瑞娥,台語,,1,,8,
女人的願望,洪百慧,台語,,946,,6,
女人的願望,翠娥 特魯多,台語,0,,,65,
女人的願望,蔡幸臻,台語,999,,,66,
女人的風采,,華語,94,,,,
女人真情,廖秀琴,台語,4,,,60,
女人純情,游麗紅,台語,,94783,,5,
女人純情,游麗紅 特魯多,台語,2,,,64,
女人純情夢,謝宜君,台語,,597,,8,
女人膽,郭婷筠,台語,,4,,5,
女人花,,台語,77,,,43,
女人花,李嘉,台語,551,76556,,92; 92; 92; 5,
女人花,梅艷芳,國語,,450,,2,
女人花,洪百慧,台語,,950,,5,
女人花,童美育,台語,0,95647,,5; 64; 64; 64,
女人花,蔡麗津,台語,6551,,,,
女人花,龍千玉,台語,,2,,5,
女人親像一蕊,董育君,台語,,3,,7,
女人説,張惠妹,國語,,5,,2,
女人酒,蔡秋鳳,台語,86,2,,64; 64; 64; 5,
女人青春夢,陳思安方寧,台語,,0,,6,
女人香,曹雅雯,台語,,574,,5,
女人香,江志豐,台語,,579,,5,
女人香(表白),阿錡,國語,,5,,2,
女以,楊乃文,國語,,397,,2,
女兒圈,張琪,國語,,460,,2,
女兒心,洪百慧,台語,,961,,5,
女兒的牽掛,蔡麗津,台語,,43938,,8,
女兒紅,誨鉎芳,國語,,3,,2,
女兒紅,高寒,華語,571,,,61,
女兒紅,黃妃,台語,565,56574,,5; 61; 61; 61,
女兒行令,蕭蔓萱,台語,,3,,5,
女力,溫嵐,國語,505,,,44,
女子漢,陳盈潔,台語,,4,,5,
女孩,ElIa&F*陳,國語,,57592,,2,
女孩,韋禮安,國語,,6,,2,
女孩,高凌風,國語,,46,,1,
女孩兒,,華語,69,,,,
女孩女孩,陽帆,國語,,0,,2,
女性的哀怨,,台語,,5,,6,
女性的復仇,方瑞娥,台語,,49477,,6,
女性的復仇,紀露霞,台語,55462,,,61,
女性的悲哀,林英美,台語,,4,,6,
女性的純情,,台語,,6,,6,
女性的苦戀,邱蘭芬,台語,,500,,6,
女性誤我一生,阿吉仔,台語,,3,,7,
女暴君,慧卿,台語,,6,,5,
女朋友,王力宏,國語,,7,,2,
女朋友,鳳娘/安琪,台語,557,,,84,
女朋友的男朋,莫文蔚,國語,,9,,3,
女流,,華語,68,,,,
女王,王思佳,台語,,44466,,5,
女王不敗,張文錡浩角翔,國語,,463,,9,
女礻,朱俐靜,國語,,57967,,2,
女神龍,邱蘭芬,台語,,6,,5,
女神龍,龍千玉,台語,,96492,,5,
女系圖,文夏,台語,,985,,8,
女紅妝,,台語,,,,94,
奴隸船,蔡依林,國語,,1,,2,
奶一下,,台語,,,,46,
奶奶的歌謠,,華語,6000,,,,
奸奸全民英檢,岼砰樂,國語,,646,,3,
她,,華語,64,,,,
她不讓我們做朋友,彭羚,國語,,2,,3,
她以為她很美,黃舒駿,國語,,3,,3,
她來自一個遙遠的地方,高明駿,國語,57,,,,
她在睡前哭泣,李玟.柯以敏,國語,3977,,,,
她很孤獨,,華語,6546,,,,
她的城,,華語,6963,,,,
她的媽媽不愛,陳小春,國語,,7,,3,
她的安靜全是假裝,于台煙,國語,,2,,3,
她的愛不完美,,華語,67,,,,
她的故事,,華語,62,,,,
她的背丿影,王傑,國語,,5,,2,
她的香水,陳盈潔,國語,569,,,89,
她的香水水,陳盈潔,國語,,76579,,2,
她說,林俊傑,國語,,578,,2,
她說她,,華語,6471,,,,
好不了的傷忘不,,華語,6859,,,,
好不好,五月天,台語,,4,,5,
好不好,李唯楓,國語,,57662,,2,
好不好,王中平,台語,2,,,63,
好久,張學友,國語,590,,,55,
好久不見的朋,劉嘉亮,國語,,564,,3,
好久好久,,國語,,,,46,
好久沒有夢到,歐陽菲,國語,,5,,3,
好久沒有淋雨,任潔玲,國語,,9,,3,
好事喜事永相,區瑞強,國語,,986,,3,
好人,Miss&南台灣,台語,,939,,5,
好人卡,強辯樂,國語,,2,,2,
好亻一阝風,林玉英,國語,,7,,3,
好兄弟,胡力VS阿龍正,國語,,442,,2,
好兄弟,黃勇vs,國語,,1,,2,
好兄弟姐妹,,客語,,,,98,
好冷的夜,夏文靜,國語,,744,,2,
好功夫,陳雷,台語,568,681,,5; 64; 64; 64,
好厲害的紅螞,阿錡,台語,,473,,7,
好可惜,莊心妍,國語,,1,,9,
好可惜,莊心妍,華語,57380,,,63,
好命,王識賢,台語,,56762,,5,
好啦好啦,江宏恩,台語,56782,,,62,
好喜歡你,,台語,67,,,,
好喜歡你,LuLu*黃路茵,國語,,45895,,9,
好嗨呦,,台語,49,,,97,
好嗨呦,秦博 Funk,國語,583,,,67,
好多話想說,劉依純,國語,570,,,89,
好夢,小辣椒,台語,,7,,5,
好夢叫人迷,鷓立立,國語,,863,,3,
好女人,伊能靜,國語,,57500,,2,
好好,暉倪,國語,,2,,2,
好好(想把你寫成一首歌),五月天,國語,,591,,9,
好好不不容容易,方大同,國語,,382,,2,
好好久久不不見見,周杰倫,國語,,577,,2,
好好久久不不見見,陳奕迅,國語,,5,,2,
好好做人,陳雷,台語,81,2,,65; 65; 65; 6,
好好喝頓酒,馬智宇,國語,,1,,9,
好好好好先先生生,蕭煌奇,國語,,577,,2,
好好好好把把握握,鳳飛飛,國語,,1,,2,
好好心心分分手手,王力宏虘巧音,國語,,8,,2,
好好愛一場,李碧華,國語,,7,,3,
好好愛愛我,鳳飛飛,國語,,7,,2,
好好愛自己,,台語,,,,,
好好愛護妳,王中平,台語,,2,,8,
好好照顧你甲,曹俊鴻,台語,,468,,7,
好好的想.朋友,吳秀珠,台語,7385,,,,
好好説再見,陶吉吉&闢詩,國語,,484,,3,
好姻緣,,客語,1,,,51,
好己就好,大芭,台語,,4,,6,
好希望你也在這裡,葉蘊儀,國語,,8,,3,
好心加減做,童琴,台語,499,54472,,63; 63; 6; 63,
好心情,李玟,國語,,6,,2,
好心情,王建傑,台語,55979,0,,5; 61; 61; 61,
好心無好夢,王瑞霞,台語,,490,,6,
好心的阿狗伯,劉福助,台語,,985,,7,
好忙人,孟庭葦,國語,,3,,2,
好想你,四葉草JOce,國語,,468,,9,
好想你,徐若瑄,國語,47,,,,
好想你,徐若碹,國語,,6,,2,
好想你,蔡依林,國語,86,,,,
好想你也在,郁可唯,國語,,1,,9,
好想你回到我身邊,,台語,,,,,
好想再愛你,米宏,國語,,46439,,1,
好想再聽一遍,陶莉萍,國語,,4,,3,
好想出去玩,,台語,,,,,
好想和你在一起,李青/王馨,華語,573,,,68,
好想回到幼稚,胖虎樂,國語,,563,,3,
好想好好,李度,國語,,0,,2,
好想好好愛你,周蕙,國語,,,,,
好想好好愛你,周蕙,國語,,2,,3,
好想好想,趙薇,國語,88,,,,
好想好相,趙薇,國語,,6,,2,
好想對你說我愛你,楚博仁,國語,,8,,3,
好想對你説,蕭敬騰,國語,,575,,3,
好想你回到我身邊,陳文浩,國語,,882,,1,
好想抱住你,,華語,60,,,,
好想談戀愛,范曉萱,國語,,1,,3,
好愛她好想他,七朶花&3CLU,國語,,952,,3,
好愛好散,,華語,61,,,,
好愛好散,陳勢安,國語,,8,,9,
好拉好啦,江宏恩,台語,,4,,6,
好拉好啦,蕭煌奇,台語,,471,,6,
好時代,任賢齊,國語,,6,,2,
好朋友,,國語,,6,,2,
好朋友,羅志祥,國語,,485,,2,
好朋友,陳百潭葉諾,台語,,43849,,8,
好朋友只是朋,郁可唯,國語,,575,,3,
好朋友的祝福,A-Ln,國語,,578,,3,
好歹抛是命,阿吉仔,台語,,2,,6,
好無聊,蔡健雅,國語,5,,,,
好男人,張鎬哲,國語,599,,,,
好男人還有很,清源,國語,,49948,,3,
好男兒,,台語,,4,,5,
好男兒,柳川,台語,1,95641,,5; 64; 64; 64,
好男兒,王建傑,台語,,970,,5,
好男兒,王建傑 特魯多,台語,8563,,,69,
好男兒,莊振凱,台語,,466,,8,
好男兒,黃智韋,台語,2,,,68,
好男兒大丈夫,長春蟲子,華語,576,,,61,
好的事忙,嚴爵,國語,,576,,2,
好的忙人,嚴爵,國語,,57882,,2,
好眷宵,,國語,,7,,2,
好眼涙壞眼涙,徐若暄,國語,,56791,,3,
好累,原始林,國語,,5,,2,
好美,廖偉志,國語,,791,,2,
好聚好散,高向鵬,台語,,43889,,8,
好聽,施文彬,台語,,4,,5,
好聽,許茹芸,國語,,7,,2,
好膽你就來,張惠妹,台語,,568,,6,
好膽麥走,蔡秋鳳,台語,,58384,,6,
好花不常開 梭 歌曲 ◆ 徐一鳴,,華語,62,,,38,
好花當開,陳淑萍,台語,557,472,,61; 61; 6; 61,
好苶,洪榮宏,台語,,962,,5,
好裡家在,豬哥亮,台語,,442,,6,
好運一直來,賴慧洳明日之,台語,,3,,8,
好運今年輪到,蔡振南,台語,,3,,7,
好運靠打拼,,台語,03,,,51,
好酒伴,陳文山黃小菁,台語,,98666,,8,
好酒好兄弟,黃文星,台語,,439,,8,
好酒沉甕底,七郎 慢迪斯可,台語,6848,,,,
好酒況甕底,七郎,台語,,8,,6,
好酒莫留,,客語,2,,,51,
好預兆,彭佳慧,國語,549,,,95,
好頭不如好尾,黃乙玲,台語,,443,,7,
"好額與,",陳雷,台語,,4,,6,
好香著愛燒,王識賢,台語,,783,,6,
如一如你,,華語,6885,,,,
如今,那英,國語,,951,,9,
如今才是唯一,金智娟/羅大佑,國語,595,,,45,
如今才是筆一,単人佑,國語,,484,,3,
如何才能留住你的,愛,國語,,49693,,3,
如何把你忘記,林子娟,國語,5,,,67,
如何把你忘記,林子娟,國語,,569,,3,
如何擱一再愛你,江志豐,台語,,396,,7,
如何擱再愛你,江志豐,台語,56442,,,61,
如何能把你忘,長春蟲,國語,,49571,,3,
如山不動,,華語,,,,43,
如你一般的人,陶品瑩,國語,,585,,3,
"如旦影,、左形",江美琪佩妮,國語,,679,,2,
如果,王蓓,華語,571,,,61,
如果,邰玫政,國語,,6,,2,
如果不想要,蔡依林,國語,,7,,3,
如果不是你,張珈珈,華語,57490,,,66,
如果不是因為,林志炫,國語,,8,,3,
如果不是愛,辦棠二人組,國語,,467,,3,
如果不曾相遇,,台語,61,,,,
如果不能到永,裘海正,國語,,0,,3,
如果不能在一起,,華語,68,,,38,
如果不能好好,吳克群,國語,,48499,,3,
如果不能嫁給愛情,,華語,66,,,,
如果他比我愛你,,客語,,,,38,
如果以後,劉依純,國語,,466,,2,
如果你不愛我就,放了我,國語,,684,,3,
如果你也正在聽,,華語,6958,,,,
如果你冷,張雨生,國語,,4,,2,
如果你哭,藍雨,國語,,49766,,2,
如果你已不愛我,,台語,41,,,,
如果你已不愛我,高進,國語,,7,,3,
如果你幸福,鄭源,華語,57562,,,68,
如果你愛上了別人,徐譽滕,華語,57574,,,65,
如果你愛我,艾始良,國語,,46391,,1,
如果你愛我,蔡健雅,國語,558,,,85,
如果你愛的不是我,余潤澤,國語,,3,,3,
如果你懂,張學友,國語,,0,,2,
如果你是我,芝龍,國語,,9,,3,
如果你是我的傳說,劉德華,國語,,6,,3,
如果你是落入我眼,中的,國語,,3,,3,
如果你沒有愛上他,邰正宵,國語,,5,,3,
如果你真的在乎我,王傑,國語,,7,,3,
如果你真的愛我,文筱芮,國語,,450,,3,
如果你聽見我的歌,王力宏,國語,,599,,3,
如果你遇到小時,,台語,,,,39,
如果你遇見比我,好的人,國語,,689,,3,
如果你還在就好,信,國語,,466,,9,
如果你還愛我,無印良品,國語,44,,,,
如果可以,蘇愛倫,國語,,3,,2,
如果可以不愛亻,艾歌,國語,,456,,3,
如果可以回到從前,,華語,63,,,,
如果在天堂,徐華鳳對唱,國語,,2,,3,
如果墸沒改變,陳淑萍,國語,,7,,3,
如果天有忙,劉德華,國語,,5,,3,
如果天有情,劉德華,國語,581,,,55,
如果妳和我一樣,愛上他,國語,,544,,3,
如果你在這裡,BAD,國語,,7,,9,
如果你愛上了別人,徐譽滕,國語,,8,,1,
如果你是李台,莫文蔚,國語,,0,,3,
如果你要走,藍雨,國語,,49975,,3,
如果你不愛,帥韓,國語,,867,,9,
如果你也聽説,張惠妹,國語,,562,,3,
如果你愛我,圎軒賓,國語,,1,,3,
如果你愛我,艾怡良,國語,,3,,1,
如果從此,,台語,,,,,
如果愛,顏羽,國語,,9,,2,
如果愛你,,華語,69,,,39,
如果愛你是我犯的,罪,國語,,49949,,3,
如果愛個人,羅百吉,國語,5,5,,3; 61; 61; 61,
如果愛老了,劉愷臧楊羃,國語,,57764,,3,
如果愛能夠重來,,華語,65,,,,
如果愛能早些說出,來,國語,,689,,3,
如果我們不曾相,五月天,國語,,466,,9,
如果我們再相遇,王笠人,國語,,463,,9,
如果我們都相似,莊心妍,華語,57393,,,72,
如果我先死了怎麼,辦,國語,,2,,3,
如果我是你,鄭秀文,國語,,4,,3,
如果我是男人,陶晶瑩,國語,,8,,3,
如果我是男生,丁小芹,國語,,4,,3,
如果我說,李碧華,國語,,1,,2,
如果我變成回憶,Tank,國語,,56792,,3,
如果早知道,劉嘉亮,國語,,964,,9,
如果早知道,劉嘉亮,華語,575,,,67,
如果星星問,林佳儀,國語,,9,,3,
如果星星墜落成雪 Hip-Hop 承桓,,華語,6846,,,38,
如果時間可以回 蘇譚譚 到從前 抒情搖滾 ○ 代表【midi無人聲】 ★ 代表【原聲 或 原聲原影】 適用機型：S-(BD.IMSBP系列.N系列.N2系列.W系列),● 代表【midi+人聲伴唱】 利用人如欲使用本產品於「公開場所」使用，請逕洽集管團體或著 ◆ 代表【midi+原聲伴唱】 作財產權人取得「公播授權」後，始得合法使用 2 上述符號為【歌曲類型】依機型及功能而有所不同 發行日期 /,華語,6785,,,,
如果最後不是你,姜玉陽,華語,,,,60,
如果有一天,梁靜茹,國語,,558,,3,
如果有一天所有的,政瑰,國語,,3,,3,
如果有一杯酒能,,台語,48,,,,
如果有來生,甄秀珍,國語,,3,,3,
如果有如果,鄧福如,國語,,570,,3,
如果有那一天,段千尋,國語,,5,,3,
如果有那一天,段千尋,華語,577,,,61,
如果未曾認識亻,鳳飛飛,國語,,777,,3,
如果沒有他你還會,愛我,國語,,784,,3,
如果沒有他你還會愛我嗎,六哲,華語,578,,,61,
如果沒有你,莫文蔚,國語,550,,,95,
如果沒有妳在身邊,的時,國語,,982,,3,
如果沒有妳在身邊的時候,鄭中基,國語,,,,,
如果沒有你,莫文蔚,國語,,4,,3,
如果沒有感覺,謝霆鋒,國語,5,,,52,
如果沒有我,王強,華語,,,,60,
如果沒有明天,高以愛,國語,,56851,,3,
如果沒有遇見你,董育君,台語,,789,,8,
如果的事,范瑋琪&張韶涵,國語,,56660,,2,
如果的事,范瑋琪/張韶涵,國語,,,,,
如果看到她請告訢,我,國語,,380,,3,
如果真的不要,齊秦,國語,,381,,3,
如果能再感動你多一次 歡子 ○ 代表【midi無人聲】 ★ 代表【原聲 或 原聲原影】 適用機型：S-,● 代表【midi+人聲伴唱】 利用人如欲使用本產品於「公開場所」使用，請逕洽集管團體或著 ◆ 代表【midi+原聲伴唱】 作財產權人取得「公播授權」後，始得合法使用 1 上述符號為【歌曲類型】依機型及功能而有所不同 BD/IMSBP系列/N系列/N2系列 發行日期 /,國語,,,,95,
如果讓我再愛一次,王馨平林,國語,,465,,3,
如果這就是愛情,張靚穎,國語,,0,,3,
如果這是我愛你曰,好的,國語,,4,,3,
如果還有明天,薛岳,國語,,385,,3,
如果那天你說愛我,蔡依林,國語,,5,,3,
如果都沒改變,陳淑萍,國語,582,,,68,
如果雲知道,許茹芸,國語,,462,,3,
如欲使用本產品於【公開場所】使用，請取得 1// ○ 代表【midi無人聲】,● 代表【midi+人聲伴唱】 「公播授權」後，始得合法使用,Unknown,,,,60,
如此,許美靜,國語,,8,,2,
如此堅定,,台語,,,,47,
如此堅定,張峰,國語,,959,,2,
如此的糟,胡雯,國語,,684,,2,
如水年華(DJ阿卓版）,,華語,68,,,,
如煙,五月天,國語,,567,,2,
如煙十如果還有明,天,國語,,463,,3,
如米你要離去,李宗盛,國語,,383,,3,
如若人間是樂土,,華語,62,,,,
妄想,,華語,63,,,,
妊士、口日,葉敕田,台語,,764,,5,
妒心,鄧麗君,國語,,8,,2,
妙妙妙,徐懷鈺,國語,,6,,2,
妝乎'水水,,台語,,6,,6,
妝乎水水,,台語,,,,,
妝乎水水,黃妃,台語,6950,,,,
妝水水,林妤蓁,台語,,543,,5,
妞妞快舞,SOS,國語,,1,,2,
妥協,蔡依林,國語,,56766,,2,
妥當,七郎,台語,55539,,,,
妮妮,那對夫,國語,,464,,9,
妳不愛我,玖壹壹,台語,,654,,6,
妳在他鄉,剛澤斌,國語,5,,,61,
妳在叼位,王建傑,台語,8452,,,69,
妳愛我嗎,范逸臣,國語,5,,,44,
妳愛的是別人,施文彬,台語,8458,486,,75; 75; 75; 7,
妳我的一生,張秀卿,台語,,440,,6,
妳我相欠債,唐蔡鈞林,台語,,8,,6,
妳我雙雙飛,慕容婕林茪,台語,,755,,8,
妳把我心吃掉,羅百吉,國語,598,,,69,
妳擱卡無情,蔡小虎,台語,,4,,6,
妳敢抹來後悔,陳小龍,台語,,440,,7,
妳是不是放袂記,楊宗憲,台語,,483,,7,
妳是尚水彼粒星,陳小龍,台語,,449,,7,
妳是我唯一的愛,李日池 特魯多,台語,550,,,64,
妳是我心愛的貝貝,辦桌二人組,台語,,761,,7,
妳是我的寶貝,辦桌二人組,台語,,981,,7,
妳是我的最愛,葉復台,國語,,6,,1,
妳是我的痛,湯春華,台語,9,,,68,
妳是我的花朵,伍佰,國語,,780,,3,
妳曽經愛過我,,國語,,999,,3,
妳有講過,蔡英和,台語,,541,,6,
妳甲我,,台語,,,,,
妳甲我,大衛,台語,56950,44841,,5; 68; 68; 68,
妳甲我,方瑞娥李明洋,台語,,439,,8,
妳甲我,李明洋方瑞娥,台語,,960,,8,
妳的傷是我的痛,王中平,台語,,574,,7,
妳的名字我的姓氏,張學友,國語,,563,,3,
妳的樣子,羅大佑,國語,3839,,,,
妳的溫柔,吳俊宏本海君,台語,,2,,8,
妳的選擇,鄭中基,國語,,3,,2,
妳聽得到,周杰倫,國語,5,,,,
妳若會這花,林俊吉,台語,,0,,6,
妳若歡喜我就快樂,阿民,台語,,547,,7,
妳身邊,黃立行,國語,,9,,9,
妳過了好嗎,,國語,74,,,,
妳那好冷的小手,齦霞,國語,,3,,3,
妹兒愛我,楊臣剛,國語,,9,,2,
妹剪花,,客語,3,,,51,
妹在他郷,剛澤斌,國語,,2,,2,
妹妹,孫淑媚,台語,,690,,5,
妹妹,江美琪,國語,5,,,63,
妹妹像朵花,楊馬明,國語,,9,,9,
妹妹我愛你,黄安,國語,,3,,3,
妹妹要快樂,曹格,國語,,565,,3,
妹妹跟我走,李理,國語,,641,,3,
妹心博博飆,,客語,2,,,51,
妹愛上他,許志安,國語,,7,,2,
妹愛他喝,鍾漢良,國語,,9,,2,
妹愛怎樣就怎樣,蕭閨仁,國語,,4,,3,
妹是我最深愛的人,永邦,國語,,56664,,3,
妹有情郎有意,,台語,685,,,,
妹的快樂是我的安慰,謝振袷,台語,,540,,7,
妺妺,孫淑媚,台語,,3,,5,
姉姉走的那個下午,巫敕賢,國語,,2,,3,
姊,蔡幸娟,台語,,481,,5,
姊,蕭玉芬芾育君,台語,,495,,5,
姊妹情,蔡秋鳳思安,台語,,98742,,8,
姊妹情深,秋蓉 特魯多,台語,9,,,60,
姊妹情深,陳夏蓮/一綾,台語,56969,,,60,
姊妹情誼,,華語,,,,43,
姊妹花,唐飛,台語,,496,,5,
姊姊妹妹站起來,陶品瑩,國語,,3,,3,
姊弟戀,,台語,99,,,,
姊情,詹雅雯,台語,,453,,5,
姊愛,,台語,,7,,5,
始終錯過,,華語,6496,,,39,
姐,田馥甄,國語,,742,,2,
姐ㄚ伴,謝金品,台語,,46993,,8,
姐妹布的聚合,SOS&范,國語,,2,,3,
姐妹情深,SOS,國語,,3,,2,
姐妹情深,蔡桂枝馮子晏,台語,,439,,8,
姐姐,謝金燕,台語,,57887,,5,
姐姐,謝金燕,國語,5,,,61,
姐姐要出嫁,陳芬蘭,台語,,5,,6,
姐你睡了瑪,徐若暄,國語,,3,,3,
姑娘你好大的膽,高登,國語,,461,,9,
姑娘十八一桀花,劉韻,國語,,9,,3,
姑娘啊姑娘,,華語,69,,,,
姑娘你有沒有想我,索南紮西,國語,,9,,3,
姑娘你聽我説,長春蟲,國語,,680,,3,
姑娘愛忙即,慕容曉,國語,,9,,3,
姑娘我愛你,索郎扎,國語,,9,,9,
姑娘水噹噹,蔡秋鳳,台語,,4,,6,
姑娘的小雨傘,陳政綺,台語,,851,,7,
姑娘真美麗,健安,台語,,4,,6,
姑娘真美麗,洪榮宏,台語,,652,,6,
委屈,吳紹輝,台語,553,96584,,5; 61; 61; 61,
委屈又奈何,黄乙玲,台語,,2,,6,
委屈女人心,廖清英 特魯多,台語,0,,,68,
委屈求全,,華語,66,,,,
委屈無人知,成鳳,台語,,4,,6,
委屈無塊討,俞隆華,台語,80,,,53,
委屈的愛,沈芳如,台語,564,6,,61; 61; 6; 61,
委屈的愛,菁菁,台語,,2,,6,
委屈的愛,青青,台語,,5,,6,
姨仔,詹雅雯,台語,,569,,5,
姨仔,銀河之,台語,,496,,5,
姻喙天注定,徐天泉,台語,,95684,,6,
姻攏嘸知你的好 莊長明/莊智強 ◆,,客語,06,,,51,
姻緣,,台語,,,,93,
姻緣,傳振輝郐詠家,台語,,983,,8,
姻緣,江蕙,台語,,2,,5,
姻緣天註戸,蔡佳麟&郭婷筠,台語,,58389,,6,
姻緣杯,,華語,,,,51,
姻緣簽,,華語,69,,,,
姻緣簿,,台語,,,,95,
姻緣線,,客語,849,,,51,
姻緣線,,華語,,,,,
姻緣線,安苡葳葉欽,台語,,488,,8,
姻緣線,李明洋,台語,,8,,8,
姻緣線一明,、李,台語,,455,,5,
姻緣總是天亠疋,陳建誠阿如,台語,,44445,,7,
姻緣總是天註定,陳建誠/鄭如涵 特魯多,台語,567,,,61,
姻緣莫過秋,,客語,2,,,51,
姿擱假,蔡義徳蔡子涵,台語,,3,,8,
威士忌咖啡,陳信凱,台語,566,,,00,
威尼斯迷路,許慧欣,國語,46,,,,
威尼異迷路,許慧欣,國語,,9,,3,
威廉古堡,周杰倫,國語,504,,,,
威風時刻,系矅威,國語,,3,,2,
娃娃谷,鳳飛飛,國語,,4,,2,
娘子,周杰倫,國語,94,,,,
娘子,林良歡,台語,,439,,8,
娘親愛妳,,客語,878,,,51,
娜奴哇,小芊芊 特魯多,台語,00,,,60,
娜奴灣恰恰,白冰冰,台語,55579,,,61,
娩線,蔡小虎,台語,,446,,5,
娩跟的高跟鞋,李翊君,國語,,439,,3,
娶某,七郎,台語,,0,,5,
婉君,高勝美,國語,,389,,2,
婉君表,張峰奇,國語,,484,,2,
婉心,,華語,6557,,,,
婚禫的祝福,,國語,,3,,3,
婚禮,李琳,國語,,498,,2,
婚禮進行曲,胡彦斌,國語,,566,,3,
婚紗,,華語,60,,,,
婚紗和你都是夢,,華語,6866,,,,
婦人心,吳晉淮淑美,台語,,444,,5,
媒人嘴糊累累,石喬,台語,6767,890,,; ; ; 7,
媒人鴨嘴,,客語,2,,,51,
媳仔命,吳蕙君,台語,,8,,8,
媳婦,曾心梅 快華爾滋,台語,564,,,61,
媽咪與小寶貝,超口愛,國語,,7,,3,
媽媽,吳秀珠,國語,554,,,50,
媽媽,孫淑媚,台語,56440,966,,5; 61; 61; 61,
媽媽,澎恰恰,台語,,476,,5,
媽媽,王彩樺,台語,,953,,5,
媽媽,祁隆,華語,57458,,,61,
媽媽,葉敗田,台語,,5,,5,
媽媽,金正浩,國語,,8,,9,
媽媽!您好無,蕭承祥,台語,7,,,64,
媽媽!您好血,蕭承祥,台語,,543,,6,
媽媽!我想你,櫻花姊,台語,,7,,6,
媽媽!我永遠懷念妳,米可,Unknown,,781,,8,
媽媽!我永遠懷念妳,米可,台語,970,,,63,
媽媽不免驚,蔡秋鳳,台語,,974,,8,
媽媽你去哪兒,莊心妍,華語,57396,,,72,
媽媽卡大天,,國語,70,,,,
媽媽卡大天,陳夏蓮,台語,,439,,8,
媽媽告訴我一,話紫薇,國語,,4,,3,
媽媽咪呀,格楊,國語,,2,,2,
媽媽喲,王瑞霞,台語,83,565,,48; 48; 48; 5,
媽媽媽媽,殷麗雲,台語,,0,,6,
媽媽媽媽您無無對我,孫淑媚,台語,,947,,7,
媽媽您辛苦了,劉嘉亮,國語,,969,,3,
媽媽愛誰,羅百吉/寶貝,國語,5,,,61,
媽媽感謝妳,陳慶,台語,8,,,67,
媽媽我也不想在一棵樹上吊死 中板靈魂樂 歪歪超.魏晗(懋懋),,華語,66,,,,
媽媽我想你,櫻花姊,台語,,661,,6,
媽媽我愛您,江銘,台語,,8,,8,
媽媽我愛您,謝莉婷,台語,,43941,,8,
媽媽我愛您,陳隨意,台語,,443,,6,
媽媽是阿嬤,許燕,台語,,493,,6,
媽媽是阿嬤,許燕 特魯多,台語,55639,,,61,
媽媽歌星,韓寶儀,台語,,8,,6,
媽媽無怨的愛,王建傑,台語,8564,,,69,
媽媽留給我一,歌甄秀珍,國語,,963,,3,
媽媽的希望,吳素日,台語,5,,,63,
媽媽的心,詹雅霙,台語,,978,,8,
媽媽的心願 華爾滋 ◆ 方瑞娥/李明洋,,國語,96,,,,
媽媽的愛,陳誠安,台語,,49448,,6,
媽媽的最愛,黃暄媗,台語,,541,,6,
媽媽的歌,久登,台語,559,843,,61; 61; 6; 61,
媽媽的皺紋,陳雷,台語,56792,57751,,63; 63; 6; 63,
媽媽的目屎,方怡萍,台語,55550,,,,
媽媽的眼淚,蔡佳麟,台語,,573,,6,
媽媽的笑容,逍遙不敗,台語,67,,,,
媽媽的背影,翁立友,台語,,5,,6,
媽媽的菜,浩角翔,台語,,44390,,6,
媽媽的話,,華語,6439,,,,
媽媽的話,文宏,台語,,1,,6,
媽媽的話,蘇錦煌,台語,63,765,,00; 00; 00; 6,
媽媽的話,陳小春,國語,5678,,,,
媽媽的願望,向蕙玲,台語,,5,,6,
媽媽訁主你不通,葉…,台語,,3,,7,
媽媽請你也保,,台語,,2,,7,
媽媽請保重,詹雅雯詹雅云,台語,,1,,6,
媽媽請原諒,陳盈潔,台語,,1,,6,
媽媽請恷免掛咅,黄三元,台語,,466,,8,
媽媽請您要勇健,金龍/游茗淓 特魯多,台語,556,,,61,
媽媽送我一個吉他,蔡咏味,國語,,460,,3,
媽媽期望,,客語,9,,,51,
媽扌,張震嶽,國語,,771,,2,
媽祖,韓寶儀,台語,,6,,5,
媽祖出巡,,台語,80,,,,
媽祖媽媽,,客語,89,,,55,
媽祖的囝仔,徐承邦,台語,,0,,6,
嫁,陳淑萍,台語,,9,,5,
嫁不對人,洪榮宏,台語,,2,,6,
嫁乎你啦 梭 蕭清文,,國語,99,,,46,
嫁乎你喲,吳淑敏,台語,551,561,,94; 94; 94; 6,
嫁土豪 House 張雪芳.朱建明,,台語,65,,,54,
嫁妝,莉莉,台語,,952,,8,
嫁妝,郭靜,國語,,576,,2,
嫁娶,戴梅君,台語,,977,,5,
嫁粧,林美莉,台語,,6,,5,
嫁給我吧,王啟文,國語,,694,,2,
嫁給我巴,玖壹壹,台語,,9,,8,
嫉妒,張智霖,國語,,3,,2,
嫉妒,楊黎蘇,國語,,3,,2,
嫉妒,阿妹妹,國語,,4,,2; 9,
嫦娥,楊靜,台語,,45988,,8,
嫦愛我喝,范逸臣,國語,,9,,2,
嫻續向前行,八大新人,台語,,0,,7,
嫻續墮落,佰百,國語,,678,,3,
嬈罷無落魄的,李青龍,台語,,6,,7,
嬲吱吱,葉璦菱,台語,,977,,5,
子曰,卜學亮,國語,,4,,2,
子莫格尼,,華語,6479,,,,
子連郎,,台語,,9,,5,
孒想愛亻,李炳辰,國語,,670,,2,
孔孔雀、来、南南飛飛,王又萱,國語,,547,,3,
孔雀,蔡詩蕓,國語,500,,,39,
孔雀缶,施文彬,台語,,885,,5,
字字句句,,華語,67,,,53,
字正腔圓,,華語,69,,,,
存在,強辯樂團,國語,577,,,61,
存在的力量,朱俐靜,國語,,57765,,3,
存錢樹,川島茉代,國語,,3,,2,
孚生若夢,小嫻,國語,,1,,2,
孚面皮,方瑞娥,台語,,4,,5,
孝心,陳鳳嬌,台語,5,,,,
孝順,薛金顯,台語,56865,466,,64; 64; 64; 8; 8,
孟婆湯,陳隨意,台語,,44695,,5,
孟林橋,,華語,6468,,,,
孟浪,,華語,6777,,,,
季風來過,,華語,6863,,,,
孤一味,七郎鄧詠家,台語,,398,,8,
孤人影,薛金顯,台語,,,,61,
孤兒,,台語,,,,97,
孤兒,鄭安安,台語,,9,,5,
孤單,林國慶,台語,,4,,5,
孤單,江美琪,國語,5,,,,
孤單,癶思了,台語,,484,,5,
孤單,范文芳,國語,,570,,2,
孤單,范靜惠,台語,56793,,,63,
孤單,龍邵華,台語,,555,,5,
孤單。女人心,劉依純,台語,,486,,6,
孤單伴稀微,,台語,660,,,,
孤單到夢醒,艾驘,台語,,899,,8,
孤單北一球,林依晨,國語,,544,,3,
孤單北半球,林依晨,國語,43,,,,
孤單在港邊,周蓬霖素英,台語,,98738,,8,
孤單城市,,台語,63,,,38,
孤單夜嘆,洪一峰,台語,,7,,6,
孤單女人心,劉依純,台語,60,,,,
孤單寂寞,,華語,,,,99,
孤單小鹿,洪百慧,台語,,387,,6,
孤單心事,藍又時,國語,,467,,2,
孤單恰恰,,華語,,,,49,
孤單恰恰,潘佩莉,台語,,1,,8,
孤單情人,何潤東,國語,,3,,2,
孤單情海,李嘉,台語,554,76559,,94; 94; 94; 6,
孤單情線,黃千芸,台語,,2,,8,
孤單我一人,,華語,98,,,,
孤單手稿,,華語,6944,,,,
孤單才知广,翁立友,台語,,8,,6,
孤單探戈,楊靜,台語,,593,,8,
孤單早著慣習,,客語,00,,,51,
孤單是阮的名 倫巴 柏蒼,,台語,,,,48,
孤單望月,楊瑞香,台語,,,,61,
孤單男兒,洪一峰,台語,,454,,6,
孤單的人,,華語,67,,,,
孤單的人才能聽的歌,喬長樂,華語,570,,,61,
孤單的夜,郭健一,台語,557,474,,93; 93; 93; 6,
孤單的心情,沈文程,台語,,463,,6,
孤單的情歌,陳百潭,台語,,3,,8,
孤單的憨人,謝芊彤,台語,05,,,69,
孤單的晚暝,尤雅 特魯多,台語,82,,,56,
孤單的月娘,劉依純,台語,557,564,,84; 84; 84; 6,
孤單的男兒,葉啟田 特魯多,台語,6772,,,,
孤單的腳踏,林清國,台語,553,,,90,
孤單芭蕾,許慧欣,國語,62,781,,; ; ; 2,
孤單閃啝,,台語,,764,,6,
孤單閃啦,蔡一州,台語,86,,,60,
孤單雙人挽,,台語,,9,,6,
孤城,,華語,61,,,,
孤夜戀歌,蘇錦煌,台語,,864,,6,
孤女春夢,張素綾,台語,,973,,6,
孤女的願望,陳芬蘭,台語,,2,,6,
孤寂的步履,高明駿,國語,60,,,,
孤山不孤君心孤,,華語,67,,,38,
孤山客,,華語,65,,,,
孤帆,,華語,49,,,96,
孤帆,陳茂豐,台語,55875,577,,5; 61; 61; 61,
孤影,西卿,台語,,6,,5,
孤戀忙,謝莉婷,台語,,4,,5,
孤戀花,ng,台語,,971,,5,
孤戀花開,陳怡婷,台語,,46893,,8,
孤挽難眠,周苹健,國語,,7,,2,
孤星,良山,台語,,4,,5,
孤燕夢,,台語,,,,50,
孤獨的人總怕黑,,華語,6493,,,,
孤獨的愛河,,台語,,,,,
孤獨的流星,,台語,,897,,6,
孤獨的熄和,呉文芳,國語,,466,,3,
孤獨的王,,華語,6544,,,,
孤獨站立,夏天ex,國語,,498,,2,
孤獨終老 Mod Soul 花僮 ◆,,客語,62,,,,
孤獨與辜負,,華語,6653,,,,
孤獨身影,黎亞,國語,,49686,,2,
孤獨頌歌,,華語,64,,,,
孤甼。仅旦,方茗人,台語,,7,,6,
孤甼ロ嗇屮微,乖猫婿,國語,,498,,2,
孤甼ロ旅亍,何耀珊,國語,,9,,2,
孤相思,,台語,71,,,55,
孤緣花,,台語,,,,,
孤船,甲子慧,台語,55855,,,67,
孤芳,,華語,68,,,,
孤苦伶仃,,華語,6545,,,,
孤身一人,,華語,6387,,,,
孤陋寡聞,,華語,6388,,,,
孤雲,蔡小虎,台語,,564,,5,
孤鳥,江志豐,台語,56840,7,,5; 64; 64; 64,
孤鸞,蔡小虎,台語,,7,,5,
孤鸞命,陳百潭鳳娘,台語,,9,,8,
孩子氣,萬芳,國語,,580,,2,
孫子愛情兵法,K&ONE,國語,,1,,3,
孫矉與庇涓,任珍,台語,,799,,8,
孬種,康康,國語,3880,,,,
孰悉,庾澄慶,國語,,2,,2,
孳情,龍千玉,台語,,0,,5,
學不會,吳克群,國語,,2,,2,
學不會,林俊傑&,國語,,57470,,2,
學不會勇敢,,台語,,,,97,
學不會更愛你,李玟,國語,,798,,3,
學到老愛到老,,華語,68,,,,
學會,孫燕姿,國語,5,,,50,
學會,許慧欣,國語,5,2,,66; 66; 66; 2,
學會,趙默,國語,,8,,2,
學會決樂樂,伍思凱,國語,,3,,9,
學甲十三英,石喬,台語,55483,9,,; ; ; 7,
學甲十三鷹,余天,台語,86,,,57,
學貓叫,小峰峰,國語,,59474,,1,
孽緣,方瑞娥,台語,61,,,,
"宀-日日寞,う亡日日日日",歡王奕心,國語,,3,,3,
宀ㄊDIL,吳蕙君,台語,,1,,8,
宀奮鬥寡人,李惠樺,國語,,850,,3,
宀好花不常開,阿華,國語,,957,,3,
宀寞的心聲,顏子晴,台語,,47989,,8,
宀的心聲,陳韻竹,台語,,542,,6,
宅男宅女,許志豪林歡,台語,,489,,6,
宅著就很好,,華語,62,,,,
宇宙,ZAYIN,國語,,56565,,2,
宇宙小姐,S.H.EE,國語,,7,,2,
守,李芊慧,台語,,3,,5,
守住今夜,林靈,國語,,,,,
守住你前世的諾言,李翊君,國語,,4,,3,
守護,樊凡,國語,,8,,2,
守護,江宏恩,國語,5,,,61,
守護,童童,國語,,767,,2,
守護天使的告白,,國語,,9,,3,
守護天使的告白,余憲忠,國語,,3,,3,
守護者,神木與,國語,,6,,2,
安份守己,石琇惠,台語,,055,,6,
安儷,聖結石,國語,,460,,1,
安全 NO.1,余瑞昌,台語,56738,,,63,
安全全的的愛愛,陳崴,國語,,9,,2,
安全感,王力宏,國語,69,,,,
安可,,台語,,,,,
安可,戴梅君&徐立鴻,台語,,853,,5,
安可,楊欣樺,台語,,46764,,8,
安塔利亞的瞬間,Reborn,國語,,688,,3,
安好再聚首 中板靈魂樂 REID伯虎,,華語,65,,,,
安娜,陳菱,台語,,552,,5,
安尹爭,朱俐靜陳勢安,國語,,465,,9,
安尹爭,陳勢安卞靜,國語,,58853,,9,
安平之戀,陳思安,台語,,680,,6,
安平追想曲,,台語,,4,,6,
安平追想曲,余天,台語,,4,,6,
安慰的相片,吳上明.陳思安,台語,64,,,,
安納基的國王,艾農雅,國語,,464,,1,
安芸宮島,水森,國語,,939,,3,
安靜,周杰倫,國語,500,560,,; ; ; 2,
完整,李政,國語,,7,,2,
完整,李玟,國語,70,,,,
完整,鄭秀文,國語,,3,,2,
完整愛,鍾欣潼張韶涵,國語,,4,,2,
完美主義,周杰倫,國語,5,,,,
完美女人,葉璦菱,國語,,9,,2,
完美情人,3C1ub,國語,,2,,2,
完美情人,3Club Twist,國語,45,,,,
完美情人,鄧福如,國語,,579,,2,
完美浴地,亂彈阿,國語,,958,,2,
完美的一天,孫燕姿,國語,547,5,,79; 79; 79; 3,
完美的互動,王力宏,國語,39,,,,
完美的結果,呂雯,國語,,450,,3,
完舜曲,關心妍,國語,,557,,2,
宔泊,伊能靜,國語,,390,,2,
宔泊,孫燕姿,國語,,487,,2,
定奪,,華語,64,,,,
定情紗,劉家芳,台語,,1,,8,
定格幸福,韋明華/阿妮桑,華語,,,,69,
宜蘭人,劉福助,台語,,2,,5,
宜蘭好所在,鳳琴 特魯多,台語,2,,,66,
宜蘭親像一首歌,阿林絜,台語,,978,,7,
宜蘭雨,,台語,,,,50,
宜願我、傷心,劉徳華,國語,,9,,3,
実雨曲,美黛,國語,,7,,2,
客串,甲子慧,台語,,947,,5,
客家世界一家親 大合唱 ◆,,客語,875,,,51,
客家土樓,,客語,8,,,51,
客家姑娘,鍾玉鳳,台語,9,,,66,
客家子弟,,客語,2,,,51,
客家小炒,黃連煜,台語,,56641,,6,
客家情歌,陳莉,客語,572,,,61,
客家桐花滿世界 林展逸 ◆,,客語,871,,,51,
客家母親河,,客語,8,,,51,
客家真情,,客語,9,,,51,
客家細,沈文程,台語,,4,,6,
客家英雄,,客語,6,,,51,
客家調劉,福助,台語,,5,,5,
客家鄉,,客語,4,,,51,
宣戰,蕭玉芬,國語,,541,,2,
室吉、久小調葛,蘭,國語,,467,,3,
害呀,黃乙玲,台語,,484,,5,
害怕失去,,台語,51,,,,
害阿,,台語,,,,98,
宵舞伴,周蓬霖,台語,,9,,6,
家,,國語,,467,,1,
家,六哲,華語,,,,69,
家,沈芳如/沈建豪,國語,556,,,61,
家,莊振凱夋吉,台語,,8,,5,
家中貧窮志氣高 ○ 李秋霞,,客語,4,,,51,
家中貧窮莫擔心 李秋霞 ○,,客語,4,,,51,
家和萬事興,,台語,91,,,,
家在來北,胤龍,國語,,2,,2,
家在台北,姚蘇蓉,國語,,9,,2,
家家有本難唸的經,中國娃,國語,,2,,3,
家家有本難唸的經,中國娃娃,國語,,,,,
家家酒,家家,國語,,1,,9,
家後,江蕙,台語,,7,,5,
家書,邵大倫,台語,,44693,,5,
家有爸媽,,國語,,,,,
家未盡情難離,羅時豐,台語,,1,,7,
家豕,林孟宗心潼,台語,,46881,,8,
家豕,蔡秋鳳,台語,,564,,5,
家鄉的雪花落不到我手心,,華語,6685,,,,
宿命的愛上一個人,周料倩,國語,,49964,,3,
寀夜的行燈,紫薇,國語,,5,,3,
寂寞,,台語,,,,42,
寂寞,,華語,6556,,,,
寂寞,楊峻榮,國語,,3,,2,
寂寞,謝容兒,國語,,1,,2,
寂寞Melody,徐鄧,台語,,765,,5,
寂寞三更,謝莉婷,台語,,494,,6,
寂寞不痛,A-Linn,國語,,573,,2,
寂寞之光,梁文音,國語,,58559,,2,
寂寞人生,甄妮,國語,,1,,9,
寂寞保齡球,張惠妹,國語,3844,,,,
寂寞保齢球,張惠妹,國語,,1,,3,
寂寞先生,曹格,國語,,5,,2,
寂寞咖啡杯,火星熊,國語,5,,,61,
寂寞在唱歌,阿桑,國語,,7,,3,
寂寞城市,周蕙,國語,,5,,2,
寂寞夜朱眠,劉愷威,國語,,0,,3,
寂寞夜都市,施文彬,台語,,400,,6,
寂寞女子,黃小琥,國語,,8,,2,
寂寞好了,蔡旻佑,國語,,56943,,2,
寂寞守護者,樊凡,國語,,1,,3,
寂寞寂寞就好,田馥甄,國語,,573,,3,
寂寞心臟病,IRL&FRIENDSI,國語,,9,,3,
寂寞情歌,王建傑,台語,,0,,6,
寂寞情歌,陳思安,台語,,593,,8,
寂寞情路,周雅芳,台語,,442,,6,
寂寞惹的禍,閃亮三姐妹,國語,5,,,77,
寂寞拜拜,鄧麗君,國語,,5,,9,
寂寞斑馬線楊,麗菁,國語,,7,,3,
寂寞星球,五月天,國語,,639,,2,
寂寞是阮的名,陳盈潔,台語,,0,,7,
寂寞沙洲冷,周傳雄,國語,3843,2,,; ; ; 3,
寂寞流浪兒,七郎,台語,85,,,72,
寂寞海岸,許茹芸,國語,,572,,2,
寂寞無害,艾怡良,國語,,468,,1,
寂寞犯的錯,代小波,國語,,684,,3,
寂寞珈畊林,火星熊,國語,,976,,3,
寂寞的人傷心的,楊海彪”子,國語,,58987,,9,
寂寞的人喝不醉,,華語,6939,,,,
寂寞的吉他聲,,台語,,,,50,
寂寞的城市,蔡小虎秀卿,台語,,9,,6,
寂寞的城市,謝金燕,台語,,449,,6,
寂寞的夜裏你在:,等著,國語,,557,,3,
寂寞的大待,林荿,台語,,838,,8,
寂寞的姑娘,鄧麗君,國語,,861,,3,
寂寞的小花,陳蘭麗 吉力巴,國語,571,,,52,
寂寞的小路,江蕙,台語,,58472,,6,
寂寞的心聲,顏子晴,台語,8,,,61,
寂寞的情人節,王森,華語,571,,,61,
寂寞的戀人啊,莫文蔚,國語,556,,,95,
寂寞的戀情,邱芸子,台語,,8,,6,
寂寞的戀歌,廖桂英,台語,385,,,69,
寂寞的暗暝,大順,台語,6780,,,,
寂寞的暗暝,張秀卿,台語,,4,,6,
寂寞的暗暝,陳盈潔,台語,,763,,6,
寂寞的暗暝,龍千玉,台語,,2,,6,
寂寞的歌聲,上明,台語,83,,,65,
寂寞的氣呠,孫淑媚,台語,,9,,6,
寂寞的氣味,孫淑媚,台語,555,,,,
寂寞的海岸,,華語,00,,,,
寂寞的海岸,王識賢,台語,,758,,6,
寂寞的海邊,西卿,台語,,652,,6,
寂寞的深更,周蓬霖,台語,,46744,,8,
寂寞的男兒,周蓬霖,台語,,451,,6,
寂寞的看板,黃乙玲,台語,6978,,,,
寂寞的眠床,林冠中,台語,,788,,6,
寂寞的眼,周華健,國語,,2,,2,
寂寞的紅伶,司徒蘭,國語,,4,,9,
寂寞的缺口,姜育恆,國語,,9,,3,
寂寞的羔羊,王森,華語,574,,,61,
寂寞的脚歩聲,鳳飛飛,國語,,8,,3,
寂寞的腳步,一鳯飛飛,國語,,956,,9,
寂寞的路燈,蘇世豪,台語,,749,,6,
寂寞的酒,李明洋邱芸子,台語,,4,,6,
寂寞聊天室,林子娟,國語,585,,,68,
寂寞聊天室林,子娟,國語,,983,,3,
寂寞英雄,羅時豐,台語,,791,,6,
寂寞英雄,羅時豐 吉力巴,台語,76,,,,
寂寞被單,蘇曉芊,台語,,494,,6,
寂寞讓我想起你的 王強 美麗,,華語,,,,53,
寂寞起舞,藍王Bä,國語,,49952,,2,
寂寞邊界,張揀樑,國語,,563,,2,
寂寞邊界,張棟樑,國語,41,,,,
寂寞都車一蕊花,楊嘯惠,台語,,44451,,7,
寂寞釀成酒,周雅芳,台語,6755,444,,00; 00; 00; 6,
寂寞雙人舞,歐陽菲菲,國語,5,,,51,
寂寞難耐,,華語,,,,98,
寂旲咖啡,李翊君,國語,,491,,2,
寂靜的小巷陳,淑樺,國語,,860,,3,
寄付,秀蘭瑪,台語,,3,,5,
寄信,陳譯賢,國語,,3,,2,
寄唔,黃瑞文,國語,,7,,2,
寄情,賴美洳,國語,573,,,61,
寄望,洪玲,台語,,4,,5,
寄生,,華語,61,,,,
寄生,吳克群,國語,,572,,2,
寄相思,,客語,,,,38,
寄給你一条攻,花小剛,國語,,5,,3,
寄袂出去的批,董育君,台語,,57746,,7,
寄袂到的情批,洪百惠,台語,,643,,7,
寄託,許美靜,國語,,4,,2,
寄語,許慧慧,國語,,6,,2,
寄語白雲,鳳飛飛,國語,,41,,2,
密碼,,國語,,,,,
密雲,,台語,52,,,,
寇子欺,藍山,台語,,688,,5,
富士山留不住櫻,,華語,68,,,,
寒冬又逢眷,李惠樺,台語,,8,,6,
寒冷的並非雪,,台語,,,,38,
寒冷的冬天,南南,華語,571,,,61,
寒夜存在心碎 張香菊 ◆,,客語,869,,,51,
寒夜西樓,陳秀瓊,台語,7,,,66,
寒天的黄葉,陳建誠,台語,,640,,6,
寒心,喬幼,台語,,0,,8,
寒星與流雲,甄媚,國語,,9,,3,
寒潭,ng,國語,,3,,2,
寒蟬不知深秋,,華語,6461,,,,
寒風的味涙,秀蘭瑪,台語,,8,,6,
寒風的珠淚,秀蘭瑪雅,台語,8547,,,73,
寓言,張韶涵,國語,3886,,,,
察乾眼淚忘了你,金正浩,國語,,6,,9,
察覺,,華語,61,,,,
實在才好,七郎,台語,,596,,6,
實在真歹勢,女F4,台語,,764,,7,
寧靜海,陳淑樺,國語,,6,,2,
寧靜的海寧靜的愛,陳辧樺,國語,,595,,3,
審判,,華語,60,,,,
寫'“啥啥米米人人,,台語,,788,,7,
"寫,…你你的的歌歌",林菁國,台語,,6,,7,
寫…你小的的歌歌,許富凱,台語,,57670,,7,
寫一首情歌,,華語,6486,,,39,
寫乎你的歌,柔均/林菁國,台語,553,,,00,
寫乎你的歌,鳳琴,台語,,772,,8,
寫你的歌,,台語,,,,42,
寫信給我,錢幽蘭,國語,,471,,3,
寫字狂,曾來德,國語,,2,,2,
寫寫…你你的的歌歌,柔林,台語,,767,,7,
寫故故的的人人,許富凱,台語,,643,,7,
寫相思,林姍,台語,,595,,8,
寫給失敗者的歌,,華語,66,,,,
寫給你,蘇路,台語,,740,,5,
寫給你的情士,趙食,國語,,4,,9,
寫給年輕,曾淑勤,國語,,574,,3,
寫給我們,,華語,63,,,,
寫給自己的歌,黃義達,國語,561,,,99,
寫給自己的歌,黄義達,國語,,562,,3,
寫置眼淚,吳蕙君,台語,,46848,,8,
寫袂了的批批,蕭玉芬,台語,,490,,7,
寫錯歌了,張宇,國語,,958,,3,
寬容,張信哲,國語,,495,,2,
寬恕,神本與,國語,,572,,2,
寬恕無罪,胡楊林,國語,,47651,,3,
寲情台西港,石石琇惠,台語,,5,,7,
寲情布袋港,",簡美雀",台語,,4,,7,
寲情有愁膽,向蕙玲,台語,,7,,7,
寲情来石港,陳建誠,台語,,1,,7,
寵宀,TFBOYS,國語,,774,,2,
寵你飛上天,葉勝欸,台語,,990,,8,
寵愛吖,白小白/球球,華語,57662,,,68,
寵物,,國語,,857,,9,
寶島好男兒,葉敕田,台語,,4,,7,
寶島好男兒,郭金發,台語,,1,,7,
寶島春宵暝,洪榮宏,台語,,2,,7,
寶島曼波,洪一峰對唱,台語,,98661,,8,
寶島水姑娘,阿茹,台語,567,,,62,
寶貝,孫淑媚,台語,,5,,5,
寶貝,張懸,國語,49,481,,; ; ; 2,
寶貝,莫文蔚,國語,,572,,2,
寶貝intheonight,張懸,國語,,688,,3,
寶貝你要去哪裡,,客語,4,,,51,
寶貝子,林妍,台語,,573,,5,
寶貝孫 吉力巴 ○ 代表【midi無人聲】 ★ 代表【原聲 或 原聲原影】 適用機型：S-(BD.IMSBP系列.N系列.N2系列.W系列),● 代表【midi+人聲伴唱】 利用人如欲使用本產品於「公開場所」使用，請逕洽集管團體或著 ◆ 代表【midi+原聲伴唱】 作財產權人取得「公播授權」後，始得合法使用 1 上述符號為【歌曲類型】依機型及功能而有所不同 發行日期 /,客語,,,,,
寶貝寶貝,,台語,,4,,6,
寶貝對不起,草蜢,國語,,4,,3,
寶貝對不起,趙秋凱,國語,,76768,,3,
寶貝心肝,,台語,,,,51,
寶貝心肝,鳳娘,台語,554,,,88,
寶貝心肝鳳,娘,台語,,565,,6,
寶貝我的心,陳明真,國語,,3,,3,
寶貝的寶貝,,國語,,499,,3,
寸你太在乎,陳慧琳,國語,,1,,3,
寸你愛不完一,謝和弦,國語,,56874,,3,
寸寸相思,,客語,896,,,51,
寸寸相思為了,鄧麗君,國語,,3,,3,
寸斷的柔情,,華語,64,,,,
寸步難行,王建傑,台語,55944,,,61,
寸步難行,談詩玲,台語,,894,,8,
寸歩難行,王建傑,台語,,839,,5,
寸每人,陳小龍,台語,,9,,5,
寸草心,,華語,53,,,,
寸草心,柬方傳,國語,,1,,2,
寺代,葉倩文,國語,,1,,2,
寺先,童童,國語,,767,,2,
寺差,李聖傑拶部禾,國語,,683,,2,
封鎖在眼中心中,的你的,國語,,5,,3,
射手,MP魔幻力予,國語,,578,,2,
將伊放抹記,劉依純,台語,,445,,6,
將你放心中,邱芸子,台語,55400,4,,61; 61; 6; 61,
將你放袂記,曹雅雯,台語,,1,,8,
將你放袂記,林靜莉,台語,,493,,6,
將你當作寶,,華語,93,,,,
將你送別人,鄧詠家,台語,,76490,,6,
將你還於人海,,華語,6490,,,,
將咱的名寫作伙,徐紫淇/沈建豪,台語,550,,,61,
將妳惜命命,林俊吉,台語,,9,,6,
將妳留,莊振凱,台語,,972,,5,
將你當作阮的天,揚,台語,,474,,7,
將你的靈魂接在我,的線,國語,,5,,3,
將心來比心,張秀卿,台語,,792,,6,
將心打開,許志安李張,國語,,7941,,2,
將心比心,吳俊宏,台語,,59743,,8,
將心比心,方阡翊,台語,,9,,6,
將心比心,王中平,台語,568,8,,61; 61; 6; 61,
將思念放心頭,甲子慧/陳偉強,台語,55756,,,61,
將思念放心頭,陳偉強甲子慧,台語,,48884,,7,
將愛收倒返,廖麗雅,台語,6489,,,,
將愛藏置心內,林子娟,台語,564,,,61,
將愛藏置心内,林子娟,台語,,7,,7,
將愛還乎妳,林俊吉,台語,,8,,6,
將愛還我,陳豪,台語,,445,,6,
將愛還我,陳豪 Reggae,台語,6756,,,00,
將感情出賣,陳茂豐,台語,0,,,61,
將感情讓渡,蔡國義,台語,569,,,00,
將戚、忙出賣,陳茂豐,台語,,769,,8,
將戚情放水流,阿吉仔,台語,,98665,,8,
將眷天藏在叨位,袁小迪黃思婷,台語,,1,,7,
將軍令,五月天,國語,,58391,,2,
將阮來打醒,李嘉,台語,558,562,,86; 86; 86; 6,
將阮愛一半,洪百慧,台語,,57799,,6,
將阮放袂記,張蓉蓉,台語,,892,,6,
專屬密碼,黃義達,國語,,,,,
尋,劉文正,國語,,3,,2,
尋,陳淑萍,國語,564,1,,2; 67; 67; 67,
尋一朵浪花匕,張琍敏,國語,,780,,3,
尋你,游鴻明,國語,,1,,2,
尋口,張清芳,國語,,99,,2,
尋唔轉回憶,,客語,1,,,51,
尋回,張清芳,國語,59,,,,
尋愛,翁倩玉,國語,,9,,2,
尋我,,華語,,,,,
尋我明天,李愛鯤,國語,,499,,2,
尋找,彭家麗,國語,,839,,2,
尋找,范瑋琪,國語,39,,,,
尋找,陳楚生,國語,,685,,2,
尋水的缶,許飛,國語,,6,,2,
對不起,周杰倫,國語,503,,,,
對不起,莊振凱,台語,,855,,5,
對不起,黃乙玲,台語,,591,,5,
"對不起,我愛你",蔡淳佳,國語,4989,,,,
"對不起,現在我才",愛上,國語,,5,,3,
對不起我愛你蔡,淳佳,國語,,894,,3,
對了錯了,羅時豐,國語,,460,,9,
對亻視凡,丁鄭,國語,,68456,,2,
對你唱不完的歌,蔣林剛/牛丹,華語,575,,,61,
對你惜命命,方順吉,台語,,9,,8,
對你懷念特別,楊小萍,國語,,8,,3,
對你放抹落,馬沙,台語,556,,,61,
對你放抹離,于櫻櫻,台語,,952,,7,
對你放抹離,于櫻櫻 特魯多,台語,552,,,92,
對你放抹離,詹雅雯,台語,,763,,7,
對你放抹離,馬沙,台語,,476,,7,
對你有夠讚,陳小雲 特魯多,台語,88,,,56,
對你的心嘸是,辦桌阿佯王瑞,台語,,565,,7,
對你的情,,台語,76,,,,
對你的愛,吳蓉芳,台語,,49384,,6,
對你的愛,沈建豪,台語,6,,,67,
對你的愛永遠多一,點,國語,,2,,3,
對你的記治,陳思安,台語,,561,,7,
對你而言,江美琪,國語,583,,,,
對分,陳怡婷,台語,,447,,5,
對天撒乃,七郎,台語,,577,,6,
對她好一些,艾歌,國語,,49665,,3,
對妳感心,,客語,,,,,
對你的愛還依然在許,志安,國語,,3,,3,
對峙,庾澄慶,國語,4992,754,,; ; ; 2,
對弈天下 House 瀟公子（劉瀟）,,華語,67,,,38,
對待,,台語,51,,,93,
對愛不放心,劉嘉玲/黎沸揮,國語,5,,,51,
對愛投降,張惠妹,國語,3892,7,,; ; ; 3,
對愛期待,黃小琥,國語,,57551,,3,
對我我好一點,江美琪,國語,,2,,3,
對我溫杀些,張沛沛,國語,,963,,9,
對我溫柔些,張沛沛,華語,57485,,,66,
對手,,台語,,,,,
對手,強辯樂,國語,,56873,,2,
對手,洪榮宏,台語,,440,,5,
對於你們我永遠心,疼,國語,,3,,3,
對望（DJ版）,,華語,68,,,,
對珎的思念,蔡義徳,台語,,1,,8,
對的人,戴愛玲,國語,39,4,,; ; ; 2,
對的人,莊心妍,國語,,59597,,1,
對的人站在前途裡,,華語,67,,,,
對的時間對的地 自由派對 點遇到對的你 梭 ○ 代表【midi無人聲】 ★ 代表【原聲 或 原聲原影】 適用機型：S-(BD/IMSBP系列/N系列/N2系列/W系列),● 代表【midi+人聲伴唱】 利用人如欲使用本產品於「公開場所」使用，請逕洽集管團體或著 ◆ 代表【midi+原聲伴唱】 作財產權人取得「公播授權」後，始得合法使用 1 上述符號為【歌曲類型】依機型及功能而有所不同 發行日期 /,華語,,,,,
對舌,陳本瑜大可,國語,,9,,2,
對號入座,S.E,國語,,6,,3,
對酒,,華語,00,,,,
對酒當歌,張啟靚,華語,572,,,61,
對面的女孩看過來任,賢齊,國語,,4,,3,
對面的小姑娘,,台語,,678,,7,
對面的小姑娘,“人台風,台語,,991,,8,
對面的小姑娘,人台風,台語,,863,,8,
對面的小姑娘,大台風樂團,台語,1,,,71,
對面看到蓮花紅,,客語,392,,,51,
小,,台語,,495,,5,
小,林依晨,國語,,691,,2,
小,龐馬,國語,,686,,2,
小、花匕,陳淑萍,台語,,576,,5,
小三,冷漠,國語,,49672,,2,
小三,冷漠,華語,570,,,61,
小三續集,冷漠,國語,,451,,2,
小丑,張魁,國語,,7,,2,
小丑各,羅志祥,國語,,0,,2,
小丑魚,羅志祥,國語,567,,,68,
小乖乖,蔡旻佑,國語,,684,,2,
小乖乖,謝金燕,國語,,0,,2,
小二上酒,,華語,65,,,,
小二齒三兄弟,林美莉,台語,,658,,7,
小人物的心聲,巫敕賢,國語,,3,,3,
小亻口,蔡依林,國語,,572,,2,
小仅曲,一琴,國語,,4,,2,
小倆口問答,情歌對pB,台語,,670,,6,
小優瓜,五晶,國語,,541,,2,
小免付思,俞隆華,台語,,0,,6,
小八卦,,台語,67,,,,
小冤家,趙薇,國語,,69,,2,
小卒子的心聲,郭獎,台語,,948,,7,
小单,王夢麟,國語,,8,,9,
小叮噹,,華語,66,,,,
小叮嚆,曉堯萱,國語,,2,,2,
小可愛,,國語,,,,,
小台楊,,國語,,5,,2,
小台楊,洪小喬,國語,,491,,2,
小台菜,周瑾,國語,,4,,2,
小台菜,蔡琴,國語,,548,,2,
小吃部,張蓉蓉,台語,,56759,,5,
小味道,,華語,65,,,,
小哥哥,,華語,61,,,,
小城市的光,譚坤,國語,,68446,,3,
小夜曲,徐承邦,台語,,2,,5,
小夫妻,歐得洋/蔡淳佳,國語,5897,,,,
小女人妳,剛澤斌,國語,5,,,46,
小妹,于台煙,國語,559,,,67,
小妹聽我說,,國語,,,,95,
小姐,林俊彥,台語,,492,,5,
小姐劉,家昌,國語,,8,,2,
小姐十水啀(落翅仔,石喬,台語,,5,,8,
小姐咱是尚速配,羅時豐/關琍菱 吉力巴,台語,7546,,,,
小姐妳好大,,台語,,,,,
小姐直美麗,張對,國語,,495,,3,
小姐等什人,詹雅雯,台語,,495,,6,
小姐這是我的名片,吳宗憲,國語,502,,,,
小姑娘,陸玉済,國語,,7,,2,
小姑的話,石喬,台語,,6,,5,
小姑良,俞隆華,台語,,789,,5,
小姑良,黃乙玲,台語,,678,,5,
小娃鮭,樊凡,國語,,780,,2,
小孩,,華語,64,,,38,
小寂寞,,華語,00,,,,
小寺候,張明敏,國語,,961,,2,
小小,容祖兒,國語,,562,,2,
小小偸東,方駿,國語,,767,,2,
小小孩,梁靜茹,國語,,4,,2,
小小新娘花,云菲菲,國語,,579,,3,
小小的太陽,張宇,國語,,7,,3,
小小的希望,陳淑樺,國語,,3,,9,
小小的自己,,華語,6698,,,,
小小羊兒要回,,國語,,2,,3,
小小蜜蜂,,華語,44,,,99,
小小鎮鎮醫醫生生的的故故事,潘越雲,國語,,663,,3,
小小風浪 別放心上,,華語,6654,,,,
小小魔魔女女的的魔魔法法書,范曉萱,國語,,6,,3,
小小鳥,金豆豆,華語,57661,,,68,
小工嘛會變頭家,工銘,台語,,8,,8,
小幸福,,華語,,,,,
小幸運,田馥甄,國語,,600,,2,
小弄弄,,台語,,,,97,
小弄弄,余夭寵,台語,,43880,,8,
小弟,張政雄薛珮潔,台語,,9,,5,
小強怕拖鞋,辦桌二人組,國語,,873,,3,
小心眼的男人,長春蟲子,國語,,453,,3,
小心肝,王思佳蕭景鴻,台語,,8,,8,
小心願,,華語,6439,,,,
小忄歌,蘇打碌,國語,,562,,2,
小情人,劉徳華,國語,,9,,2,
小情人,劉德華,國語,577,,,55,
小愛我,蕭玉芬,台語,,498,,5,
小指古,巨基,國語,,3,,2,
小放牛,,國語,,3,,2,
小放牛,姚莉,國語,,7,,2,
小放牛,洪美,國語,,697,,2,
小星星,,華語,60,,,,
小星星與月亮,,台語,682,,,,
小是我的玫瑰,“,國語,,0,,3,
小時亻,吳勇濱,台語,,8,,5,
小時候,,國語,,7,,2,
小時候,蘇打綠,國語,,57877,,2,
小時候真傻,,華語,69,,,,
小本馬,,國語,,3,,2,
小李飛刀,,台語,,381,,5,
小李飛刀,羅文,國語,,3,,2,
小村之戀,,國語,,3,,2,
小松樹,,國語,,6,,2,
小枉鵑,美黛,國語,,544,,2,
小樓風雨,梅豔芳,國語,,380,,2,
小橋流水,陳淑萍,台語,,993,,8,
小河可流,邱心儀,國語,,573,,2,
小河淌水,費玉清,國語,,5,,2,
小河邊,陳盈潔,國語,,6,,2,
小港之戀,余天龍,台語,,979,,5,
小港的男兒,,台語,85,,,,
小炑于,台煙,國語,,47767,,2,
小熊維尼,黃妃,台語,6981,,,,
小燕子,間荷号,國語,,5,,2,
小牧童,夏國星,國語,,755,,2,
小狼狗,任賢齊,國語,,1,,2,
小玩意,彭羚,國語,,574,,2,
小琴聽我説,企久哲,國語,,9,,9,
小甘甜,,國語,,8,,2,
小疋取愛,許茹芸,國語,,440,,2,
小白楊,士心,國語,,987,,2,
小的愛,張善為,國語,,9,,2,
小秘密,齦霞,國語,,8,,2,
小米酒,陳淑樺,國語,,9,,2,
小給我多少愛,白嘉莉,國語,,8,,3,
小綿羊,,華語,,,,98,
小聰明,王菲,國語,,3,,2,
小自由,,華語,63,,,,
小芣莉,楊永琳,國語,,855,,2,
小芳啊小芳,,國語,,0,,1,
小芳啊小芳 House 歌曲 ◆ 東方傳奇,,華語,,,,98,
小草,,台語,00,,,51,
小草,吳艾媄,台語,,850,,8,
小草,金銘,國語,77,,,,
小葡萄,月十,國語,,470,,1,
小葡萄 House ◆ 高進 ◆ 陳進先,,國語,,,,00,
小薇,黃品源,國語,,0,,2,
小蘋果,筷子兄,國語,,1,,2,
小虎酒場,蔡小虎,台語,,443,,5,
小蜴蟻,葉佳修,國語,,7,,2,
小蠻腰,李樂潮,國語,,0,,9,
小語,銀霞,國語,,5,,9,
小護士,五月天,國語,,539,,2,
小貝殼之戀,鳳飛飛,國語,,5,,3,
小路雨綿綿,洪榮宏,台語,68,,,,
小道童,,華語,66,,,,
小酒窩,林俊傑阿,國語,,56592,,2,
小里花,李碧華,國語,,597,,2,
小雞嗶嗶,小嗶,國語,,46389,,1,
小雨,林玉英,台語,,7,,5,
小雨傘,高佳群家妤,台語,,875,,8,
小雨劉,家昌,國語,,841,,2,
小雨啊卜雨,吳勇濱,台語,,800,,8,
小雨小雨,黄乙玲,台語,,774,,5,
小雨忄,郭建一,台語,,2,,5,
小雨敢知阮的,王智君,台語,,842,,7,
小雨滴,,國語,,46482,,1,
小雨滴,銀霞,國語,,699,,2,
小雨滴,黃意翔,國語,554,,,71,
小雨綿綿,郭人誠,台語,,987,,5,
小飛亻,黃妃,台語,,676,,5,
小鯽仔變大魚,林久登,台語,,444,,7,
小鳥,龍千玉,台語,,2,,5,
少了你該怎麼辦,曾寶儀,國語,67,,,,
少了妳永遠都不夠,江宏恩,國語,5,,,61,
少了你永遠都,鉤江宏恩,國語,,8,,3,
少來這一套,北原山貓,國語,5,,,78,
少女流浪記,李美華,台語,,878,,6,
少女的仰望,詹曼鈴,台語,,775,,61; 61; 61; 8; 8,
少女的心情,蔡秋鳳,台語,,5,,6,
少女的心聲,李千慧,台語,,9,,8,
少女的戀夢,卓依婷,台語,62,962,,; ; ; 6,
少女的期待,吳淑敏,台語,553,545,,90; 90; 90; 6,
少女的祈禱,蔡秋鳳,台語,,849,,6,
少女祭,,華語,62,,,,
少女純情夢,尤卿,台語,,450,,6,
少少一一點點天天紛份,孫盛希,國語,,585,,3,
少少來這這一一套套,北原山,國語,,3,,3,
少少年中中國國,Lisa,國語,,56696,,3,
少年仔的心聲,方順吉,台語,84,,,75,
少年他的奇幻漂,五月天,國語,,465,,1,
少年夢,許富凱,台語,,678,,5,
少年心事,吉力巴,華語,,,,61,
少年為何去遠方,,華語,68,,,,
少年甭抓狂,黃克林,台語,,2,,6,
少年甭捉狂,黃克林,台語,7390,,,,
少年的你,,華語,63,,,39,
少年的心,王傑,國語,,982,,2,
少年的我,文夏,台語,,1,,5,
少年的我,文文,國語,,7,,2,
"少年耶,安啦!",伍佰,台語,,962,,6,
少年英雄,馬克,台語,,3,,5,
少年進行曲,合唱,台語,,645,,6,
少年遊,優客李,國語,,549,,2,
少年遊,呉俊宏,台語,,44577,,5,
少年遊,荒山亮,台語,,4,,5,
少年青春,秦楊,台語,,3,,5,
少爺船,石黄,台語,,564,,5,
尒一女情深,王一郎,台語,,447,,6,
尒一山之戀,秀珠,台語,,000,,6,
尒一山相袞,吳晉淮李靜美,台語,,587,,6,
尒勿,郁可唯,國語,,46399,,1,
你不・不・懂,周子寒,國語,,5,,3,
你不疋薄情的人,狄鷽,台語,,1,,7,
你不知擱我上知,石喬,台語,,5,,7,
你什麼時候能愛我,像自,國語,,8,,3,
你住的街上,張琍敏,國語,,9,,3,
你從來就沒想過,陳娟見,國語,,475,,1,
你快宍我内傷,蔡依林,國語,,4,,3,
你怎樣變心愛,人林郁芳,台語,,7,,7,
"你早己喜歡我,",~許慧慧,國語,,396,,3,
你是我一生的歌呉,勇濱,台語,,57458,,7,
你是我奮鬥的,曰林慶源亘攫蟀,台語,,969,,7,
你是我尚深的痛呉,宛蓁,台語,,540,,7,
你是我心所愛,人甲子慧,台語,,4,,7,
你是我心所愛,人鱸啟田,台語,,3,,7,
你是我心目中的嫦娥,洪榮宏,台語,,4,,7,
你是我永遠的夢楊,靜,台語,,7,,7,
你是我的喙,龍郭,國語,,467,,9,
你是我的心肝,貝鄭進一如,台語,,7,,7,
你是我的生命根葉,启,台語,,0,,7,
你是這個世界最,疼愛,國語,,2,,3,
你是阮一生的,慰詹曼鈴,台語,,8,,7,
你是阮今生的,一王中平甲子慧,台語,,078,,7,
你曽説愛我,白小白,國語,,597,,1,
你永遠是我的,愛豬哥亮,台語,,577,,7,
你為什麼要骗,李千慧,台語,,3,,8,
你猶原是我的,想郭碁,台語,,966,,7,
你甘抛袂不甘,謝和弦,台語,,6,,8,
你甘攔奋相起我,レ、蔡小虎,台語,,2,,7,
你甘會去愛別人,陳誠安、,台語,,49456,,7,
你的名叫相思海,馬沙,台語,,451,,7,
你的心甘有我的存在,甲子慧,台語,,439,,7,
你的心裡究竟住著,,國語,,464,,1,
你的温柔傷我最深,唐古,國語,,8,,1,
你糖我心内尚深的,在蔡幸娟,台語,,442,,7,
你若愛我請你離開我,謝金燕,台語,,644,,7,
你要按怎還,,台語,,467,,8,
你説,陳科妤,國語,,5,,2,
你返來的彼一暝邵,大倫,台語,,442,,7,
你這樣不對啀,MAKIYO,國語,,5,,9,
你點的歌救了我,JSheon&A-Lin,國語,,594,,1,
尔做你、我做我蘇,錦煌,台語,,568,,7,
尔做你我做我蘇,錦煌,台語,,050,,7,
尔像白雲一片甄,妮,國語,,8,,3,
尔哪會不知影蔡,麗津,台語,,444,,7,
尔啥米攏嘸知方,仟翊,台語,,7,,7,
尔彳笑時好美謝,霆鋒,國語,,5,,3,
尔愛的不是我施,文彬,台語,,48953,,7,
尔曾經愛過我詹,雅雯,台語,,58468,,7,
尔瀟廘我漂亮成,丿,國語,,3,,3,
尔的愛,王力宏,國語,,500,,2,
尔答嘛幫幫忙張,秀卿,台語,,46540,,7,
尔總在我心窩銀,霞,國語,,852,,3,
尔讓我有感覺李,玟,國語,,3,,3,
尔陪我喝一杯吳盈,陳潔,台語,,4,,7,
尚介帥,陳雷,台語,566,068,,5; 61; 61; 61,
尚介氵尚介猛,陳建誠,台語,,5,,7,
尚光彼粒星,林罔市,台語,,95688,,6,
尚冰的交,龍千玉,台語,,59585,,8,
尚好的換帖,林淑蓉,台語,,4,,6,
尚好的舞伴,林育茲,台語,4,,,65,
尚愁弋彼個,蘇錦煌,台語,,43990,,6,
尚愛也是你,蔡小虎陣美鳳,台語,,447,,6,
尚愛的人傷我尚重,王識賢,台語,,454,,7,
尚愛的節奏,黃碧蓮,台語,,47655,,8,
尚愛的節奏,黃碧蓮 特魯多,台語,2,,,69,
尚憨ㄟ彼個,蘇錦煌,台語,568,,,63,
尚水的人生,楊志文,台語,,544,,6,
尚水的人生,楊志文 慢迪斯可,台語,554,,,61,
尚水的伴,翁立友,台語,,570,,6,
尚水的夢,良五,台語,,547,,6,
尚水的心,彭樂棠,台語,,546,,6,
尚水的感覺,許鳳玉/賴景遠 特魯多,台語,555,,,64,
尚水的戀夢,李惠美/許義和,台語,3,,,65,
尚水的戀夢,鄭君威ニ,台語,,492,,6,
尚水的戀花,陳旭湖/李方宜,台語,,,,61,
尚水的戚覺,賴景遠許鳳玉,台語,,95646,,6,
尚水的政瑰花,七呉,台語,,596,,8,
尚水的新娘,林俊彦&,台語,,488,,6,
尚水的祝福,鑫蒂 吉力巴,台語,9,,,,
尚水的舞伴,,台語,59,,,41,
尚深的所在,林子娟,台語,564,,,61,
尚深的掛意,,台語,,,,51,
尚深的痛,朱永良,台語,7,54480,,64; 64; 6; 64,
尚界秋逃,羅時豐小椒,台語,,489,,6,
尚痛的記誌,蔡佳麟,台語,,980,,8,
尚真ㄟ彼句話,林素秋,台語,,658,,8,
尚真的彼句話,林素秋,台語,,445,,7,
尚知己,詹曼鈴,台語,8,,,65,
尚美的人,龍千玉,台語,,4,,6,
尚美的境界,閃亮三,台語,,762,,6,
尚美的境界,閃亮三姊妹,台語,562,,,61,
尚美的夢,方怡萍高向鵬,台語,,58685,,6,
尚速配,陳隨意,台語,,4,,5,
尚麻吉,陳茂豐/王中平,台語,55750,,,61,
尚麻吉,陳茂豐王中平,台語,,48882,,5,
尤雅純情曲,尤雅,台語,,4,,6,
尪、心,羅時豐,台語,,4,,5,
尪仔某,鄭進一/詹雅雯,台語,83,,,49,
尪仔某∕,鄭進一,台語,,769,,5,
尪仔某、情,唐飛,台語,,5,,6,
尪仔某情,唐飛/劉信明,台語,563,,,62,
尪仔面,董育君,台語,,5,,6,
尪公無過嶺,陳今珮/陸曉芬,台語,567,,,61,
尪公無過嶺,陳今珮陸皢芬,台語,,98552,,8,
尪某∕情,,台語,,962,,5,
尪某、心,林文隆,台語,,581,,5,
尪某心,蔡麗津,台語,,43940,,8,
尪某情,勃露斯,台語,,,,61,
尪某情,阿吉仔吳儀君,台語,,468,,8,
尪某情深,蔡國義/王亞君,台語,563,,,00,
尪某情深,陳建誠,台語,,4,,6,
尬舞,戴梅君,台語,,5,,5,
尬車,閃亮三姊蜯,台語,,0,,8,
就、日喜吾講你小,張震嶽,國語,,6,,3,
就不要再説,花世紀,國語,,464,,3,
就不該遇見,,華語,6548,,,,
就做自己的光,,華語,6883,,,,
就像你的好,,台語,56,,,,
就像花兒開,,華語,68,,,,
就到這,黄文星,台語,,596,,8,
就到這裡,李蚊,國語,,4,,2,
就在今夜,,國語,,3,,2,
就在今夜,丘丘合,國語,,7,,2,
就在那一秒,錢幽蘭,國語,,9,,3,
就就不不,趙秋凱,國語,,76756,,2,
就忘了,,華語,61,,,,
就忘了吧,,華語,64,,,53,
就想賴著妳,言承旭,國語,,582,,3,
就是你,,台語,46,,,96,
就是你,勃露斯,國語,572,,,68,
就是你,范瑋琪 Twist,國語,43,,,,
就是你可是你,古皓,國語,,5,,3,
就是喜歡你,,華語,,,,,
就是太愛你,,華語,,,,,
就是你,流氓阿,國語,,0,,2,
就是你,羅百吉詹黌鈴,國語,,567,,2,
就是愛,蔡依林,國語,5,,,52,
就是愛你,梁一貞,國語,,875,,9,
就是我,荒山亮,台語,,8,,5,
就是要幸福,,國語,,,,,
就是要愛珎,黄釧賓,台語,,547,,6,
就是讓你美,龍梅子,國語,,596,,1,
就是這樣,系燕姿,國語,,6,,2,
就是這麼甜蜜活到,ま陽菲,國語,,7,,1,
就當我們的愛不曾,發生,國語,,0,,3,
就站在這裡,宋念宇,國語,,569,,3,
就算我瞎了眼,藍雨,國語,,49539,,3,
就要下雨了,黎亞,國語,,495,,3,
就要分手,姜育恆,國語,,7,,2,
就要分手,彭家麗,國語,,838,,2,
就要愛了瑪,蘇慧倫,國語,,8,,3,
就要我滋味,劉亦菲,國語,50,893,,; ; ; 3,
就要福了,夏宇童,國語,,56863,,3,
就訁這首歌,張震嶽姚二,國語,,567,,3,
就讓世界多一,東方快心牟,國語,,660,,3,
就讓你成為昨天,,台語,,,,42,
就讓我這樣吧,辛曉琪,國語,,1,,3,
就這樣,劉嘉亮,國語,,766,,2,
就這樣,大麥,國語,,,,61,
就這樣,李榮浩,國語,,59394,,1,
就這樣吧,丁國琳/李王羅,國語,5,,,63,
就這樣在一起,,華語,60,,,,
就這樣巴,丁國琳李王単,國語,,441,,2,
就這樣愛上了,,國語,,7,,3,
就這樣愛巴,代小波,國語,,68470,,3,
就這樣散了吧,王梓蘅,國語,,49982,,3,
就這樣散了吧,王梓蘅,華語,570,,,61,
就這樣約定,鄧麗君,國語,,9,,3,
尷尬,胡彥斌,國語,,0,,9,
尸口口簡單單,鄭進一澎惀恰,台語,,784,,6,
"尸尸,覀",鄧福如,國語,,57471,,2,
尺亮就走伊,琳,國語,,855,,2,
尺長地久,曾曉萍,國語,,794,,2,
尺長地久,林子祥葉蓓文,國語,,7,,2,
尼可拉斯,陳珊妮,國語,546,,,61,
尾班火車,王識賢,台語,83,564,,65; 65; 65; 6,
尾班車,吳申梅,台語,,6,,5,
尾班車,周傳雄,台語,,573,,5,
尾班車,林柔均&,台語,,8,,5,
尾班高鐵,,台語,96,,,,
尾班高鐵,李明洋,台語,,6,,8,
尾聲,,華語,65,,,,
局外者,游鴻明,國語,71,,,,
局外者,游鸿明,國語,,5,,2,
局限,,華語,6866,,,,
屋頂,吳宗憲,國語,,967,,2,
屋頂,吳宗憲/溫嵐,國語,502,,,39,
屋頂著火,,華語,,,,98,
屌,麻吉,國語,5939,,,,
展出笑容,唐飛 特魯多,台語,563,,,63,
展翅飛翔,許雅捷,國語,660,,,64,
展開笑容,唐飛,台語,,492,,6,
屘仔囝,陳夏蓮,台語,,439,,8,
"層層相思,",吳秀珠,國語,,854,,3,
屬於,梁靜茹,國語,,566,,2,
屬於你和我之間的事,吳建豪,國語,,0,,9,
屬於我,小龍女,國語,,1,,2,
山下戀情,,客語,2,,,51,
山亠愛,陳玉建,國語,,970,,2,
山伯英台,詹雅雯,台語,,574,,5,
山前山後百花閥,姚蘇蓉,國語,,588,,3,
山在虚無縹緲間,蔡幸娟,國語,,3,,3,
山地人,溫梅桂,國語,,545,,2,
山地情歌,夏國星,國語,,681,,2,
山地痴忙夢,春妹,國語,,9,,3,
山地花,蘇錦煌,國語,,485,,2,
山地花之戀,石白,台語,,952,,8,
山地門姑娘,溫梅桂,國語,,7,,3,
山尒化,鄧麗君,國語,,9,,2,
山山地地情忙歌,温梅桂,國語,,765,,2,
山山来曼波皮,鄧麗君,國語,,557,,2,
山山来曼皮波,,國語,,6,,2,
山山林林之之歌歌,北原山,國語,,3,,2,
山山風風亻情屵,夏國興林玉英,國語,,448,,2,
山林之歌,北原山貓,國語,585,,,61,
山林的呼喚,北原山,國語,,4,,3,
山棧亻,蔡振南,台語,,482,,5,
山楂樹之戀,,華語,63,,,,
山歌,費玉清,國語,,550,,2,
山歌唱來鬧連連,,客語,4,,,51,
山歌子伴奏音樂,,客語,4,,,51,
山歌戀情 特魯多 ◆ 彭鈺雯,,客語,,,,39,
山河圖,,華語,,,,,
山河詩舊 抒情搖滾 ★ 殘雪,,華語,6886,,,,
山珍海味,徐亨,台語,,765,,5,
山盟伴海誓,,台語,,,,,
山盟歹勢,林嬌,台語,,44582,,5,
山盟海誓,蔡小虎,台語,,3,,5,
山盟海誓什路,王瑞霞,台語,,566,,7,
山盟海誓算啥米,,客語,78,,,,
山苶花家園,,國語,,3,,3,
山茶亻,黃思婷,台語,,57850,,5,
山裡的小野菊,,國語,,496,,9,
山谷,夏國星林玉英,國語,,773,,2,
山谷中的燈火,潘安邦,國語,,767,,3,
山谷裡的攻瑰,潘安邦,國語,,558,,3,
山間窩壢會出泉,,客語,3,,,51,
山頂的有情人,喬幼,台語,,877,,8,
山頂的黑狗兄,,台語,,2,,7,
山頂鋸柴夫,洪榮宏,台語,,057,,6,
山頂黒狗兄,庚澄慶唱日,台語,,98673,,8,
屵夢夢西,孫淑媚,台語,,398,,6,
岳飛的滿江紅,,台語,,,,45,
岷江夜曲,蔡幸娟,國語,,3,,2,
岸,秀蘭瑪,台語,,493,,5,
峇里島,潘秀瓊,國語,,858,,2,
島嶼天光,滅火器,台語,,9,,6,
崇拜,梁靜茹,國語,,566,,2,
崢一隻眼閉一隻眼,蔡依林,國語,,2,,3,
崩天裂地,荒山亮,台語,,445,,6,
崩潰,杜歌,國語,,871,,9,
嶷忙的男兒澎,渺恰恰,台語,,4,,7,
嶷情台西港,唐飛,台語,,4,,7,
嶷情女紅妝,洪百慧,台語,,381,,7,
嶷情孤戀花,洪百慧,台語,,8,,7,
嶷情政瑰花,UnderLover&,台語,,750,,7,
嶼你,,華語,63,,,,
州州（DJ阿卓版）,,華語,6765,,,,
巟星來作伴葉,丿欽,台語,,6,,6,
巟星我問珎沈,文程,台語,,2,,6,
巟星的戀歌黄,千芸,台語,,771,,6,
巟星蝴垰夢曽姍,朝松姍,台語,,966,,6,
巟求夢,黃瑞琪,台語,,000,,5,
巟浪不是你的名,,台語,,441,,7,
巟浪不是阮的命蔡,小虎,台語,,7,,7,
巠煙,,國語,,3,,2,
巠風,龍千玉,台語,,44667,,5,
巠鬆,黑色餅,國語,,3,,2,
工匕歹,上明,台語,,447,,5,
工毯,曾慶瑜,Unknown,,69,,2,
工色,張學友,Unknown,,9,,2,
工花,洪瑋,Unknown,,2,,2,
工豆,王菲,Unknown,,0,,2,
工豆昜,詹雅雯,台語,,9,,8,
工雨,孟庭葦李翊君,Unknown,,3,,2,
工顏多蒋命西,卿,台語,,0,,6,
工顏燒酒命張,秀卿,台語,,44483,,6,
左上角的心跳,范珒哄,國語,,464,,1,
左右,冷顯達,國語,,49595,,2,
左手情右手愛,詹曼鈴,台語,,5,,7,
左眼皮跳跳,小文,華語,576,,,61,
左耳,劉虹嬅,國語,,5,,2,
左耳進右耳出,,華語,68,,,,
左臭右邊,蕭煌奇,國語,,566,,2,
左邊,楊丞琳,國語,39,,,,
巧WatchMeShin,S.H.ㄦE,國語,,5,,2,
巧冰冷的開始,姜育恆,國語,,3,,3,
巧合,鳳飛飛,國語,,9,,2,
巧天使忌舮的生,曹格,國語,,562,,3,
巧相遇太早,蘇永康,國語,,4,,2,
巨蟹座,,華語,65,,,39,
巫山月,,華語,6968,,,,
差一個字的朋友,,華語,6390,,,,
差一步,,國語,,5,,1,
差一步,大壯,華語,576,,,65,
差一步距離,弦子,國語,,889,,9,
差一點,莊心妍,國語,,9,,9,
差撤子,蘇慧倫,國語,,544,,2,
差點(吉他男聲版),,華語,6687,,,,
己已經淡火心亡,畫天,國語,,456,,2,
己得愛,阿李玖哲,國語,,564,,2,
己念,曾淑勤,Unknown,,9,,2,
己念品,曾心梅,台語,,759,,5,
己經嘸治彼,林秋鳳,台語,,951,,8,
己經無愛,曾心梅,台語,,760,,5,
己經習貫,葉敕田,台語,,76448,,5,
己經視同陌路,黎亞,國語,,49558,,3,
己經過去,劉依純,台語,,76571,,5,
己讀不回,董育君,台語,,2,,5,
己輕受傷,邵大倫,台語,,560,,5,
已是曾經,,華語,6841,,,38,
已經嘸治彼,,台語,00,,,51,
已經回不去了(DJAh版),,華語,6444,,,,
已經無所謂,沈芳如,國語,,447,,3,
已經無置彼,沈建豪,台語,56683,5,,61; 61; 6; 61,
已經過去,劉依純,台語,557,,,94,
已讀不回,,台語,91,,,55,
巳險地帶,M3,國語,,556,,2,
巳險天使,陳崴(EVON&,國語,,4,,2,
巴兩個啊乎我清醒,黃妃,台語,,598,,8,
巷邊忙歌,邱蘭芬,台語,,8,,6,
巷邊惜別,文夏,台語,,2,,6,
巽擇失憶,霖,Unknown,,8,,1,
市擱乎我痛,香香,台語,,54762,,6,
市擱欺騙我,柯盛寶,台語,,54487,,6,
布拉格廣場,蔡依林,國語,5,,,39,
"布穀,",夏丹,國語,,689,,2,
布衣蕭蕭,,華語,6789,,,,
布袋港之戀,林靖恩,台語,955,,,63,
布魯斯的暗暝,白冰冰,台語,,4,,7,
帆,許富凱,台語,,57400,,5,
帆,許富凱/曹雅雯,台語,556,,,50; 50; 50; 52,
帆搖海岸,上明,台語,56582,2,,66; 66; 6; 66,
希望,,台語,,,,96,
希望,楊小萍,國語,,0,,9,
希望,王傑,國語,,8,,2,
希望,蘇永康,國語,,983,,2,
希望,詹曼鈴,台語,,2,,61; 61; 61; 8; 8,
希望之鴿,趙詠華,國語,,9,,2,
希望你了解,劉依純,台語,550,,,84,
希望你作伴,阿吉仔,台語,6673,98683,,; ; ; 8; 8,
希望你愛瞭解郭,桂彬,台語,,486,,7,
希望你會懂,張震嶽,國語,,661,,3,
希望你會懂,蘇慧倫/張震嶽,國語,72,,,,
希望你答應 梭 陳四皆,,台語,96,,,,
希望再相逢,李明洋,台語,,556,,6,
希望在明天,蔡幸妫,國語,,547,,3,
希望在眷天,林姍,台語,,4,,6,
希望惦你身邊,林子娟,台語,56754,,,62,
希望成空,方琪,台語,,494,,6,
希望有一天,,國語,,3,,3,
希望有你作伴余,天,台語,,496,,7,
希望的光,,台語,65,,,38,
希望的光,,華語,6387,,,,
希望的力量,慕容婕鈴,國語,5,,,63,
希望的力量,慕容睫,國語,,462,,9,
希望的所在,詹曼鈴,台語,6674,,,00,
希望的火 李思軒 ◆,,台語,48,,,96,
希望的種子,楊培安,國語,,48395,,3,
希望達成,蕭蔓萱,台語,,657,,6,
希臘咒語,徐若瑄,國語,562,,,40,
帛雨中情林涵,雨,台語,,548,,7,
帝女花,季翊君,國語,,5,,2,
帥到分手,周湯豪,國語,,9,,9,
帶不走,,華語,6853,,,,
帶你去旅行,校長,華語,57581,,,64,
帶你回家,TZ/Panay,國語,,,,61,
帶刺的玫瑰,海洋,華語,572,,,61,
帶妳去玩,王識賢,台語,,48876,,6,
帶子郎,郭桂彬,台語,,2,,5,
帶你去旅行,可澤,國語,,93859,,1,
帶你去旅行,校長,國語,,752,,1,
帶我去月球張,雨生,國語,,8,,3,
帶我去遠方,蔡佳瑩,國語,,465,,9,
帶我去飛,呂雯,國語,,684,,2,
帶我去飛呀,郭嘉璐,國語,59,,,,
帶我走,楊丞琳,國語,,566,,2,
帶我飛,林志玲,國語,,684,,2,
帶抹走的行李,辦棠二人姐,台語,,961,,7,
帶著初心去流浪,,台語,,,,,
帶著夢想去旅行,莊心妍,華語,,,,61,
帶走了我的心,姚蘇旅,國語,,9,,3,
帶阮行入夢,張秀卿,台語,,4,,6,
常山趙子龍,,台語,,,,56,
幕後英雄,洪榮宏,台語,76,,,,
幫幫忙,國光幫,國語,5,,,,
平'凡之路,朴樹,國語,,496,,2,
平'凡尚幸福,詹曼鈴,台語,,767,,6,
平'凡甲平安,曽心梅,台語,,570,,6,
平'安就是福,七郎,台語,,575,,6,
平ㄠ,,台語,,3,,5,
平凡,慕容婕,台語,,759,,8,
平凡夢,,台語,56,,,,
平凡尚幸福,詹曼鈴,台語,561,,,68,
平凡就是福,林玉英,國語,,2,,3,
平凡是偉大的開始,林美惠,台語,,692,,7,
平凡的心碎 詩雨 ○ 代表【midi無人聲】 ★ 代表【原聲 或 原聲原影】 適用機型：S-,● 代表【midi+人聲伴唱】 利用人如欲使用本產品於「公開場所」使用，請逕洽集管團體或著 ◆ 代表【midi+原聲伴唱】 作財產權人取得「公播授權」後，始得合法使用 1 上述符號為【歌曲類型】依機型及功能而有所不同 BD/IMSBP系列/N系列/N2系列 發行日期 /,國語,,,,97,
平凡的愛,許聰富,台語,,5,,8,
平凡的日子十値錢,韓寶儀,台語,,9,,7,
平凡的約定,林淑真,台語,,44748,,6,
平凡相依,丁噹,國語,,482,,2,
平凡英雄,陳志雄,台語,00,,,69,
平凡英雄,陳雷,台語,,8,,6,
平安夜,,國語,,1,,2,
平安夜,蔡琴,國語,,5,,2,
平安就是福,七郎,台語,567,,,62,
平安是幸福,,華語,,,,96,
平安燈 中板靈魂樂 詹曼鈴,,台語,,,,49,
平安璽,璽恩,國語,5,8,,99; 99; 99; 2,
平安的祝福,,台語,,,,97,
平常心,張惠妹,國語,5892,,,,
平平仄仄仄平平,錢幽蘭,國語,5,6,,79; 79; 79; 3,
平平淡淡,尤雅,國語,,7,,9,
平戀廖,麗娜,台語,,888,,5,
平板伴奏音樂,,客語,4,,,51,
平行線,JS,國語,579,,,85,
平衡的人生,毛泓豔,華語,577,,,61,
平行線,徐紫淇 勃露斯,客語,0,,,61,
年久月深,江蕙,台語,63,2,,; ; ; 6,
年少少時代代,,國語,,739,,2,
年的小巷,宇兒,華語,87,,,61,
年華,荒山亮,台語,,3,,8,
年輕輕時代代,鄭智化,國語,,391,,2,
年輪,張碧晨,國語,,8,,9,
年輪說,楊丞琳,國語,,9,,9,
幵拜,范珒琪,國語,,8,,2,
幵託你,俞隆華,台語,,0,,5,
并出人生第艹一名,超級好幸福,Unknown,,6,,8,
幸子,,台語,,2,,5,
幸猫尢是,劉若英,國語,,579,,2,
幸畄在宣裡里,姚蘇蓉,台語,,0,,6,
幸畐,黃千芸vs&gk歐星,台語,,788,,5,
幸畐不滅,,國語,,56781,,2,
幸畐南國,施文彬,台語,,984,,8,
幸畐就在你眼前,夏國興林玉英,國語,,464,,3,
幸畐抹等人,馮偉傑,台語,,2,,8,
幸畐是竡的名字,淑慎,台語,,47657,,8,
幸畐滋味,甲子慧,台語,,442,,6,
幸畐的大門,張蓉蓉,台語,,595,,8,
幸畐的戀歌,賴宜家,台語,,784,,8,
幸畐的期待,林良歡,台語,,77543,,8,
幸畐的條件,社忻恬邦祐,台語,,3,,8,
幸畐第一名,秦方,台語,,386,,6,
幸畐花,龍千玉,台語,,5,,5,
幸畠畐之戀,龍千玉,台語,,57686,,6,
幸礻畐氵又多i,林喬安,台語,,6,,8,
幸福,彭立,台語,55745,567,,5; 61; 61; 61,
幸福,方皓玟,國語,541,,,77,
幸福,李玟萱 特魯多,台語,7,,,65,
幸福,甲子慧,台語,1,,,65,
幸福,蔡小虎千玉,台語,,57643,,5,
幸福不免甲人比,劉家榮,台語,560,,,00,
幸福不是情歌,劉若英,國語,,57793,,3,
幸福乾杯,陳百潭鳳娘,台語,,58860,,8,
幸福亠眷路,潘佩莉&艹山,台語,,95470,,6,
幸福交乎阮,王俊清 搖滾,台語,6,,,67,
幸福人生,江蕙,台語,65,4,,; ; ; 6,
幸福人生,美選 吉力巴,台語,1,,,66,
幸福人生,陳正勝,台語,,545,,6,
幸福人生甲治找 特魯多 ◆ 張芸綺,,華語,52,,,,
幸福伴一生,郭淑慧 慢迪斯可,台語,7,,,64,
幸福伴相隨,劉曲紋,台語,967,,,63,
幸福作伴,,華語,,,,,
幸福作伴,邱賢桂,台語,,595,,8,
幸福作陣行 梭 張峯子,,台語,,,,50,
"幸福來,了",謝莉婷,台語,,46994,,8,
幸福來了,光江,國語,,0,,2,
幸福來敲門,林彩鳯,國語,394,,,69,
幸福來相偎,,華語,49,,,,
幸福全世界 Country 歌曲 ◆ 寒雲,,台語,,,,,
幸福到永遠,,台語,78,,,,
幸福加冕,,華語,6746,,,,
幸福千萬年,鄒兆邦&,台語,,984,,6,
幸福千萬年 House 廖鳳英,,華語,,,,,
幸福向前行 吉力巴 ◆ 張純玉,,華語,64,,,,
幸福咱二人,金龍/鄭家涵,台語,556,,,61,
幸福啥人袂愛,蔡小虎,台語,,3,,7,
幸福在這里,丁於vs,台語,,495,,6,
幸福夢成雙,劉誼伶,台語,,,,61,
幸福太昂貴,雨宗林,華語,,,,61,
幸福太短,A-Lin,國語,,9,,9,
幸福安農溪,阿吉仔,台語,5,,,66,
幸福就在你心田,莊湘慈 特魯多,國語,575,,,61,
幸福就在你心窩,李雅芳,國語,,864,,9,
幸福就是咱的名,加來/秀珠,台語,0,,,66,
幸福就是阮名字,湯秋蓉 吉力巴,台語,2,,,68,
幸福尾班車,,國語,,,,94,
幸福快樂一世,林明堂,台語,,544,,7,
幸福快樂一世人,林明堂/美美,台語,561,,,61,
幸福怎樣寫,林惜,台語,3,,,66,
幸福情歌,王彭,台語,,471,,6,
幸福情緣,,台語,,,,96,
幸福惦手中,黃明洲,台語,55686,,,61,
幸福感,張可兒,國語,,469,,9,
幸福戀人,,華語,61,,,,
幸福戀歌,蕭萬火,台語,3,,,66,
幸福我甲你,廖珮均,台語,9,,,60,
幸福我甲妳,水生 吉力巴,台語,2,,,66,
幸福手中過,袁小迪/楊依庭,國語,501,,,,
幸福攏治這,賴金鳳 特魯多,台語,579,,,63,
幸福攬條條,思嘉,台語,580,,,60,
幸福支票,鄭進一,台語,,578,,6,
幸福是咱的 沈梅子 ◆,,華語,,,,93,
幸福是咱的名,李明洋邱芸子,台語,,5,,7,
幸福有我就有你,,華語,55,,,,
幸福歌聲,羅時豐乖秀卿,台語,,599,,6,
幸福每一天,林陳花,台語,5,,,64,
幸福毛園,,國語,,380,,2,
幸福永遠在身邊,陳淑樺,國語,,8,,3,
幸福治叨位,,台語,,4,,6,
幸福治彼,姚裕豐 特魯多,台語,,,,61,
幸福流沙,,台語,,,,47,
幸福滋味,甲子慧,台語,56786,,,62,
幸福滿心田,謝金珍,國語,3,,,66,
幸福滿滿,,台語,,,,,
幸福滿載,,台語,,,,,
幸福滿載,楊欣樺&,台語,,8,,8,
幸福為你留 華爾滋 ◆ 蕭麒財,,台語,,,,,
幸福無問題,李秀蘭 特魯多,台語,6681,,,,
幸福無問題,楊秀琴 吉力巴,台語,974,,,63,
幸福無地比,林淑姮 吉力巴,台語,576,,,60,
幸福無底比,張峯子,台語,0,,,66,
幸福無關,畢書盡,國語,,484,,2,
幸福特調,羅志祥秀智,國語,,786,,9,
幸福用心寫 吳進福/紀露 ◆,,華語,42,,,93,
幸福甲己我,黄秀美,台語,,59768,,8,
幸福甲己找,黃秀美 特魯多,台語,3,,,66,
幸福畐一秒吧,許茹芸,國語,,861,,9,
幸福畐乾杯,陳百潭,台語,,43851,,8,
幸福畐的小路,鄭君威,台語,,577,,6,
幸福畐的等待,翁立友,台語,,46889,,8,
幸福畐的邀請主,羅文聰,台語,,899,,6,
幸福畐的鎖匙,蔡小虎,台語,,445,,6,
幸福畐糖手中,,台語,,973,,6,
幸福畐花兒開,,國語,,481,,1,
幸福畐送乎'珎,蔡小虎,台語,,3,,6,
幸福畐電影,葉瞹菱,台語,,978,,6,
幸福的一家人 梭 ○ 代表【midi無人聲】 ★ 代表【原聲 或 原聲原影】 適用機型：S-(BD/IMSBP系列/N系列/N2系列/W系列),● 代表【midi+人聲伴唱】 利用人如欲使用本產品於「公開場所」使用，請逕洽集管團體或著 ◆ 代表【midi+原聲伴唱】 作財產權人取得「公播授權」後，始得合法使用 1 上述符號為【歌曲類型】依機型及功能而有所不同 發行日期 /,華語,,,,,
幸福的一蜚,方怡萍,台語,,4,,6,
幸福的人,李秀碧 慢迪斯可,台語,0,,,64,
幸福的人就是妳,蕭承祥 慢迪斯可,台語,3,,,64,
幸福的人生,,台語,57,3,,; ; ; 6,
幸福的代價,,華語,,,,,
幸福的代價,惠文,台語,5,,,64,
幸福的保證,周渝民,國語,544,,,78,
幸福的傻瓜,,華語,6745,,,,
幸福的兩口子,龐龍,華語,574,,,61,
幸福的勇氣,蕭玉芬,台語,,96553,,6,
幸福的可能,丁嚆,國語,,7,,3,
幸福的地圖,陳文綺,台語,565,,,61,
幸福的天,喬幼陳,台語,,44853,,6,
幸福的小巷,鄭寬助,台語,,4,,8,
幸福的小巷,鄭寬助/江枋稘,台語,9,,,68,
幸福的小站,江蕙,台語,66,964,,; ; ; 6,
幸福的尾聲,安琪,台語,55447,,,96,
幸福的忘記,孫耀威,國語,,8,,3,
幸福的恰恰,靜芬,台語,566,,,61,
幸福的愛,,台語,,,,00,
幸福的感覺,,客語,90,,,55,
幸福的感覺,王玲華,國語,569,,,64,
幸福的戀,顏月娥,台語,,543,,6,
幸福的戀情,張月女,台語,8,,,65,
幸福的戀歌,余祥榮/黃馨慧,台語,571,,,,
幸福的戀歌,賴宜家,台語,971,,,63,
幸福的手機聲,閃亮三,台語,,450,,8,
幸福的日子,洪秀緞,台語,564,544,,61; 61; 6; 61,
幸福的明天,陸杰裡,國語,7,,,69,
幸福的春天,,台語,94,,,,
幸福的暗暝,佳米,台語,0,,,64,
幸福的期待,,台語,,,,97,
幸福的未來,,華語,92,,,,
幸福的未來,蕭承祥/方阡翊 特魯多,台語,2,,,64,
幸福的歌聲 劉香香 ◆,,華語,,,,93,
幸福的歌詩,鄭麗華 吉力巴,台語,570,,,,
幸福的氣味,蕭煌奇,國語,539,,,82,
幸福的泉源,孫桂香 特魯多,台語,,,,61,
幸福的滋味,黃妃,台語,55455,,,96,
幸福的瞬間,許紹洋,國語,54,,,,
幸福的笑容,安妮 吉力巴,台語,568,,,63,
幸福的第一名,,台語,,886,,7,
幸福的第一名,蕭澤倫,台語,,94566,,7,
幸福的糖仔,,華語,43,,,,
幸福的約定,李緞,台語,,54770,,6,
幸福的約定,黃李緞,台語,567,,,,
幸福的美夢,王淑靜,台語,7,,,64,
幸福的群英,謝旻茜,台語,,958,,8,
幸福的臉,邱淑貞,國語,,466,,9,
幸福的花蕊,劉玉英 特魯多,台語,3,,,66,
幸福的花蕊,李虹諺,台語,956,,,63,
幸福的花香,陳怡婷,台語,,439,,8,
幸福的路,,台語,,,,41,
幸福的通知,黃妃,台語,6953,,,,
幸福的酒杯,曾朝松,台語,1,,,64,
幸福的開始,,台語,51,,,,
幸福的開始,,華語,70,,,; ; ; ,
幸福的體會 梭 郭彥谷,,華語,94,,,,
幸福真簡單,佳米,台語,573,,,63,
幸福福我我問問妳妳,陳夏蓮,台語,,43892,,8,
幸福福的的開開始始,張秀卿,台語,,58859,,8,
幸福等佇這,,台語,,2,,8,
幸福美夢,沈建豪,台語,568,0,,61; 61; 6; 61,
幸福美滿,邱秀嬌,台語,,544,,6,
幸福美滿,邱秀嬌 吉力巴,台語,572,,,61,
幸福背匕後,王心,國語,,6,,2,
幸福與你我同在,,華語,6565,,,,
幸福花蕊,邰心,台語,9,,,60,
幸福萬萬年,劉依純,台語,558,565,,84; 84; 84; 6,
幸福萬萬年 慢迪斯可 洪少凱,,華語,52,,,,
幸福著是咱的名,霈溱,台語,9,,,69,
幸福藍圖,陳淑萍,國語,584,,,68,
幸福裝滿滿,陳麗萍,台語,,494,,6,
幸福要把握,劉曲紋 特魯多,台語,,,,61,
幸福要把握,林靖恩,國語,1,,,68,
幸福調味,卓文萱,國語,48,776,,; ; ; 2,
幸福跟我行,小薇,台語,389,,,69,
幸福路,唐儷,台語,,972,,5,
幸福路上,傅振輝甲子慧,台語,,0,,8,
幸福車站,,台語,,780,,8,
幸福車站,尤君 慢迪斯可,台語,0,,,65,
幸福車站,歐得洋,國語,582,,,81,
幸福這遙袁,向蕙玲,台語,,764,,6,
幸福過,李翊君,國語,5,,,47,
幸福過一生,,台語,,6,,6,
幸福過一生,方順吉,台語,55984,,,61,
幸福過一生,高峰,台語,561,,,61,
幸福過日子 恰恰 ◆ 昉蔝,,華語,65,,,,
幸福酒,,華語,,,,,
幸福酒,一綾李明洋,台語,,974,,8,
幸福酒杯,郭美青,台語,574,,,63,
幸福阿,曹雅変,台語,,2,,8,
幸福雙雙飛 特魯多 歌曲 張愛蔆 ◆,,華語,39,,,,
幸福青春港 特魯多 洪耀池,,台語,,,,44,
幸福靠自己,,台語,82,,,,
幸福．唯一的愛,詩雨/明輝,台語,55864,,,00,
幸福．唯一的愛,詩雨/鄭飛,客語,577,,,00,
幸禹出口,,國語,,562,,2,
幸禹同彳,陳盈潔,國語,,8,,2,
幸禹畐日光,章小軍,國語,,557,,2,
幸運星,,台語,,,,42,
幸運有你,白小白,華語,,,,61,
幹了再說 梭 珊珊,,華語,65,,,,
幹嘛,劉虹嬅,國語,,3,,2,
幺幺み亻匕,曽雅晴,台語,,492,,5,
幻影,,華語,64,,,,
幻星島,,華語,6542,,,,
幻滅,棠星琪,國語,549,,,61,
幽州禦龍歎,,華語,6756,,,,
幽幽的心戀,詩雨,國語,5,,,00,
幽怨的忙懷,陳攻綺,國語,,9,,3,
幾兩,林龍,台語,,46582,,8,
幾分之幾,廬廣仲,Unknown,,46467,,1,
幾多愁,鄧麗君,國語,,59745,,1,
幾幾多多深深情情幾幾多多,葉歡,國語,,2,,3,
幾度匕浴時,鄧麗君,國語,,1,,3,
幾度又幾度,高勝美,國語,,3,,3,
幾度夕陽紅,潘越雲,國語,,0,,3,
幾時再回頭,傀賓,國語,,7,,3,
幾時再相逢,王芷蕾,國語,,467,,9,
幾會,江志豐,國語,,4,,2,
幾會擱一擺,余天,台語,,948,,7,
幾朝風雨,黄鷽鷽,國語,,993,,2,
庄腳,吳淑敏,台語,550,487,,83; 83; 83; 5,
庄腳人無卡輸,郭金發,台語,,444,,7,
庄腳俗,陳思安,台語,,763,,5,
庇佑的心,方怡萍,台語,,472,,8,
床邊故事,周杰倫,國語,,854,,9,
床頭夢,莊振凱,台語,,590,,8,
床頭鏡,,台語,,,,94,
底片,詹雅雯,台語,,694,,5; 5; 8,
底牌,許富凱,台語,,44541,,5,
底限,柯以敏,國語,,2,,2,
度假,,台語,,,,,
度過外多寂寞黃昏,成威,台語,,76400,,7,
庭院深深,江淑娜,國語,,3,,2,
庯快的歌,姜育恆,國語,,3,,2,
康定情緣 鳳凰傳奇 歌曲 ◆,,台語,,,,95,
庸人自擾,,國語,6438,,,38,
庸人自擾,,華語,,,,,
庸人自擾,小虎隊,國語,,0,,2,
庸人自擾 House 伊格賽聽. 王藝昊,,華語,67,,,38,
廈門七逃子,七郎,台語,83,,,65,
廉價的眼淚珍貴 於洋 的感情,,華語,69,,,,
廝殺,張嘉洵,國語,,854,,2,
廟口,久登,台語,3,6,,60; 60; 60; 8; 8,
廟埕,,台語,,,,94,
廟會,七郎,台語,83,5,,65; 65; 65; 5,
廟會,豪記之星,台語,,4,,5,
廢五金,廢五金,國語,,4,,2,
廣島之戀,張洪量莫文蔚,國語,,5,,3,
廣州大道,東方駿,國語,,767,,3,
廣来花,陳小雲,台語,,8,,5,
廬山之戀,石元彬蔡宜菶,台語,,490,,6,
廴去的戀夢石,琇惠,台語,,0,,6,
廵有什麼用,劉嘉亮,國語,,56463,,3,
廵過的天空,蘇慧倫,國語,,7,,3,
延,許美靜,國語,,6,,2,
建誠的純情曲,陳建誠,台語,,951,,7,
异日子,秀蘭瑪,台語,,0,,5,
弄虛作假,,國語,,2,,1,
弄虛作假,莊心妍,華語,576,,,65,
弄龍弄師,高雅如,台語,,9,,6,
式圖生日快樂,柬來柬,國語,,49746,,3,
弞唱人生,蘇畇澐,台語,,544,,6,
弞声人丿,黃乙玲,台語,,9,,6,
弞星生涯,俞隆華,台語,,5,,6,
弟五秊,張韶涵,國語,,686,,2,
弟弟乖,小龍女,國語,,2,,2,
你一定要幸福,何潔,國語,,681,,3,
你一言我一語,李他,國語,,467,,1,
你不是我的對手,王瑞霞,台語,,492,,7,
你不會了解,謝霆蜂,國語,,6,,3,
你不知道的事,王力宏,國語,,577,,3,
你乎我成動的毎一天,王中平彳芷頑,台語,,453,,7,
你像花兒一樣,宋照,國語,,6,,1,
你刀臭是日天,江美琪,國語,,9,,3,
你叫什麼名字,滔安邦,國語,,9,,3,
你在煩惱什麼,蘇打碌,國語,,57640,,3,
你對我無鉤意思,陳豪,台語,,592,,8,
"你己不像你,",林隆玻,國語,,3,,3,
你幸福你快宍,姜玉腸,國語,,49951,,3,
"你幸福阮就快樂,",孫淑媚,台語,,460,,7,
你我的小秘密,。陳淑樺,國語,,871,,3,
你把我逼瘋,高歌,國語,,684,,3,
你是否會想起,高進,國語,,7,,9,
你是否記得我,蔡榮祖,國語,,7,,3,
你是否選記得,李碧華,國語,,554,,3,
你是你我是我,王傑,國語,,6,,3,
你是我一生的創傷,郭健一,台語,,978,,8,
你是我今生的依,;,國語,,59382,,1,
你是我心中不肥,説出,國語,,450,,3,
你是我心中最想,離開,國語,,380,,3,
你是我戸愛的人邱對,蘭芬,台語,,44883,,7,
你是我所愛的人,鄭ihvs姍倍,台語,,4,,7,
你是我的OK繃,浪花兄,國語,,3,,3,
你是我的夢,張星唯蔡義徳,台語,,3,,8,
你是春日風,紫薇,國語,,546,,3,
你是筆一,五月夭,國語,,8,,9,
你曽説交我,台小台,國語,,877,,1,
你會在哪旡,蕭敬騰,國語,,654,,1,
你有沒有一個叫做,寂寞,國語,,5,,3,
你有沒有像我一樣,徐夢玲,國語,,3,,1,
你比從前快樂,矢憲,國語,,969,,3,
你無愛的我的真心舸,彭莉,台語,,0,,7,
你牛什麼牛,唐古,國語,,9,,9,
你環睘是是亂亂說説劉,劉偉仁,國語,,4,,3,
你的影子,鍾鎖濤,國語,,58854,,9,
你的心別人的,丁香,台語,,46384,,8,
你的愁我的夢,林志炫,國語,,7,,3,
你的愛情像閃,一龍梅子,國語,,1,,9,
你的愛無我的刀,許志豪,台語,,57457,,7,
你的愛給了誰,易欣,國語,,49854,,3,
你的良心治叨位,田路路,台語,,7,,7,
你眼裡只有他,張煜楓,國語,,648,,1,
你知道我愛你,邱澤,國語,,0,,3,
你知道我知道,林慧萍,國語,,6,,3,
你自袂孤單,楊金進卑幸找,台語,,2,,8,
你若不在我身邊,甄妮,國語,,739,,1,
你離開他了嗎,朝沛,國語,,468,,1,
弦月彎彎,,華語,6744,,,,
弱者不是阮的,洪百慧,台語,,452,,7,
弱點,邵正宵,國語,,3,,2,
張三的歌,李壽全,國語,,839,,2,
張愛玲,,國語,,793,,2,
強求,夏筱晴,國語,,550,,2,
強求,李佳薇,國語,,4,,2,
強求的愛,林子妫,台語,,072,,6,
強求的愛,林子娟,台語,564,,,61,
強求的愛,郭健一,台語,556,498,,61; 61; 6; 61,
彈吉他的人人,郭金發,台語,,561,,7,
彈唱詞,羅大佑,國語,550,,,45,
彈痕,薛岳,國語,,9,,2,
彌渡山歌,原野三,國語,,554,,3,
彌補,,台語,,,,,
彌補,吳倩蓮,國語,,3,,2,
彌補,慶峰,台語,569,46767,,67; 67; 67; 8; 8,
彌補,林子娟,台語,85,765,,71; 71; 71; 5,
彌陀的心聲,,台語,,441,,7,
彡一日,孫露,國語,,468,,2,
彡一日,林良樂,國語,,492,,2,
彡早,朱海君,台語,,97648,,5,
形離影,唐銘良,台語,,6,,5,
彩色人生,,國語,00,,,94,
彩色人生,詹雅雯,台語,,565,,6,
彩色人生,高麗華,台語,,540,,6,
彩色的人生,陳重光陳秀玲,台語,,792,,8,
彩色的眷天,吳俊宏,台語,,574,,6,
彩色的風吹,于台煙,台語,560,5,,61; 61; 6; 61,
彩色西門町,任賢齊,台語,557,,,84,
彩虹,余天,國語,,4,,2,
彩虹,吳筱靖,國語,,454,,2,
彩虹,周杰倫,國語,,564,,2,
彩虹,方婉真,台語,,796,,5,
彩虹,梁靜茹,國語,95,,,,
彩虹,阿密特,國語,,400,,2,
彩虹情,黃乙玲,台語,,43971,,8,
彩虹曲,周璇,國語,,9,,2,
彩虹橋,陳美伶,台語,9,549,,5; 65; 65; 65,
彩虹風,,華語,6792,,,,
彩蝆,黃思婷,台語,,44651,,5,
彩雲片片,,國語,,1,,2,
彩雲飛,鄧麗君,國語,,9,,2,
彩雲飛,陳百潭,台語,,452,,5,
彩霞亻一我等著他,老歌,國語,,9,,3,
彩霞重重,陳盈潔,國語,,960,,2,
彪悍人生,,台語,,,,,
彭心菜一,邱淑君,台語,,97576,,8,
影子,,台語,55,,,,
影子,,華語,60,,,,
影子,江志豐,國語,,389,,2,
影子,誓言,國語,,3,,2,
影子情人,秀蘭瑪,國語,,462,,3,
影子情人,賴雅妍,國語,67,,,,
影子說,,華語,6391,,,,
影慕,,台語,,4,,5,
影舞者,蔡依林,國語,,1,,2,
彳舸救救我,陳小春,國語,,2,,3,
彴會弋所在林,鈺茹,台語,,574,,6,
彺風,系耀威,國語,,938,,2,
彼一暝,,台語,,443,,5,
彼一暝,素卿 特魯多,台語,581,,,63,
彼個姑娘,蔡名智,台語,,445,,6,
彼個小姐,蘇錦煌,台語,56772,4,,62; 62; 6; 62,
彼個小姑娘,文夏,台語,,0,,6,
彼勒你愛的人,安琪,台語,559,,,00,
彼卡皮箱,謝銘祐,台語,,0,,8,
彼呢可,洪榮宏,台語,,588,,5,
彼呢愛你,江蕙,台語,76,,,48,
彼呢的不甘,周雅芳,台語,67,,,00,
彼呪愛你,江蕙,台語,,961,,6,
彼岸花,,華語,,,,,
彼岸花,阿輪,台語,,48873,,5,
彼時,許富凱,台語,,59689,,8,
彼暝的咒詛,鄭君威,台語,,499,,6,
彼此原諒,李菓,國語,,,,61,
彼段感情了後,曹雅雯,台語,,4,,8,
彼眠紅的花,江惠儀,台語,,4,,6,
彼瞑殘夢,,台語,00,,,97,
往上爬,羅百吉,國語,5,,,69,
往事,,台語,,,,,
往事,姚蘇蓉,國語,,0,,9,
往事,李明洋,台語,,46777,,8,
往事,林正新,台語,,49446,,5,
往事,黃乙玲,台語,69,,,,
往事不堪回首,楊小萍,國語,,460,,3,
往事如煙,鳳飛飛,國語,,93,,2,
往事就是我的安慰,陳雷,台語,,3,,7,
往事無漏勾,徐紫淇,台語,56842,770,,64; 64; 64; 8; 8,
往事痛心肝,張蓉蓉,台語,,762,,6,
往前追,何俊明,國語,,786,,2,
往後有你,,台語,,,,00,
征服明天我,呉百倫,國語,,3,,3,
待嫁的新娘,,華語,,,,99,
待嫁的新娘,鳳凰傳奇,國語,,2,,9,
很久之後,的模樣 抒情搖滾 抒情搖滾 ★ ycccc ★,華語,68,,,,
很久以後,梁靜茹,國語,5,,,82,
很久很久以後,范瑋琪,國語,,789,,9,
很幸福,夏國星,國語,,6,,9,
很想我們一起,李琳,國語,,49877,,3,
很想牢牢的抱住你,鴃美雲,國語,,7,,3,
很想說,李聖傑,國語,59,,,42,
很愛很愛的,李行亮,國語,,482,,1,
很愛很愛的,李行亮,華語,,,,69,
很愛過,丁噹,國語,,692,,2,
很難過還是要告訴你,郭富城,國語,592,,,55,
很高興,梁詠琪,國語,,6,,2,
律棲動物,蔡健雅,國語,,472,,3,
律角的情歌,范逸臣,國語,,649,,3,
後,山野,國語,,68481,,2,
後一封信,季碧華,國語,,2,,3,
後一封信,張學友,國語,,8,,3,
後一站翁,立友,台語,,56578,,5,
後一首歌,迪克亠,國語,,5,,3,
後世人的愛,,台語,00,,,51,
後世人的愛,方阡翊,台語,,957,,6,
後來,,華語,64,,,38,
後來,劉若英,國語,,0,,2,
後來呢,,華語,6399,,,,
後來我也遇見一 範芽芽 個很像你的他,,華語,66,,,,
後來才發現,,華語,93,,,,
後來才發現,莊心妍,國語,,7,,3,
後來的你,,華語,6840,,,38,
後來的我,,華語,6573,,,,
後來的我們,五月天,國語,,886,,9,
後來誰讓你更快樂,,華語,67,,,38,
後山之戀,良一/方阡翊 特魯多,台語,56592,,,66,
後山之戀,良方阡翊,台語,,4,,6,
後山姑娘,方阡翊,台語,,7,,6,
後山姑娘要嫁ㄤ,小鳳仙,台語,,46571,,8,
後山戀歌,七林玉英,台語,,0,,8,
後山戀歌,林玉英七郎,台語,,439,,8,
後山癡情花,喬幼,台語,,476,,8,
後悔,何書宇,國語,500,,,,
後悔,孫耀威,國語,557,,,61,
後悔,方馨,國語,,471,,2,
後悔,王秀盈,台語,6,54483,,5; 61; 61; 61,
後悔,袁小迪,台語,,765,,5,
後悔,詹雅雯,台語,,49473,,5,
後悔,郭桂彬,台語,,763,,5,
後悔,麥偉林,國語,,3,,2,
後悔已經遲 特魯多 ◆ 琳娜 ◆ 林永祥,,客語,,,,,
後悔愛上你,楊小萍,國語,,0,,3,
後悔愛上你,,國語,,2,,3,
後悔的人是你,秀蘭瑪,台語,,0,,7,
後悔的目犀,阿古仔,台語,,2,,6,
後悔誤了時,王中平,台語,,46580,,8,
後悔離開你,周雅芳,台語,,490,,6,
後會有期,伊琳,國語,,8,,2,
後會有期,白嘉莉,國語,,672,,2,
後會有期,郭怡安,台語,,982,,6,
後會有期,黃千芸,台語,,986,,8,
後果,王識賢,台語,558,57769,,5; 61; 61; 61,
後海,張宇,國語,,856,,9,
後海,李玟,國語,,3,,9,
後海,陳家君,台語,,438,,8,
後生就係本錢,,客語,9,,,51,
後知後覺,張惠妹,國語,,1,,2,
後遺症,,華語,65,,,,
後頭厝,陳秀絨,台語,2,,,66,
後頭暦,陳秀絨,台語,,782,,8,
得不到又捨不得 姚倩 的人,,華語,6665,,,,
得不到的愛情,,國語,,3,,3,
得不到的愛情,呉淑敏,台語,,443,,7,
得不到的愛情,鄧麗君,國語,,977,,3,
得到你的人卻得 歌曲 歡子,,華語,,,,39,
得到你的人卻得不,到你,國語,,641,,3,
得到我的愛,江惠儀,台語,,5,,8,
得嫁女兒心,孔蘭薫,國語,,1,,3,
得瑟,,台語,,,,96,
得過且過,,台語,54,,,,
徘徊,王又萱,台語,7,543,,5; 64; 64; 64,
徘徊夜都市,伍佰,台語,,3,,6,
從、此我該怎麼過,阿龍正,國語,,676,,3,
從上海來的莉露,,台語,,463,,7,
從不後悔愛上你,姜育恆,國語,,3,,3,
從人忙人變成朋友,周慧敏,國語,,4,,3,
從今以後,信樂團,國語,4841,4,,; ; ; 2,
從今以後,謝雷,台語,,8,,8,
從今以後抹擱再 游家順 愛你,游家順 勃露斯,客語,55486,,,52,
從今以後抹擱再愛你,游家順 勃露斯,台語,7,,,57,
從今以後抹擱再愛你,游家順,台語,,8,,7,
從今天開始,王建傑,國語,553,,,68,
從今後,大台風,國語,,8,,2,
從今後,大台風樂團,國語,573,,,61,
從你開始到我為止,,華語,6598,,,,
從來不丶知道,,國語,,596,,1,
從來不亠肯蜚你説,趙詠華,國語,,5,,3,
從來不在乎,蔡曉,國語,,9,,9,
從來沒想過這樣,道別,國語,,3,,3,
從來沒有想過這樣,道別,國語,,2,,3,
"從前,後來",,華語,66,,,,
從前你後來你,,華語,63,,,,
從前多麼的深愛,,台語,6880,,,,
從前說,,華語,6438,,,53,
從寂寞世界走來,尊龍,國語,,2,,3,
從心出發,莊心妍,華語,,,,69,
從心開始,林子娟,國語,594,9,,66; 66; 66; 2,
從戀人到朋友,,華語,64,,,,
從早日到黃昏,揚小萍,國語,,674,,3,
從早晨到黃昏,鳳飛飛,國語,,2,,3,
從早晨至黃昏,尤雅,國語,,5,,3,
從未到過的地方,王心凌,國語,,57951,,3,
從未這樣心動過,,台語,43,,,,
從此不再放你走,山風點,國語,,4,,3,
從船上來的男兒,詹雅雯,台語,,484,,7,
從船上來的男子,文夏,台語,,386,,7,
從風那聽說,,華語,69,,,,
復刻回憶,方大同薛凱琪,國語,,566,,2,
復活,荒山亮,國語,,7,,2,
徬徨皇的愛,鳳飛飛,國語,,59,,1,
微光,陳慧琳,國語,,8,,2,
微加幸畐,郁可唯,國語,,57443,,2,
微塵,張學友,國語,,3,,2,
微微,,台語,,,,,
微微笑,金碩,華語,57544,,,67,
微笑,楊千樺,國語,,2,,2,
微笑吧,,華語,6491,,,,
微笑帶過,系盛希,國語,,595,,9,
微笑怎麼假装,周晨嘉,國語,,960,,9,
微風吹,,華語,6893,,,,
微風往事,鄭怡,國語,,3,,2,
微風輕輕,李明翰,華語,576,,,61,
德不孤必有舞,疲拉,國語,,9,,3,
徹夜未眠,鄺美雲,國語,,9,,3,
徹底,,華語,75,,,,
徹徹底底忘記你,海生,國語,,693,,1,
心,白冰冰,台語,,038,,5,
心,董祐同,台語,5,,,65,
心.離開,蔡佳麟,台語,,46796,,8,
心き亠,陳正勝,台語,,545,,6,
心一半,林子娟,國語,576,756,,68; 68; 68; 2,
心上,林志炫,國語,,7,,2,
心上人,,華語,63,,,,
心上人,龍飄飄,國語,,698,,2,
心上住了一個你,宋麗萍,國語,,,,61,
心不是阮的,孫淑媚,台語,568,,,64,
心不是阮的孑,孫淑媚,台語,,685,,6,
心不甘,莊振凱,台語,,9,,8,
心不設防,陳慧琳,國語,,4,,2,
心丐,江志豊,台語,,398,,5,
心中乚,林春菊,台語,,468,,8,
心中彡,揚邱芸子,台語,,472,,5,
心中影,揚哲/邱芸子,台語,551,,,93,
心中愁,方瑞娥,台語,,670,,5,
心中有夢 眼裡有光 搖滾 泡芙芙 Scarlett,,華語,67,,,38,
心中有愛,張津湘,台語,,548,,5,
心中無別人,五月天,台語,,48759,,6,
心中無牽掛,羅文聰,台語,,2,,6,
心中甘有阮的名,周雅芳 吉力巴,台語,6487,,,,
心中的一道彩虹,,華語,,,,49,
心中的匕。,李秀玉,台語,,544,,6,
心中的声之音,冷顯達,國語,,49593,,3,
心中的太陽,劉家榮,台語,569,,,00,
心中的秘密,,國語,,9,,3,
心中的美夢,玟甄 吉力巴,台語,4,,,,
心中的花蕊,李秀玉,台語,2,,,69,
心中的鎖匙,楊欣樺/黃柏儒,台語,569,,,68,
心中美夢,,客語,8,,,51,
心主丿原丶,唐飛,台語,,4,,8,
心亂如麻,,華語,,,,,
心亂心,,台語,,,,,
心事,李碧華,國語,,1,,2,
心事,羅時豐,台語,,654,,5,
心事,莊蕙茹,台語,,3,,5,
心事千萬條,劉福助,台語,,5,,6,
心事無人知,林玉英,台語,,6,,6,
心事無底藏,李嘉,台語,553,,,83,
心事誰人知,沈文程,台語,,2,,6,
心事講乎誰人,郭健一,台語,,575,,7,
心事講乎誰人聽,邱芸子/郭健一,台語,55396,,,61,
心亡汒情亡亡,甲子慧,台語,,564,,7,
心借過,蔡小虎,台語,,8,,5,
心傷,,台語,,,,96,
心傷心 華爾滋 ◆ 蔡麗津/王中平 ◆ 連曉燕,,國語,57,,,,
心傷心不痛,陳曉東,國語,,3,,3,
心傷心痛不痛,陳曉東,國語,565,,,62,
心像海湧袂平靜 Slow Swing 楚為仁,,台語,661,,,,
心儀的伴侶,陳莉,國語,565,,,61,
心兒屬於你,,台語,66,,,,
心內一句話,王中平,台語,,5,,6,
心內只有你,方怡萍,台語,557,459,,61; 61; 6; 61,
心內彼粒星,沈建豪,台語,568,0,,61; 61; 6; 61,
心內有別人,蔡淳云,台語,1,,,63,
心內有數,,台語,669,,,,
心內有數,張清芳,台語,569,,,69,
心內有數,方怡萍,台語,55552,,,,
心內有數,蔡小虎,台語,,947,,5,
心內有數,辦桌阿丶山,台語,,560,,5,
心內有藍天,袁小迪,台語,,3,,6,
心內有話千萬,龍千玉,台語,,8,,7,
心內的感謝,陳思安,台語,,565,,6,
心內的樓窗黃,思婷,台語,,7,,6,
心內的話,伍浩哲,台語,65,,,,
心內的話,張小玲,台語,,939,,8,
心內的話,玖壹壹,國語,,7,,2,
心內的話,陳雷,台語,,961,,5,
心內的雨,秀蘭瑪,台語,,97994,,8,
心內的願望林,姍,台語,,456,,6,
心内一句話,張星唯蔡着徳,台語,,9,,8,
心内傷,蔡小虎,台語,,4,,5,
心内只有你,林為音葉帆凡,台語,,466,,8,
心内只有你,林為音葉諸帆,台語,,984,,8,
心内宅,江蕙,台語,,447,,5,
心内彼個你,陳淑萍,台語,,9,,8,
心内話,王定傑&江蕙,台語,,5,,5,
心内話,郭桂彬,國語,,998,,2,
心冷,方瑞娥,台語,,576,,5,
心冷,林柔均,台語,,8,,5,
心冷,陳雷,台語,56983,,,69,
心冷的夢,楊靜,台語,,593,,8,
心冷的情路,米鈴,台語,9,,,65,
心冷的戀情,林靖恩 特魯多,台語,0,,,65,
心凝,林育茲,台語,,544,,5,
心凝心也冷,張瀛仁,台語,,494,,6,
心刻雙人的名,蔡桂枝,台語,,439,,8,
心動了,伍思凱,國語,,554,,2,
心動對味 Hip-Hop 王不醒,,華語,6797,,,,
心動的方一句,陳艾消,國語,,575,,3,
心動的瞬間,李翊君,國語,,48487,,3,
心卒平方,藍雨,國語,,870,,2,
心只有妳,劉德華,國語,,3,,2,
心同,陳勢安,國語,,575,,2,
心嚮望,南峰,台語,449,,,,
心回,郭靜,國語,,568,,2,
心囪,黄千芸,台語,,76464,,5,
心在故郷,陳百潭,台語,,0,,5,
心在来石,簡美雀,台語,,44462,,5,
心在浴雪,于台煙,台語,,4,,5,
心在港岸,上明/簡美雀 特魯多,台語,566,,,61,
心在港岸,上簡,台語,,95384,,5,
心在跳,黎明,國語,,6,,2,
心在車站,,台語,,46579,,8,
心在風中飛,詹曼鈴,台語,0,,,65,
心型圈,蔡依林,國語,501,,,,
心埇,王傑,國語,,3,,2,
心埇,陳潔儀,國語,,2,,2,
心執,王中平,台語,,446,,5,
心執,許富凱曹雅守,台語,,57758,,5,
心塊滴血,林子娟,台語,559,938,,5; 61; 61; 61,
心変言月主.原も示亠,洪榮宏,台語,,94775,,6,
心夊亠夊別別人人,林添一,台語,,493,,6,
心夢涙痕,王江發圭虹,台語,,576,,5,
心夢淚痕,王江發/佳虹,台語,56571,,,65,
心太急,蔡琴,國語,,840,,2,
心如刀割,張學友,國語,,550,,2,
心如刀割,鄭伊健,國語,,7,,2,
心如止水,劉霭華,國語,,46392,,1,
心如當初,,台語,98,,,55,
心安,,華語,66,,,,
心完請.原示,沈文程,台語,,447,,6,
心実,江蕙,台語,,2,,5,
心寄有情天地,暄雅,台語,55674,,,00,
心將妹藏,翁立友,台語,,44479,,5,
心專石穿,,客語,2,,,51,
心就要飛了,陳慧嫻,國語,,0,,3,
心已經碎',陳思安,台語,,562,,5,
心平氣和,王馨平,國語,,4,,2,
心广的戀情,蔡小虎,台語,,1,,6,
心广的戀歌,蔡麗津,台語,,94871,,6,
心广的滋味劉,育崚,台語,,2,,6,
心广的開始,芬華,台語,,689,,6,
心广看袂到,朱海君,台語,,4,,6,
心广第一名,鄭君威育君,台語,,498,,6,
心底的中國,江濤,華語,578,,,61,
心弦,王又萱,台語,441,54799,,5; 60; 60; 60,
心影,張清芳,台語,68,,,,
心心中中的的日日月月,王力宏,國語,,747,,3,
心心愛愛是是啥啥人人,黄克林,台語,,3,,6,
心心愛而保重重,許志豪林麌歡,台語,,568,,6,
心心相印,孫桂香 特魯多,台語,9,,,60,
心心相印,張鳳鳳,國語,,8,,2,
心心相印,邱火金/王淑芬,台語,569,,,66,
心心相印,邱火金王淑棼,台語,,439,,8,
心心相印,邱火金王淑芬,台語,,3,,8,
心忈你小的心,謝金晶,台語,,580,,6,
心忈夢袂醒,沈芳如,台語,,1,,6,
心忈是一巴刀,劉辰希,Unknown,,59739,,1,
心忈的氣味,宋逸民,台語,,882,,6,
心忙如宀宀,尤雅,台語,,0,,6,
心悠悠情悠悠 林展逸 ◆,,客語,8,,,51,
心情,,客語,8,,,51,
心情,于台煙,國語,578,47768,,2; 68; 68; 68,
心情,潘越雲,台語,,9,,5,
心情,鄭怡,國語,,7,,2,
心情不好,容祖見,國語,,3,,2,
心情亂什麼,楊宗憲,台語,,6,,6,
心情咖啡,陳有娜,台語,,6,,8,
心情啥知影,沈芳如,台語,567,767,,67; 67; 6; 67,
心情如常常,尤雅,台語,7974,,,53,
心情妝水水,張秀卿,台語,,0,,6,
心情很美麗,腸林,台語,,762,,8,
心情放乎開,傅振輝,台語,,3,,6,
心情放乎開,林憲章,台語,5,,,68,
心情放乎開,燕子,台語,0,,,66,
心情歌路,詹雅安,台語,,56975,,5,
心情淚,,華語,75,,,99,
心情無人知,俞隆華,台語,,7,,6,
心情無人知,陳盈潔,台語,,5,,6,
心情玫瑰,,台語,,,,52,
心情粧水水,徐紫淇,台語,550,947,,61; 61; 6; 61,
心情若塊呆,阿吉仔,台語,,4,,6,
心情落了一陣,上一,台語,,738,,7,
心情落了一陣雨,上明/一綾,台語,88,,,56,
心情誰隹了解,龍千玉,台語,,2,,6,
心情車站,,台語,50,,,,
心情車站,任賢齊,台語,,1,,5,
心想事成,,客語,2,,,51,
心意,,華語,6744,,,,
心愛,曹雅雯,台語,,469,,5,
心愛!主期待,何慶忠,台語,,958,,6,
"心愛,、返∕'",江蕙,台語,,2,,6,
心愛ㄟ請諒解,蘇錦煌,台語,,440,,7,
心愛ㄟ請諒解,蘇錦煌 特魯多,台語,568,,,63,
心愛不是我,謝金燕,台語,,0,,6,
心愛你小甘知,謝莉好,台語,,0,,8,
心愛免悲傷,黄乙玲,台語,,439,,6,
心愛再夻,阿吉仔,台語,,9,,5,
心愛再會啝,張容容,台語,,564,,6,
心愛再會啝,葉敕田,台語,,986,,8,
心愛叨位去,尤雅,台語,,39999,,6,
心愛只有你,豪記人對唱,台語,,696,,6,
心愛向前,梁瀚壬,台語,,594,,8,
心愛在那裏,陳小雲,台語,,1,,6,
心愛在那裡,西卿,台語,,558,,6,
心愛媽媽,劉育綾,台語,83,,,56,
心愛宁叨立,劉順得,台語,,9,,8,
心愛你敢知,蔡振南,台語,,893,,6,
心愛弋台灣,余黄妃,台語,,563,,6,
心愛你敢知,人對唱,台語,,0,,6,
心愛你甘知,袁小迪,台語,,6,,6,
心愛彼個人,蘇又鎔何冠穎,台語,,94744,,6,
心愛彼個伴,沈建豪,台語,3,,,63,
心愛為什麼將阮放,,台語,,489,,7,
心愛甭哮啦,余天,台語,66,,,,
心愛的,吳淑敏,台語,550,,,92,
心愛的,呉淑敏,台語,,765,,5,
心愛的,孫淑媚,台語,8442,,,73,
心愛的,林少興,台語,,473,,5,
心愛的,高向鵬方瑞娥,台語,,7,,5,
心愛的HONEY,黒皮,台語,,651,,5,
心愛的Honey,李李仁&季千娜,台語,,438,,5,
心愛的l-loney,丁姵均,台語,,492,,5,
心愛的不愛我,辦桌二人組,台語,87,696,,65; 65; 65; 7,
心愛的不通我別人,陳雷,台語,,2,,7,
心愛的不通找別人,陳雷,台語,8466,,,69,
心愛的人,,台語,71,,,,
心愛的人,余天,台語,,070,,5,
心愛的人,尤雅,台語,,43873,,8,
心愛的人,蔡小虎,台語,,500,,5,
心愛的人,陳夏蓮,台語,,473,,8,
心愛的人,黃明源 特魯多,台語,447,,,60,
心愛的人,黄明源,台語,,544,,5,
心愛的人 恰恰 李偉誠,,台語,48,,,,
心愛的人實在可恨,黄乙玲,台語,,8,,7,
心愛的今晚置叼位,江蕙,台語,6974,,,,
心愛的今晩置叨位,江蕙,台語,,587,,7,
心愛的你免驚,林俊彥,台語,65,,,,
心愛的你咁知,,華語,47,,,,
心愛的你是我,許志豪,台語,,445,,7,
心愛的你甘知影,詹曼鈴,台語,569,889,,65; 65; 65; 8; 8,
心愛的侶伴,向蕙玲,台語,,485,,8,
心愛的免後悔,黃乙玲,台語,,4,,7,
心愛的再會啦,伍佰,台語,,2,,7,
心愛的別走,吳俊宏卜秀,台語,,594,,8,
心愛的別走,孫淑媚,台語,,2,,6,
心愛的原諒,徐亨,台語,,765,,6,
心愛的只愛你一人,郭健一,台語,557,,,97,
心愛的只愛你一人,郭健一,台語,,4,,7,
心愛的女王,林俊吉,台語,,466,,8,
心愛的姑娘,代小波,國語,,687,,3,
心愛的嫁也抹,洪榮宏,台語,,4,,7,
心愛的嫁別人,,台語,,5,,7,
心愛的寶貝,呉晉淮,台語,,945,,6,
心愛的寶貝,姜鵬,國語,,495,,3,
心愛的寶貝,鄭詠心/劉信明,台語,56696,,,62,
心愛的寶貝,鄭詠心第5明,台語,,45483,,6,
心愛的對不起,蔡小虎,台語,,4,,7,
心愛的小姐,文夏,台語,,94767,,6,
心愛的愛別人,王瑞霞,台語,,567,,7,
心愛的我想你,陳盈潔,台語,,492,,7,
心愛的歐托賣,阿弟仔,台語,,967,,7,
心愛的爸爸,,華語,,,,98,
心愛的玲瓏轉,柯以柔,台語,,9,,7,
心愛的緊返來,江蕙,台語,,6,,7,
心愛的緊返來,詹曼鈴,台語,557,696,,66; 66; 66; 7,
心愛的謝謝,,國語,,,,,
心愛的阿娜達,,台語,,,,93,
心愛的馬車,鄧麗君,國語,,680,,3,
心愛等一下,南台灣小姑娘,台語,,7,,6,
"心愛請原,你",士文,台語,,4,,6,
心愛請你著嫁別人,洪榮宏,台語,,2,,7,
心愛請放心,林秉甲馨琦,台語,,4,,8,
心愛請等待,何元平,台語,975,,,63,
心愛請等待,徐達征 特魯多,台語,1,,,65,
心愛走天涯,秦方,台語,,562,,6,
心憂憂,張素陵,台語,,44772,,5,
心憔悴,高峰,台語,562,,,67,
心懂咅亂,藍心湄,國語,,4,,2,
心戶愛的人,文夏,台語,,6,,6,
心戶愛的你,陳思安,台語,,56761,,6,
心房像風,洪榮宏,台語,,57700,,5,
心所愛的人,蔡小虎,台語,,3,,6,
心手相連,,台語,,,,,
心掛意無路用,龍千玉,台語,,2,,7,
心收治抽啊底,,華語,77,,,96,
心既的不.犬,陳雷,台語,,9,,6,
心曲,楊黎一,國語,,3,,2,
心有千千結,尤雅,國語,,558,,3,
心有千千結,李碧華,國語,,8,,3,
心有愛,詩雨,台語,55865,,,00,
心有獨鍾,陳曉東,國語,,1,,2,
心有靈犀,李俊男/蔣思思,華語,574,,,61,
心有靈犀,熊天平,國語,,0,,2,
心朱醒,林晏如,台語,,486,,5,
心汒茫心痛痛,張秀玲,台語,,49449,,7,
心洛雪,陳隨意,台語,,5,,5,
心浪,王中平,國語,551,,,61,
心浴雪,蔡小虎,台語,,667,,5,
心海,張蓉蓉,台語,,94891,,5,
心涙,林俊彦,台語,,496,,5,
心涼土開,三小貓美車,台語,,6,,6,
心湖雨又風,高勝美,國語,,1,,3,
心灰意不冷,余天,國語,,1,,3,
心灰意冷,楊麗菁,國語,,7,,2,
心灰意冷,王文,台語,,547,,5,
心無另外,傅振輝郐阥家,台語,,2,,8,
心無地址,呂明銀/林明華,台語,56781,,,62,
心無塊寄,黄思嬶,台語,,45457,,5,
心無大,林湘楹,台語,,544,,5,
心無奈,林湘楹,台語,3,,,66,
心無聲,,台語,75,,,,
心無退路,詹曼玲,台語,,5,,5,
心無退路,詹曼鈴/陳茂豐,台語,55788,,,61,
心煩意亂,雪鈴,台語,56479,971,,5; 61; 61; 61,
心牆,黄思嬶,台語,,851,,5,
心狂火著,王識賢,台語,84,650,,70; 70; 70; 5,
心狠手軟,曽心梅,台語,,7,,5,
心狠手辣,江蕙,台語,7998,496,,43; 43; 43; 5,
心狠手鉢,江惠,國語,,997,,2,
心理遊戲,陳曉東,國語,69,8,,; ; ; 2,
心甘也情願,,台語,98,,,,
心甘情願,俞隆華,台語,,9,,5,
心甘情願,張世彬,國語,,76740,,2,
心甘情願,張立基,國語,,5,,2,
心甘情願,彭莉,台語,559,564,,5; 61; 61; 61,
心甘情願,曾心梅,台語,,961,,5,
心甘情願,鳳娘,台語,556,563,,86; 86; 86; 5,
心甘情願,黃妃,台語,6948,8,,; ; ; 5,
心甘情願的欺,龍奔,國語,,685,,3,
心甘選有我,",談詩玲",台語,,59580,,8,
心甜甜,洪榮宏,台語,,499,,5,
心田寒,方瑞娥,台語,,8,,5,
心疒的情,戴梅君,台語,,5,,6,
心疒的滋味張,蓉蓉,台語,,572,,6,
心疝,詹曼鈴,台語,,891,,8,
心疼,何方,國語,,893,,2,
心疼,曹雅雯,台語,,4,,5,
心疼,王瑞霞,台語,64,,,,
心疼攏為你,翁立友,台語,,669,,6,
心疼痛,林依涵,台語,,494,,5,
心疼的愛,上明,台語,89,,,56,
心疼的涙,甲子慧,台語,,079,,5,
心疼的淚,甲子慧,台語,562,,,61,
心疼的腳平,張蓉蓉,台語,,670,,6,
心疼自己,周子寒,國語,,5,,2,
心疼自己,徐譽滕,華語,57580,,,65,
心病無藥醫,林淑容,台語,,472,,8,
心痕難耐,惠文,國語,446,,,64,
心痛,小山,華語,２０１１,,,61,
心痛,歡子,華語,２００９,,,61,
心痛,沈建豪,台語,,,,61,
心痛,翁方偉,台語,,494,,5,
心痛,葉敕田,台語,,2,,5,
心痛,詹曼鈴,台語,569,,,65,
心痛,謝宜君,台語,,446,,5,
心痛,歡子,國語,,770,,2,
心痛,小山,國語,,3,,2,
心痛不再有,方季惟,國語,,9,,3,
心痛也歡喜,林姍,台語,,746,,6,
心痛只為你,林俊彥,台語,,497,,6,
心痛孤單影,洪雯萍,台語,556,580,,50; 50; 50; 50; 50; 52; 6; 52; 52,
心痛擱開始,陳中,台語,,564,,6,
心痛是寂寞的開始,施文彬,台語,557,4,,87; 87; 87; 7,
心痛無卡紙,,華語,70,,,,
心痛無藥醫,,華語,,,,,
心痛無藥醫,王中平詹黌鈐,台語,,59581,,8,
心痛的吉他 特魯多 柯如憶,,台語,92,,,,
心痛的戀替,許慧玲,台語,,542,,6,
心痛的戀歌,蔡麗津,台語,564,,,65,
心痛的戀歌,許秀鳳,台語,,543,,6,
心痛的滋味,劉育綾,台語,55454,,,96,
心痛袂清醒,戴梅君,台語,,0,,6,
心痛酒來洗,黃乙玲,台語,,2,,6,
心痛阮甘願,林子娟,台語,558,4,,61; 61; 6; 61,
心癡迷,高向鵬,台語,,989,,8,
心登,黄思婷,國語,,763,,2,
心的一口夏,筱晴,國語,,551,,3,
心的力量唯有愛,,台語,,,,,
心的恰恰,邱芸子,台語,,2,,6,
心的方向,周華健,國語,,2,,2,
心的海洋,北原山,國語,,0,,2,
心的海洋,北原山貓,國語,5,,,77,
心的男一邊,姜育恆,國語,,3,,3,
心的距離,陳奕迅,國語,,56973,,2,
心石'勺幺替,姍姍,台語,,541,,6,
"心石,的忙歌",施文彬,台語,,4,,6,
心石一百遍,大哲,國語,,0,,9,
心石的戀歌,游麗紅,台語,,94751,,6,
心石阮一人,施志興,台語,,5,,6,
心碎,陳雷,台語,,7,,5,
心碎了無痕,張學友,國語,,4,,3,
心碎伴相思,上明,台語,,467,,8,
心碎再碎,蔡小虎,台語,,564,,5,
心碎啊！心碎,沈建豪,台語,4,,,65,
心碎彼一暝,劉誼伶,台語,04,,,69,
心碎愛情戲,喬幼,台語,,46591,,8,
心碎是想你才開始,唐飛,台語,56567,,,66,
心碎是想妳才開始,吳進福 特魯多,台語,40,,,61,
心碎是想珎才開始,唐飛,台語,,5,,7,
心碎的像落葉,,華語,67,,,38,
心碎的冰咖啡,熊天平,國語,,5,,3,
心碎的情歌,施文彬,台語,550,,,93,
心碎的戀夢,,台語,660,,,,
心碎的戀歌,游麗紅,台語,3,,,64,
心碎的手戒,蘇宥蓉,台語,,782,,8,
心碎的聲之,莊振凱,台語,,699,,5,
心碎的記憶,,華語,63,,,,
心碎的電影卞,彭莉,台語,,1,,7,
心碎碎碎,詹雅変,台語,,763,,5,
心碎碎碎,詹雅雯,台語,6888,,,,
心碎藥方,藍雨,華語,571,,,61,
心碎邊喙,梁朝偉,國語,,6,,2,
心碎阮一人,施志興 勃露斯,台語,55658,,,52,
心稀微,翎峰,台語,3,,,66,
心筆又,王建傑&英儀君,台語,,0,,5,
心筆叉,王建傑/吳儀君,台語,55977,,,61,
心糟,ALL NIGHT 華爾滋 EDM ◆ 李明洋,台語,,,,,
心糟糟方,怡萍,台語,,440,,5,
心糹,費玉済,國語,,6,,2,
心結,,華語,6463,,,,
心綁作侠,唐飛,台語,,49471,,5,
心綁做伙,唐飛/劉信明,台語,563,,,62,
心綿綿情綿綿 華爾滋 藍詠思 ◆,,國語,,,,,
心罪,阿爍,國語,,463,,2,
心聲,王建傑&劉依狆,台語,,565,,5,
心聲,王建傑/劉依純,台語,55945,,,61,
心聲,王玲,台語,6689,3,,00; 00; 00; 5,
心聲主唱者,詹雅雯,台語,,97582,,8,
心聲涙,,台語,,4,,5,
心聲淚痕,甄秀珍,國語,,2,,1,
心聲淚痕,費玉清,國語,,1,,2,
心聲淚痕,鄧麗君,國語,,5,,2,
心肝丟一下林,美惠,台語,,655,,6,
心肝乎你佔,,國語,,,,94,
心肝亂啥米蔡,佳麟,台語,,2,,6,
心肝冷一半,蔡桂枝,台語,,43862,,8,
心肝叨找,一綾,台語,,3,,8,
心肝已經寒,陳塏文 特魯多,台語,4,,,60,
心肝已經陳,塏文,台語,,544,,6,
心肝捉坦橫陳,雷,台語,,1,,6,
心肝插一刀,,台語,,46387,,8,
心肝攏是你,邱芸子,台語,554,4,,; ; ; 6,
心肝永遠是你,黃思婷,台語,,5,,7,
心肝為妳冷沈,明崑,台語,,542,,6,
心肝為妳痛,呂海成,台語,439,,,63,
心肝的愛人老,歌,台語,,392,,6,
心肝真痛,余帝,台語,6688,,,00,
心肝落雪,侯美儀,台語,8549,,,70,
心肝落雪,候美儀,台語,,4,,5,
心肝著火,翁立友ネ海君,台語,,566,,5,
心肝親像鐵,吳淑敏,台語,,4,,6,
心肝貴貝,鳳飛飛,台語,,4,,5,
心肝貼心肝,候的自己,台語,,,,39,
心肝跟你行,郭健一,台語,551,489,,97; 97; 97; 6,
心肝跟你飛,方阡翊,台語,,9,,6,
心膽寒,豪記人對唱,台語,,582,,5,
心自在,蔡淑琴,台語,4,,,66,
心與奈,邱芸子,台語,,2,,5,
心船,潘明堯 特魯多,台語,,,,61,
心花,佳米 吉力巴,台語,442,,,64,
心花放乎開,珥吉吉/何華,台語,987,,,64,
心花放乎開,許麗花,台語,,545,,6,
心若愈愛心愈空,蔡麗津,台語,6553,,,,
心若水,貢維特,國語,,9,,9,
心若鐵,秀蘭瑪,台語,,441,,5,
心茫茫,,台語,,,,,
心茫茫,林儷蓉,台語,444,,,,
心茫茫情茫茫,甲子慧,台語,557,,,61,
心莫多,,客語,4,,,51,
心萎,孫淑媚,台語,,7,,5,
心血亡,許志豪秀卿,台語,,96662,,5,
心血地址,呂明齦林明苹,台語,,4,,5,
心袂孤單,,華語,50,,,,
心袂離開你,家榮/喬幼,台語,55673,,,00,
心袂離開你,家榮喬,台語,,4,,6,
心被你帶走,,華語,64,,,,
心裡問,李攻,國語,,5,,2,
心裡太多話想對,你說,國語,,680,,3,
心裡暖暖的,金豆豆/石頭,華語,57667,,,68,
心裡有你,呉淑敏,台語,,76563,,5,
心裡有數,古巨基,國語,,7,,2,
心裡有針,蕭煌奇,台語,,56996,,5,
心裡總會壓著一些苦,,華語,6655,,,,
心裡裡亂亂糟糟糟糟,陳明仁,國語,,551,,3,
心裡裡的的孩孩子子,梁文音,國語,,578,,3,
心裡話,陳思安,台語,,9,,5,
心裡龍,曲祐良,國語,,574,,2,
心要讓你聽見,邰正宵,國語,564,,,,
心語,張菱,台語,8,,,65,
心誠見靈,張惠妹,國語,,1,,2,
心變,徐雯倩,國語,5,,,44,
心變作阮的名小,辣椒,台語,,7,,7,
心路,,台語,,,,,
心路,林靖恩,台語,0,,,66,
心路,高向鵬方瑞,台語,,774,,5,
心路,鳳琴,台語,8,,,66,
心路,黃思婷,國語,,4,,2,
心路,黄思嵉,台語,,469,,5,
心跳,王力宏,國語,,56656,,2,
心跳比我先認出你,,華語,6948,,,,
心軟,王中平,台語,560,,,61,
心辱,楊文,台語,,059,,5,
心送予我 特魯多 蘇宥蓉,,國語,,,,46,
心連心,,台語,,893,,5,
心連心,孫淑媚,台語,566,048,,5; 61; 61; 61,
心連心,張秀御,台語,,588,,5,
心連心,雅淇,台語,,95687,,5,
心遺憾,洪文斌,台語,55381,,,00,
心遺槭洪,文斌,台語,,4,,5,
心還選是是熱熱的的,S.H.E,國語,,972,,3,
心酸,林宥嘉,國語,,9,,2,
心酸,胡美紅,台語,,7,,5,
心酸戀夢,謝莉婷,台語,,9,,5,
心酸為著你,潘佩莉,台語,,0,,8,
心酸無地講,林靖恩,台語,4,,,69,
心酸甲你無關,謝金燕,台語,,3,,7,
心酸的成熟,黄小琥,國語,,8,,9,
心酸的滋味,張艾莉,台語,,468,,8,
心酸的祝福,黄乙玲,台語,,751,,6,
心酸的約定,王瑞霞,台語,64,,,,
心酸的雨,蕭玉芬,台語,,495,,5,
心酸講無話,江清蓉,台語,,4,,6,
心酸過一暗,施文彬,台語,89,,,57,
心酸酸的的屵情歌歌,彭佳慧,國語,,442,,3,
心酸酸的的浪浪漫漫,那英,國語,,381,,3,
心酸酸鄭,君威,台語,,491,,5,
心醉,原始林,國語,,7,,2,
心醉,王傑,國語,,383,,2,
心醉心碎,韋禮安,國語,,969,,2,
心鎖,余天,國語,,3,,2,
心鎖,呉煒張疌,國語,,477,,2,
心門的簾子,謝宜君,台語,,4,,8,
心陶醉,林婀,台語,,451,,5,
心離開,蔡佳麟,台語,,2,,8,
心雨,周杰倫,國語,501,,,,
心雨,玉霜,台語,,543,,5,
心雨落袂停,枉忻恬,台語,,3,,8,
心電心,王心凌,國語,,56954,,2,
心電感應,孟庭葦,國語,,9,,2,
心電感應,蜜雪薇琪,國語,5,,,82,
心靈之約,鄧妙華,國語,,970,,2,
心靈的傷痕,,台語,686,,,,
心靜,詹曼玲,台語,,7,,8,
心靜,詹曼鈴,台語,,,,61,
心非亠,蔡秋鳳,台語,,8,,5,
心頭亂,成鳳 慢迪斯可,台語,69,,,,
心頭亂成,鳳,台語,,972,,5,
心頭冷酸酸,蔡秋鳳,台語,,57575,,6,
心頭恨林,玉英,台語,,44498,,5,
心頭抓乎定,陳定安,台語,,491,,6,
心頭石邱,芸子,台語,,44477,,5,
心頭肉蔡,義徳,台語,,0,,5,
心頭若寒,周雅芳,台語,66,,,,
心頭雪,陳雷,台語,567,,,61,
心頭雪陳,雷,台語,,0,,5,
心願,林雪美,台語,2,,,65,
心願,江宏恩,國語,5,8,,2; 61; 61; 61,
心願,秀蘭瑪,台語,,443,,5,
心願,謝金品,台語,,46794,,8,
心飛千萬里,,華語,,,,,
心驚,江志豐,台語,56444,,,61,
心驚驚,方瑞娥,台語,,1,,5,
心魔,風釆輪,台語,,4,,5,
心戀,,客語,6,,,51,
心連心,,客語,5,,,51,
忄情意綿綿,一,台語,,387,,6,
必九月,江淑娜,國語,,4,,2,
必巡的孔嘴,陳盈潔,台語,,0,,6,
忈匕,符瓊音,國語,,569,,2,
忍,葉啟田,台語,,2,,5,
忍不住原諒,溫嵐,國語,,4,,3,
忍不住想你,劉恩,國語,,7,,1,
忍不住想念,李佳薇,國語,,468,,3,
忍了,樊凡,國語,,3,,2,
忍份,吳淑敏,台語,,76564,,5,
忍冬匕,莊振凱,台語,,46968,,8,
忍刃,林玉英,台語,,659,,5,
忍受一切,七郎 慢迪斯可,台語,55559,,,61,
忍命,林姍,台語,,76891,,5,
忍命,王盈仁,台語,,540,,5,
忍定,柯以敏,國語,,1,,2,
忍忍他他他他不不管管,方阡翊,台語,,7,,7,
忍痛割愛,陳瑞,國語,,3,,9,
忍真,王力宏,國語,,2,,2,
忍真的女人最美麗高,慧君,國語,,487,,3,
忍者,周杰倫,國語,5,,,,
忍耐,方鈴,台語,558,892,,00; 00; 00; 5,
忍路,翁新茜,國語,,7,,2,
忍軫,方季惟,國語,,3,,2,
忐忑,辛曉琪,國語,500,,,67,
志氣,大台風樂團,台語,568,,,64,
志氣,林聖哲 特魯多,台語,5,,,64,
忘不了,順子,國語,,3,,2,
忘不了你的愛,平靈晶,國語,,498,,3,
忘不了你的溫柔,,台語,,,,,
忘不了妳,林子良,國語,5960,,,40,
忘不了妳,陳彼得,國語,,3,,2,
忘不掉的傷,姜玉陽,國語,,689,,3,
忘不掉的海,樊凡,國語,,1,,3,
忘不記,家家,國語,,57855,,2,
忘了,方文琳,國語,,0,,2,
忘了,楊丞琳,國語,,578,,2,
忘了,蔡鎔竹 森巴,國語,565,,,65,
忘了一切,陳艾湄,國語,,,,,
忘了乍产快樂,黃鴻升,國語,,975,,3,
忘了哭,張學友,國語,60,9,,; ; ; 2,
忘了如何去愛,宇桐非,國語,,456,,3,
忘了如何遺忘,郭靜,國語,,9,,9,
忘了巴,李玟,國語,,777,,2,
忘了怎麼哭,東來東,國語,,49796,,3,
忘了怎麼愛你,MP魔幻力量,國語,,976,,3,
忘了愛,TORO,國語,,9,,2,
忘了愛情忘不了你,勃露斯,國語,574,,,64,
忘了我,楊宗緯,國語,,484,,2,
忘了我也不錯,王心凌,國語,,484,,3,
忘了我是女人,林慧萍,國語,,6,,3,
忘了我是誰,王海玲,國語,,1,,3,
忘了斷了算了,,華語,,,,93,
忘了時間的鐘,古巨基,國語,,2,,3,
忘了沒有,,華語,62,,,,
忘了說再見,葉蒨文,國語,,3,,3,
忘了隱藏,劉德華,國語,42,,,; ; ; 2,
忘卻的秊節,蔡幸娟,國語,,3,,3,
忘川夢幾分 抒情搖滾 泡芙芙 Scarlett. 怪獸,,華語,6742,,,,
忘川彼岸,,華語,62,,,53,
忘川情,,客語,63,,,,
忘川河,龍千玉,台語,,577,,5,
忘形的輕吟,蔡咪咪,國語,,758,,3,
忘情忘愛,張信哲,國語,,7,,2,
忘情果,,華語,62,,,,
忘情森巴舜,草蜢,國語,,8,,3,
忘情歌,,國語,,9,,2,
忘情水,劉德華,國語,,6,,2,
忘情負義,陳蘭麗,國語,,473,,2,
忘掉憂愁,~謝雷,國語,,382,,2,
忘斷過去,,國語,,3,,9,
忘舊人 過新年,,華語,6959,,,38,
忘記,呂雯,國語,,2,,9,
忘記,呂雯,華語,57549,,,68,
忘記,周傳雄,國語,,2,,2,
忘記,小剛,國語,,0,,2,
忘記,文奎,國語,,47653,,3,
忘記,黄寶惠,國語,,467,,2,
忘記你,閃亮三姊蜯,國語,,4,,2,
忘記你,閃亮三姐妹,國語,568,,,79,
忘記你不如忘記自,己,國語,,57541,,3,
忘記你需要多久,林可昕,華語,575,,,67,
忘記愛過,張棟樑,國語,5,,,81,
忘記擁抱,Alin,國語,,468,,9,
忘詞,」五月天,國語,,565,,2,
忘課,楊丞琳,國語,,661,,1,
忙,余帝,國語,,8,,2,
忙人眼裡出西施,潘寶新,國語,,450,,3,
忙何物,費玉清,國語,,4,,2,
忙夢嘸願放,劉雅惠,台語,,8,,8,
忙宀牽手過,林慶源,台語,,950,,6,
忙忙三三振振球球芭,比,國語,,477,,3,
忙忙話話糹糹,黃乙玲,台語,,461,,6,
忙歌,蔡琴,國語,,887,,2,
忙歌,許富凱,台語,,97639,,6,
忙歌為你唱,索南紮西,國語,,952,,3,
忙歸何處,詹雅雯,台語,,8,,6,
忙網難圓,林姍,台語,,0,,6,
忙網難逃,江志豐,台語,,7,,6,
忙緣難回,陳小龍,台語,,44543,,6,
忙著,,華語,65,,,,
忙訁,劉依純,台語,,576,,5,
忙話四秊,羅文聰,台語,,560,,6,
忙路歹行,蕭承祥,台語,,675,,6,
忙路歹走,吳雅玲,台語,,491,,6,
忙路過客,廖玲玲,台語,,54442,,6,
忙里白話,陳雷陳思安,台語,,56584,,6,
忙長路更長,梁雁朝,國語,,7,,3,
忙關難渡,施志興,台語,,540,,6,
忙關難過,向蕙玲,台語,,763,,6,
忙難離,劉真真,台語,,49444,,5,
忠孝来路走九遍,動力火,國語,,481,,3,
忠孝東路走九遍,動力火車,國語,,,,,
快$ßSONG,庾澄慶,國語,,1,,2,
快RHoliday樂Holiday,黃乙玲,台語,,590,,5,
快三十歲,,華語,62,,,39,
快佔位,黃思婷,台語,,46791,,8,
快來快來約我,閃亮三,國語,,452,,3,
快勺速度,羅百吉,國語,,588,,3,
快宍的吉魯巴,李明洋,台語,,468,,8,
快樂、也,林俊,台語,,0,,5,
快樂一世人,馬春梅 吉力巴,台語,5,,,66,
快樂人生,張峯子 特魯多,台語,9,,,60,
快樂人生,林靖恩/簡金水,台語,6,,,68,
快樂人生,江鳳,台語,551,,,96,
快樂介旅行,黄韻如,台語,,585,,6,
快樂似神仙,趙傳,國語,,8,,3,
快樂作愍人,張文綺,台語,,44394,,6,
快樂做自己,,華語,62,,,,
快樂免開錢,陳雷,台語,,3,,6,
快樂可愛的 DJ,陳韻竹,台語,993,,,64,
快樂同行,銀霞,國語,,596,,2,
快樂唱歌詩,,華語,,,,93,
快樂大廟埕,,華語,42,,,,
快樂天堂,滾石合,國語,,7,,2,
快樂小吃部,七郎,台語,,445,,6,
快樂山後鳥,江意銘/山後鳥學員,台語,569,,,66,
快樂快了,家家,國語,,690,,2,
快樂成雙,Reborn,國語,,689,,2,
快樂成雙,慕容婕,台語,,757,,8,
快樂我甲你,劉雅惠,台語,,8,,8,
快樂搖,北原山,國語,,1,,2,
快樂是個什麼東西,庾澄慶,國語,74,,,,
快樂暢開,張惠妹,國語,,577,,2,
快樂森巴,白冰冰,台語,,661,,6,
快樂森巴,白冰冰 森巴,台語,55577,,,61,
快樂歌,蔡閨 特魯多,台語,6677,,,,
快樂歌聲,林雪美,台語,7,,,65,
快樂炭礦夫,,台語,,383,,6,
快樂無地比,王玲 Swing,台語,6676,,,00,
快樂無憂愁 特魯多 朱宏敏.張純玉 ◆,,華語,63,,,,
快樂無罪,瀚龍,國語,,46470,,1,
快樂無罪,許美靜,國語,5,2,,46; 46; 46; 2,
快樂牧場,藍聖文,國語,,4,,2,
快樂甲己找,,台語,,,,51,
快樂甲已找,陳鳳嬌,台語,,995,,8,
快樂的人,鄧麗君,國語,,0,,9,
快樂的人生,亞亞,台語,,544,,6,
快樂的台灣人,北原山,國語,,551,,3,
快樂的女神龍,林素雲,台語,5,,,,
快樂的寶貝,,華語,,,,,
快樂的恰恰,林靖恩,台語,6,,,69,
快樂的情歌,林添一,台語,,492,,6,
快樂的情歌,沈建豪,台語,6,,,65,
快樂的戀歌,侯貴美 特魯多,台語,0,,,66,
快樂的日子,閃亮三,台語,,4,,6,
快樂的日子,閃亮三姊妹,台語,56449,,,61,
快樂的歌,王瑞霞,台語,,763,,6,
快樂的歌聲,多米 特魯多,台語,9,,,60,
快樂的碳坑仔人,,華語,,,,,
快樂的美夢,林子娟,台語,567,6,,68; 68; 6; 68,
快樂的舜池,張,台語,,9,,8,
快樂的雲,劉家榮,台語,,791,,6,
快樂的雲,劉家榮 特魯多,台語,564,,,00,
快樂約會,閃亮三,台語,,4,,6,
快樂約會,閃亮三姊妹,台語,56450,,,61,
快樂老家,林志炫,國語,,4,,2,
快樂胍,北原山,國語,,563,,2,
快樂進行一曲,組入平,國語,,76777,,3,
快樂過新年,黃乙玲,台語,557,,,88,
快樂酒店,七郎 特魯多,台語,552,,,92,
快樂頌,凌菲,國語,,800,,2,
快樂頌,庾澄慶,國語,,2,,; ; ; 2,
"快樂高手,",錢薇娟,國語,,575,,2,
快樂魔咒,陳崴,國語,,380,,2,
快樂魚,夏天ex,國語,,49858,,2,
快樂鳥日子,康康,台語,6970,,,,
快樂黑狗兄,黃文騰,台語,5,,,61,
快給我愛,蔡秋鳳,國語,,464,,2,
快遞愛情,黃湘怡,國語,581,2,,81; 81; 81; 2,
快遞甜心,關詩敏,國語,,577,,2,
快雫無比,,台語,,0,,6,
快雫的出帆,,台語,,2,,6,
快鱶森巴,白冰冰高凌風,台語,,3,,6,
快鱶過新年,黄乙玲,台語,,3,,6,
快樂像神仙,,客語,876,,,51,
快樂在心中,,客語,3,,,51,
快樂耕田人,,客語,7,,,51,
快樂馬車,,客語,2,,,51,
快樂人生,,客語,4,,,51,
快樂倆儕,,客語,3,,,51,
念,,華語,65,,,,
念,嚴藝丹,國語,,4,,2,
念你如昔,,客語,83,,,,
念奴吟,張瑩瑩,國語,,551,,1,
念忘之間,鍾漢良,國語,,3,,2,
念念不忘,,華語,6499,,,; ; ; ,
念念不忘的情人,陳明真,國語,,3,,3,
念故鄉,原野三重唱,國語,,552,,2,
念綿綿,柯以敏,國語,,4,,2,
忽然發現,高進,國語,,4,,9,
忽然看見了,伊雪莉,國語,,3,,3,
忽然覺得好想你,張智霖,國語,,3,,3,
怎樣,伍浩哲,台語,6560,,,,
怎樣,戴佩妮,國語,,6,,2,
怎樣,陶莉萍,國語,,8,,2,
怎樣來熟悉,李秀蘭 慢迪斯可,台語,6742,,,,
怎樣信賴你,歐禮発,台語,,385,,6,
怎樣信賴你,狄鷽,台語,,591,,6,
怎樣抹了解,揚董宜青,台語,,9,,6,
怎樣擱愛你,王瑞霞,台語,,49469,,6,
怎樣放會落,張瀛仁,台語,,49458,,6,
怎樣放袂離,方順吉,台語,86,0,,74; 74; 74; 6,
怎樣會堪,李嘉,台語,551,,,00,
怎樣會堪,江蕙,台語,64,,,,
怎樣的愛才算擁有,李翊君,國語,,48495,,3,
怎樣要分開,陳秀貞,台語,,593,,6,
怎樣遇見你,孫露,國語,,592,,9,
怎清債,台語金曲,台語,,465,,5,
怎能不愛你,倪賓,國語,555,,,85,
怎能忘記你,,華語,63,,,,
怎麼不是你,雨宗林,華語,57666,,,68,
怎麼不算呢,,華語,6760,,,,
怎麼了,周杰倫袁詠,國語,,8,,9,
怎麼了,周興哲,國語,,59770,,1,
怎麼做朋友,伍思凱,國語,,5,,3,
怎麼可以如此冷血 House ★,,華語,6540,,,,
怎麼忍心放開,山野,國語,,49689,,3,
怎麼捨得,nxvs苗苗,Unknown,,895,,1,
怎麼會,,華語,6471,,,,
怎麼會,成龍,國語,78,,,,
怎麼會不難過,程響,華語,,,,60,
怎麼會知道,宇見,國語,,68472,,3,
怎麼會讓我失去你,黄品源,國語,,684,,3,
怎麼會那麼笨,張柏芝,國語,65,,,,
怎麼治癒,,華語,6999,,,,
怎麼能再做普通渺,朋友,國語,,8,,3,
怎麼能忘了,,華語,62,,,38,
怎麼説我不愛,蕭敬騰,國語,,4,,3,
怎麼返不愛,余楊,國語,,683,,3,
怒放,能量兄,國語,,7380,,2,
怒放的生命,汪峰,國語,,461,,9,
怕,楊丞琳,國語,,464,,1,
怕亻麼,蔡依林,國語,,561,,2,
怕安靜,羅志祥,國語,,575,,2,
怕你不了解,柯以敏,國語,,3,,3,
怕你走了,動靜,國語,,66,,2,
思主,詹雅雯,台語,,067,,5,
思亻尹,趙永豐,台語,,491,,5,
思亼,莊薪樺,台語,,54484,,5,
思亼,許富凱曹雅,台語,,583,,5,
思亼,陳雷,台語,,94798,,5,
思入,張秀卿,台語,,6,,5,
思入,高瑞屏,台語,,576,,5,
思共,陳雷,台語,,48748,,5,
思君郎,,客語,7,,,51,
思啊思想起,江蕙,台語,,3,,6,
思妻旅途,,台語,,575,,6,
思忙,陳奕晴,台語,,063,,5,
思念,于台煙,國語,500,038,,2; 68; 68; 68,
思念,林子娟,國語,555,7,,67; 67; 67; 2,
思念,羅欣,台語,67,,,,
思念,莊薪樺,台語,6,,,63,
思念,蔡亞玲,台語,8398,,,54,
思念,辛曉琪,國語,,3,,2,
思念.界限,荒山亮,國語,,7,,2,
思念个人,,客語,,,,55,
思念亻厃亅歌,孫淑媚,台語,,583,,6,
思念伊,秀蘭瑪雅,台語,551,,,74,
思念伊,阿吉仔,台語,67,,,,
思念伊龍,千玉,台語,,4,,5,
思念你,七郎,台語,60,,,,
思念你,張瀛仁,台語,,2,,5,
思念你,江蕙,台語,,4,,5,
思念你,謝金燕,台語,,580,,5,
思念你,陳雷,台語,565,045,,5; 61; 61; 61,
思念你一個,許以慈,台語,556,,,61,
思念你的心肝你敢知,曾心梅,台語,61,,,,
思念你的愛,,台語,78,,,00,
思念你的愛,詹曼鈴,台語,561,,,61,
思念你的滋味,李明洋/邱芸子,台語,87,,,65,
思念你的風若起,李明洋,台語,56948,950,,68; 68; 68; 7,
思念來借過,朱海君,台語,,9,,8,
思念來敲門,江惠儀,台語,,7,,8,
思念像煙火 House 利用人如欲使用本產品於「公開場所」使用，請逕洽集管團體或,,華語,6864,,,,
思念到何時,陳隨意宜君,台語,,492,,8,
思念到天光,王瑞霞,台語,,98739,,8,
思念喲,江蕙/阿杜,台語,6858,,,,
思念在流淚,伍天宇,華語,579,,,61,
思念在秋天,小錬椒,台語,,768,,6,
思念在飛,朱海君,台語,,8,,8,
思念夢抹醒,沈芳如,台語,55997,,,61,
思念如歌,,華語,87,,,49,
思念妳小一一人人,,台語,,964,,6,
思念寄乎你,辦桌二人組,台語,,579,,6,
思念寄月娘,蔡柱枝,台語,,43867,,8,
思念你厃的愛,詹曼鈴,台語,,7,,6,
思念你的心情,洪榮宏,台語,,581,,7,
思念你的心肝你敢知,曽心梅,台語,,1,,7,
思念你的滋味,李明洋邱芸早,台語,,7,,7,
思念你的時栫,阿碕,台語,,493,,7,
思念彼個人,江蕙,台語,8985,,,,
思念忈亻刀戀日士,黄三元,台語,,548,,6,
思念念初初戀戀人人,藍山,台語,,646,,6,
思念成河,沈芳如,台語,55998,6,,61; 61; 6; 61,
思念成癮,,華語,67,,,,
思念故郷的伊,蘇錦煌,台語,,685,,7,
思念故鄉的伊,蘇錦煌 吉力巴,台語,568,,,63,
思念故鄉的姑娘,葉,台語,,553,,7,
思念是一種痛,陳中,台語,,058,,7,
思念是你離開才開始,陳盈潔,台語,553,,,84,
思念是參糖也抹甜,蘇路,台語,,44595,,7,
思念是你離開才開始,陳盈絜,台語,,76482,,7,
思念母親,許聰富,台語,,7,,8,
思念港邊,,台語,93,,,,
思念無罪,吳申梅,台語,,57741,,6,
思念無藥醫,張蓉蓉,台語,,56771,,6,
思念無解,范美敏,台語,55682,,,61,
思念無钅,范美敏,台語,,94762,,6,
思念熄糖分手後,艾莉,台語,,493,,8,
思念熄雀分手,葉佳修,國語,,76662,,3,
思念的人,劉育綾 特魯多,台語,85,,,59,
思念的人,林姍,台語,,8,,8,
思念的人,蘇錦煌,台語,,577,,6,
思念的人,蘇錦煌 特魯多,台語,6990,,,00,
思念的人,鳳娘,台語,,764,,6,
思念的人像花,,華語,65,,,,
思念的亻痕,甲子慧,台語,,8,,8,
思念的代價,呂志國,台語,567,,,62,
思念的你,陳秀玲,台語,,798,,8,
思念的傷心,,台語,,,,,
思念的傷痕,甲子慧,台語,56860,,,64,
思念的午後,蔣寅,國語,,394,,3,
思念的咖啡,江宏恩,台語,560,2,,61; 61; 6; 61,
思念的咖啡,翁立友,台語,,587,,6,
思念的城市,邱芸子,台語,,0,,6,
思念的夢,喬幼,台語,,953,,6,
思念的心情,彭世華,台語,55683,,,61,
思念的心情,高向鵬,台語,,799,,8,
思念的心晟,呉蕙君,台語,,0,,8,
思念的情淚,翁立友,台語,,593,,8,
思念的日子,傅振輝甲千慧,台語,,5,,8,
思念的歌,曹雅雯,台語,,58985,,8,
思念的歌,鄭君威,台語,,499,,6,
思念的海,,華語,65,,,,
思念的海斤,喬幼,台語,,765,,6,
思念的海湧,謝金品,台語,,453,,6,
思念的滋味,黃乙玲,台語,552,,,86,
思念的滋味,黃思婷,台語,,9,,6,
思念的王功港,顏塗樟,台語,3,,,66,
思念的線,吳蕙君,台語,56453,,,61,
思念的苦味,薛金顯,台語,56866,466,,64; 64; 64; 8; 8,
思念的茶,,台語,,,,41,
思念的莎酷拉,,國語,89,,,,
思念的莎酷拉,蔡麗津,台語,,46871,,8,
思念的解藥,,台語,,,,,
思念的雪靜悄悄,,華語,6472,,,,
思念的風,宋佳玲,台語,67,,,,
思念線,詹曼鈴,台語,1,,,65,
思念總在離別後,,台語,662,,,38,
思念舊情,,台語,,,,50,
思念舞伴流目,紀露霞,台語,,474,,7,
思念若像一隻虎,黄妃,台語,,880,,8,
思念著初戀,,國語,,,,,
思念親像一條河,吳俊霖,台語,,588,,7,
"思念追袂返來,",詹雅安,台語,,448,,7,
思念進行曲,黄舒駿,國語,,2,,3,
思念過秋冬,李嘉,台語,,4,,6,
思念遐爾長,曽珒中,台語,,642,,8,
思念阿母阿,鍾舜榮,台語,,5,,8,
思念阿爸,唐銘良,台語,,8,,8,
思念阿郎,,台語,,,,98,
思念限時鞋號,詹雅雯,台語,,489,,7,
思念隔著山海,,華語,6473,,,,
思念雨,翁立友,台語,,890,,8,
思念風中飛,,國語,87,,,,
思思念念彼彼個個人人,江蕙,台語,,3,,6,
思思念念的的代代價價,呂志國,台語,,97650,,6,
思思念念的的歌歌,秀蘭瑪,台語,,446,,6,
思情,林俊吉,台語,,992,,8,
思情之仅,洪一峰,台語,,467,,6,
思想起,,客語,4,,,51,
思慕,楊玉玲,台語,0,,,60,
思慕,郁可唯,國語,,3,,1,
思慕,陳雷,台語,8573,,,69,
思慕情歌,秀蘭瑪,國語,,4,,2,
思慕情歌,秀蘭瑪雅 特魯多,台語,8399,,,60,
思戀,,國語,,384,,2,
思戀,文夏,台語,,9,,8,
思戀,林美莉,台語,64,,,,
思戀情歌,尤君,台語,,599,,6,
思戀故郷心所愛的人,,台語,,590,,7,
思戀的冬天,,華語,48,,,,
思戀的夏威夷航路,,台語,,468,,7,
思戀的夜都市,崇仁堂音樂工,台語,,449,,7,
思戀的夜都市,文夏,台語,,0,,7,
思戀的安平港,翁惠瀞 特魯多,台語,6,,,,
思戀的安平港,翁惠靜,台語,,95654,,7,
思戀的情歌,林淑姮,台語,6,96600,,64; 64; 6; 64,
思戀的機場,林在福,台語,,542,,6,
思戀的沙 K,南京,台語,6,,,61,
思戀的沙K,南京,台語,,54485,,6,
思戀的港岸 華爾滋 林靖恩,,台語,,,,50,
思戀的雪,阿吉仔,台語,3,,,66,
思月兮,,國語,82,,,00,
思母淚,許燕,國語,579,,,61,
思無涯,,華語,67,,,,
思相枝,蔡小虎,台語,,484,,5,
思相枝,袁小迪,台語,,8,,5,
思緒謠,,華語,63,,,,
思美人,帥霖,華語,57493,,,71,
思親的滋呠,周一,台語,,955,,6,
思鄉,,台語,,1,,5,
思鄉,,客語,4,,,51,
思鄉,沈建豪,台語,560,0,,5; 61; 61; 61,
思鄉之歌,徐亨,台語,,765,,6,
思鄉列車,世賢,台語,,697,,6,
思鄉列車,蘇錦煌,台語,,882,,6,
思鄉列車,蘇錦煌 特魯多,台語,56773,,,62,
思鄉心,,客語,8,,,51,
思鄉悲情,文鶯,台語,,0,,6,
思鄉情影,七郎,台語,,953,,6,
思鄉情懷,,客語,,,,,
思鄉戀歌,林雪美,台語,,783,,8,
思鄉戀歌,林雪美 特魯多,台語,6,,,63,
思鄉曲,一帆,台語,,471,,5,
思鄉浪子淚,施志興,台語,,538,,6,
思鄉浪子淚,施志興 特魯多,台語,55664,,,52,
思鄉的人,洪榮宏,台語,,5,,6,
思鄉的人,葉啟田,台語,,769,,6,
思鄉的出外人,七郎,台語,,44000,,7,
思鄉的出外人,七郎 特魯多,台語,85,,,74,
思鄉的出外人,張蓉蓉,台語,,5,,7,
思鄉的囝仔,陳小龍,台語,,44486,,6,
思鄉的外出人,蔡秋鳳,台語,,96572,,7,
思鄉的心情,鄭柔芳,台語,,0,,6,
思鄉的戀歌,林勝龍,台語,,545,,6,
思鄉的流浪兒,徐天泉,台語,6,,,,
思風思雨也思你,,華語,69,,,,
思念愛人,,客語,5,,,51,
思念母親,,客語,4,,,51,
怠倦陰天,夏天Alex,國語,,49543,,2,
怦,王巧明,國語,,7,,2,
怦亼入叩叩,呉蕙君,台語,,3,,8,
性情中的人,,台語,,,,42,
性感女孩,羅百吉,國語,5,,,61,
怨你一世人,曾小萍,台語,,595,,6,
怨嘆,七郎,台語,55571,,,61,
怨嘆,游麗紅,台語,,546,,5,
怨嘆,詹曼鈴,台語,56744,565,,5; 62; 62; 62,
怨嘆也無路用,陳秀貞,台語,,596,,7,
怨嘆的人生,林英美,台語,,071,,6,
怨嘆阮真憨,唐飛,台語,,495,,6,
怨夜長,,客語,3,,,51,
怨天,林沐樺,國語,,997,,2,
怨天,林沐華,台語,,949,,5,
怨天,甲子慧,台語,,0,,5,
怨天怨地,,華語,,,,96,
怨妒,翁立友亞蘭,台語,,9,,5,
怨妒是火藥,丁國琳,台語,56546,454,,61; 61; 6; 61,
怪我咯,,華語,46,,,96,
怪我忘不掉,,華語,6654,,,,
怪我沒出息,,華語,6466,,,,
怪獸,文英,台語,,498,,5,
怪這場美麗春,孫協志,台語,,449,,7,
怪連得差,,客語,3,,,51,
恁,安琪,台語,55380,,,00,
恁姉仔住車内,康康,台語,,975,,8,
恁姐仔住市內,康康,台語,77,,,48,
恁姐仔住車内,康康,台語,,4,,7,
恁是走去叨,廖婉妤,台語,,793,,8,
恆星,蘇永康許茹芸,國語,,986,,2,
恆星的恆心,五月天,國語,,8,,3,
恆春姑娘,張秀卿,台語,,447,,6,
恆溫,孫盛希,國語,,59740,,1,
恆眷民謠,李碧華,台語,,94796,,6,
恆眷的風,袁小迪,台語,,485,,6,
恍然明白,李碧華,國語,,7,,2,
恐怖情人,玖壹壹,Unknown,,993,,1,
恥問無情天,詹曼鈴,台語,,6,,8,
恥媽媽交代的話,游小鳳,台語,,946,,7,
恨不了的愛,,華語,6685,,,,
恨不相逢朱嫁,蔡琴,國語,,4,,3,
恨不相逢朱嫁,鄧麗君,國語,,764,,3,
恨不鉅情在當,陳蘭麗,國語,,476,,3,
恨你一世人,西卿,台語,,650,,6,
恨你不得已,楊宗憲,台語,,598,,6,
恨你入月,良山,台語,,0,,6,
恨你恨艮你,劉家昌,國語,,468,,9,
恨你無忙,張秀卿,台語,,563,,6,
恨你當初有愛過,沈建豪,台語,7,,,68,
恨你的勇氣,鳳娘,台語,,757,,6,
恨命莫怨天,,台語,,6,,6,
恨天不公平,揚哲,台語,,4,,6,
恨天恨自己,,華語,,,,99,
恨孤單,翁立友,台語,,4,,5,
恨你恨你我恨,劉家昌,國語,,855,,3,
恨恨海,甲子慧,台語,,94799,,5,
恨情歌,彭莉,台語,557,,,61,
恨情歌,林俊吉,台語,,0,,5,
恨情歌,王萊,台語,,467,,8,
恨情歌,陳昇,國語,,5,,2,
恨愛情,林良歡,台語,,96478,,5,
恨我還想你,馮徳倫,國語,,4,,3,
恨抺落心,翁立友林姍,台語,,5,,6,
恨自己,顧峰,國語,,683,,2,
恨透愛情,,華語,63,,,,
恩因愛,蔡秋鳳蔡忄虎,台語,,481,,5,
恩師,小綿羊,台語,,544,,5,
恩忙沒人可比,孫淑媚,台語,,1,,7,
恩恩愛愛,,台語,98,,,,
恩情,江志豐,台語,565,,,61,
恩情似海,蔡義徳,台語,,7,,6,
恩情沒人可比,孫淑媚,台語,63,,,,
恩情親像山,劉佳軒,台語,8499,6,,72; 72; 72; 8; 8,
恩愛,辛曉琪,國語,,3,,2,
恩愛夫妻,,客語,5,,,51,
恩愛好百年,一綾 吉力巴,台語,552,,,94,
恩愛歌,葉啟田 Swing,台語,64,,,,
恩愛甘甜,七郎,台語,,46585,,8,
恩清,江志豐,台語,,464,,5,
恩清,黃乙玲,台語,,5,,5,
恩賜,阿枉,國語,,582,,2,
恭喜呀恭喜,玖月奇跡,國語,,0,,1,
恭喜發財,林孟宗曾瑋中,台語,,6,,8,
恭喜發財,劉徳華,國語,,794,,9,
恭祝三願,,客語,4,,,51,
恭賀新婚,,客語,7,,,51,
恰到好處的幸福,,華語,6772,,,,
恰恰阿哥哥,謝金燕,台語,85,4,,71; 71; 71; 6,
恰想也是你一人,洪榮宏,台語,,2,,7,
悄悄話,江美琪,國語,,1,,2,
悅人不如悅己,,華語,6943,,,,
悔不當初,,華語,,,,; 54; 54; 54,
悔不當初,周嘉麗,台語,,7,,6,
悔不當初,王中平,台語,6,,,61,
悔不當初,王識賢,台語,,6,,6,
悔不當初,邱芸子,台語,,7,,8,
悔不當初,鄭中基,國語,,3,,2,
悔不當初,陳奕晴,國語,582,495,,2; 61; 61; 61,
悔改,,台語,,,,,
悟空不空,高登,國語,,484,,2,
悠悠流水,主夢麗,國語,,859,,2,
悢念的春天,葉敕田,台語,,7,,7,
悢念華爾滋,龍千玉,台語,,9,,7,
患得患失,吳示憲,國語,,6,,2,
您講的話,,華語,,,,51,
悲主的城市,葉啟田,台語,,0,,6,
悲亻獨角獸,許慧欣,國語,,6,,3,
悲傷の櫻花,華爾滋,台語,3,,,68,
悲傷不該是你,有鼓幽蘭,國語,,484,,3,
悲傷情人節,楊帆,華語,574,,,61,
悲傷情歌,劉佳軒,台語,85,,,72,
悲傷慣性,,華語,65,,,,
悲傷甘是阮的,謝金燕,台語,,862,,7,
悲傷的さくら,揚哲,台語,553,,,87,
悲傷的さㄑら,揚哲,台語,,4,,7,
悲傷的故事最美,林慧萍,國語,597,,,66,
悲傷的舞步,孫淑媚,台語,557,4,,97; 97; 97; 6,
悲傷的苯一莉葉,伊能靜,國語,,4,,3,
悲傷的雨水,陳雷,台語,56872,8,,65; 65; 65; 8; 8,
悲傷童話,,華語,,,,,
悲傷苯一麗葉,伊能靜,國語,,4,,3,
悲參的初戀,周蓬霖,台語,,4,,6,
悲哀的戀夢,文夏,台語,,2,,6,
悲嘆的筒簫,王瑞霞,台語,,8,,6,
悲情三線路,,台語,,858,,6,
悲情之夜,郭金發,台語,,5,,6,
悲情伴侶,林玉峰玉如,台語,,3,,8,
悲情城車,陳百潭,台語,,778,,6,
悲情探戈,蔡秋鳳,台語,62,,,,
悲情歌聲,江蕙,台語,,7,,6,
悲情的 Sakura,陳思安,台語,86,,,65,
悲情的呼尸士,袁小迪,台語,,669,,6,
悲情的小雨,郭大誠,台語,,0,,6,
悲情的戀夢 特魯多 趙柳芝 ◆,,華語,56,,,,
悲情的戀歌,蔡秋鳳,台語,,56679,,6,
悲情的沙 k,林育茲,台語,3,,,66,
悲情的花蕊,倫巴,台語,,,,61,
悲情的酒杯,龍千玉,台語,,860,,6,
悲情風失戀雨,王建傑,台語,,454,,7,
悲情鴛鴦夢,張淑美,台語,,563,,6,
悲戀一線路,白冰冰,台語,,3,,6,
悲戀情路,詹雅雯,台語,,1,,6,
悲戀男兒,李明洋,台語,,457,,6,
悲戀的人生,林春福,台語,,444,,6,
悲戀的公路,王識賢,台語,,98663,,8,
悲戀的港口,七郎 特魯多,台語,55553,,,,
悲戀的酒杯,陳小雲,台語,,3,,6,
悲歡歳月,王芷蕾,國語,,0,,2,
悲清的Sakura,陳思安,台語,,580,,6,
悲清的相思,郭健一莉婷,台語,,4,,6,
悲清的黃昏,方瑞娥,台語,,051,,6,
悲衣弋戀夢,七郎,台語,,7,,6,
悲觀人設,,華語,64,,,,
悲青探戈,蔡秋鳳,台語,,861,,6,
悲青海岸,賀一航秀鮃,台語,,58587,,6,
悸動,,華語,6459,,,,
情,蔡小虎,台語,,5,,5,
情一字,林慧省,台語,,445,,5,
情不自梺,何方,國語,,4,,2,
情不自禁,呂雯,國語,,961,,9,
情不自禁,陳慧琳,國語,555,2,,77; 77; 77; 2,
情也悠悠,田路路,國語,,658,,2,
情亡亡心亡汜,陳謝,台語,,385,,7,
情人,刀郎,國語,,462,,2,
情人,楊林,國語,,2,,2,
情人,黃品源,國語,,0,,2,
情人?敵人?,張惠妹,國語,,8,,2,
情人一場,邰正宵,國語,,9,,2,
情人不要哭,鄧麗君,國語,,8,,3,
情人保重,詹雅雯,台語,,764,,6,
情人再見,尤雅,國語,,7,,2,
情人再見,李雅芳,國語,,756,,2,
情人再見,楊小萍,台語,,5,,6,
情人再見,謝雷,國語,,0,,2,
情人夢,張蓉蓉,台語,,580,,5,
情人夢,陳雅惠,台語,569,472,,66; 66; 66; 8; 8,
情人山,,國語,,9,,2,
情人山,蔡琴,國語,,8,,2,
情人巷,張秀卿,台語,,443,,5,
情人敵人,伍浩哲朱玉濰&,國語,,2,,2,
情人朋友,SSIMON,國語,,2,,2,
情人橋,,台語,,994,,5,
情人橋,,國語,,876,,2,
情人橋,蔡秋鳳,台語,,447,,5,
情人橋,馬沙,台語,55599,499,,5; 61; 61; 61,
情人淚,秀蘭瑪,台語,,586,,5,
情人港,方瑞娥,台語,,56899,,5,
情人湖,詹雅雯,台語,,7,,5,
情人的心,楊宗憲,國語,,3,,2,
情人的海港,良阿,台語,,1,,6,
情人的海港,阿茹/良一 特魯多,台語,567,,,62,
情人的眼涙,甲子慧&鄭君,台語,,888,,8,
情人看破,孫淑媚,台語,555,,,93,
情人看破,系淑媚,台語,,4,,6,
情人知己,張宇,國語,,3,,9,
情人知己,梁文音,國語,,576,,2,
情人節,AKI,國語,3963,5,,; ; ; 2,
情人節,吳克群,國語,,561,,2,
情人節,大豪,國語,,466,,2,
情人節,莊心妍,國語,,849,,9,
情人節,莊心妍,華語,57395,,,72,
情人節一天,吳梵,國語,5,,,77,
情人節快樂,伍天宇,華語,575,,,61,
情人節快樂,曹格,國語,,662,,3,
情人節的情人劫,,華語,62,,,,
情人節的秘密,林子娟,台語,557,763,,61; 61; 61; 7,
情人節說分手,,台語,56,,,00,
情人結,,台語,,,,48,
情人結,張芸京,國語,,570,,2,
情人衫,林俊吉,台語,,8,,5,
情人裳,袁小迪向轅玲,台語,,558,,5,
情人變朋友,南台灣小姑鋃,台語,,6,,6,
情人變朋友,向蕙玲,台語,,5,,6,
情人路,蔡佳麟台婷,台語,,2,,5,
情人迷,,華語,6400,,,,
情份,,台語,47,,,,
情份,傅振輝/黃思婷,台語,553,,,88,
情份,林國慶&王瑞,台語,,493,,5,
情份,林宏銘,台語,,7,,5,
情份,陳美鳳,台語,,798,,5,
情伴,唐吳倖妏,台語,,494,,5,
情伴,唐飛,台語,565,,,61,
情伴,白冰冰/良一,台語,8546,,,70,
情伴,良白,台語,,564,,5,
情位讓人坐,吳俊宏,台語,,397,,6,
情何以堪,楊靜,台語,,472,,8,
情侶問答,,國語,,3,,2,
情債,米可,台語,948,2,,63; 63; 63; 8; 8,
情債,陳明真,國語,,386,,2,
情傷路,甲子慧,台語,557,840,,5; 63; 63; 63,
情到最後成追憶,,華語,65,,,,
情到最後變做空 莊長明 ◆,,客語,07,,,51,
情到濃時,李國祥,國語,5,4,,; ; ; 2,
情同手足,劉十,國語,,494,,2,
情問天,,台語,76,,,,
情問天,謝莉婷,台語,,4,,5,
情喙路,翁立友陣淑萍,台語,,585,,5,
情在台北,沈芳如,台語,56679,976,,61; 61; 6; 61,
情坎,冷漠,國語,,450,,2,
情場失敗的人,文宏,台語,,384,,7,
情場失敗的人,蘇錦煌,台語,60,,,00,
情場失敗的人,蘇錦煌/鈺茹 特魯多,台語,568,,,63,
情場失敗的人,蘇錦煌鈺茹,台語,,58691,,7,
情場憨子,蔡振南,台語,,8,,6,
情夢,洪百慧/王江發,台語,85,,,56,
情夢,阿吉仔,台語,0,,,69,
情夢一場空,李宥蓁,台語,3,,,64,
情夢啊情網,龍千玉,台語,,569,,6,
情夢夢一生,秀蘭瑪,台語,,490,,6,
情夢夢一生,秀蘭瑪雅,台語,8590,,,73,
情夢夢九醒,甲子慧,台語,,8,,8,
情夢夢抺醒,甲子慧,台語,56863,,,64,
情夢夢醒,孫淑媚,台語,8572,,,70,
情夢本是空,游麗紅,台語,9,98550,,64; 64; 64; 8; 8,
情夢難圓,楊偵鈺/楊清棟,台語,9,,,60,
情天恨海,陳小龍,台語,,44592,,6,
情天淚痕,洪第七,台語,,94538,,6,
情如水心如冰,,客語,,,,,
情如花,斯琴高,國語,,747,,2,
情字,江淑娜,國語,,564,,2,
情字,袁小迪,台語,,8,,5,
情字入骨,,華語,66,,,,
情字心頭鎖,白冰冰,台語,80,760,,57; 57; 57; 6,
情字恨少年,李明洋,台語,,0,,6,
情字這條路,潘越雲,台語,,0,,6,
情孤單愛認命,詹雅雯,台語,83,,,53,
情孤平愛認叩,詹雅雯,台語,,489,,7,
情宀怎樣寫,張淑茹,台語,,544,,6,
情守寡,,台語,,,,97,
情定六腳,許聰富,台語,,2,,8,
情定台西港,唐飛,台語,,497,,6,
情定台西港,唐飛 特魯多,台語,566,,,61,
情定小琉球,施文彬,台語,,783,,6,
情定愛河橋 特魯多 ◆ 林子娟,,國語,,,,,
情寄何方,談詩玲,台語,,852,,8,
情岸若無你,楊詠棋,台語,,,,61,
情己了我的愛,楊麗菁,國語,,7,,3,
情己冷,陳茂豐,台語,,6,,5,
情已冷,陳茂豐,台語,55883,,,61,
情已逝,張學友,國語,,3,,2,
情弦,張秀卿,台語,,4,,5,
情情路路Loneln,上明,台語,,7,,6,
情愛,詹曼鈴,台語,563,,,67,
情愛一生,王建傑,台語,3,98940,,60; 60; 60; 8; 8,
情愛無完全,王中平,台語,560,,,61,
情感宣言,段千尋,國語,,49777,,2,
情批,張蓉蓉,台語,,3,,5,
情批,詹雅雯,台語,,4,,5,
情投意合,張峰子,台語,1,54769,,64; 64; 6; 64,
情投意合,林玉峰,台語,,540,,6,
情放風吹,邱芸子,台語,558,4,,61; 61; 6; 61,
情敵貝多芬,工力宏,國語,,391,,3,
情敵貝多芬,王力宏,國語,3969,,,,
情斷夢醒才知影 特魯多 ○ 代表【midi無人聲】 ★ 代表【原聲 或 原聲原影】 適用機型：S-(BD/IMSBP系列/N系列/N2系列/W系列),● 代表【midi+人聲伴唱】 利用人如欲使用本產品於「公開場所」使用，請逕洽集管團體或著 ◆ 代表【midi+原聲伴唱】 作財產權人取得「公播授權」後，始得合法使用 1 上述符號為【歌曲類型】依機型及功能而有所不同 發行日期 /,華語,64,,,,
情斷飛機場,甲子慧,台語,561,0,,61; 61; 6; 61,
情旅,劉家昌,國語,,983,,2,
情是什麼,蔡琴,國語,,885,,2,
情是啥物件,王建傑,台語,8,,,60,
情書,張學友,國語,,4,,2,
情書,范逸臣,國語,,566,,2,
情歌,久登,台語,4,,,60,
情歌,林財寶,台語,557,,,92,
情歌,梁靜茹,國語,,568,,2,
情歌,謝金燕,台語,563,,,61,
情歌不該唱的那,麼悲傷,國語,,9,,3,
情歌傳心聲,,客語,3,,,51,
情歌唱乎誰人聽,陳盈潔,台語,6781,5,,; ; ; 7,
情歌唱未煞,詹曼鈴,台語,562,765,,61; 61; 6; 61,
情歌唱袂煞,唐華,台語,,49450,,6,
情歌忘了告訴,阿悄,國語,,8,,9,
情歌忘了告訴我,阿悄,華語,,,,60,
情歌恰恰,陳思妏,台語,,,,61,
情歌摻苦酒,甲子慧,台語,55863,6,,61; 61; 6; 61,
情歸何處,林淑容,國語,,8,,2,
情歸何處,高慧美,國語,1,,,64,
情每手冗,詹曼鈴,台語,,56677,,6,
情毒,,台語,,,,42,
情沙,阿吉仔,台語,7,,,66,
情沙黏合,七小,台語,,744,,6,
情沙黏袂合,七郎/小璇,台語,56653,,,67,
情沙黏袜合,七小,台語,,97683,,8,
情海,小辣椒,台語,,780,,8,
情海,陳德容,國語,,9,,2,
情海一條龍,陳一郎,台語,76,,,,
情海人生,邱芸子,台語,55588,487,,61; 61; 6; 61,
情海冰山,張蓉蓉,台語,,581,,6,
情海孤帆,蕭承祥,台語,1,7,,64; 64; 64; 8; 8,
情海孤鳥,邱芸子,台語,554,,,61,
情海波浪,,台語,,547,,6,
情海波浪,,華語,62,,,,
情海波浪,七郎/一綾,台語,6854,,,,
情海浮沉,詹曼鈴,台語,559,,,61,
情海浮沉的人,,華語,68,,,,
情海無岸,,華語,85,,,,
情海無邊,,台語,,,,52,
情海無邊,黄思娉,台語,,886,,8,
情海的風,林國榮,國語,,,,,
情海茫茫,尤雅,台語,,761,,6,
情海茫茫,翁立友,台語,,568,,6,
情海行船人,高佳群,台語,,9,,8,
情海豕濛,王瑞霞,台語,,8,,6,
情海風塵一場夢,陳亮吟,台語,554,,,88,
情海駛孤帆,揚哲,台語,,4,,6,
情海駛孤帆,揚哲 特魯多,台語,553,,,93,
情涙欖心碎,李天良,台語,,840,,8,
情淚,莊振凱,台語,,593,,8,
情淚放叨位,邱芸子,台語,55399,,,61,
情淚滿杯,邱芸子,台語,,446,,6,
情淚為你墜,江蕙,台語,,7,,6,
情深,蔡亞玲,台語,89,,,57,
情深00年,龍千玉,台語,,1,,6,
情深一世人,白冰冰,台語,,582,,6,
情深不敢再提起,余帝,台語,,0,,7,
情深似海,葉明泰宥睛,台語,,541,,6,
情深似海,蔡小虎,台語,,3,,6,
情深似海,陳孫淑媚,台語,,691,,6,
情深似海,陳雷/孫淑媚,台語,84,,,60,
情深依舊,陳淑樺,國語,,46440,,1,
情深幾許,,華語,6550,,,,
情深幾許,鍾鎮濤章蓉舫,國語,,381,,2,
情深彼當時,陳茂豐,台語,55752,,,61,
情深意動,曾淑勤,國語,,382,,2,
情深意濃,,客語,0,,,51,
情深意重,孫藝琪,Unknown,,794,,1,
情深意重,陳邱芸早,台語,,0,,6,
情深愛也深,陳雷/謝婷婷 吉力巴,台語,8555,,,73,
情深才有愛,郭忠祐,台語,,2,,8,
情深攏是因為你,,華語,,,,,
情深比天老,高向鵬台萍,台語,,576,,6,
情深深,周連發/許玉春 特魯多,台語,7,,,,
情深深,周連發許玉春,台語,,54771,,5,
情深深,袁小迪千玉,台語,,7,,5,
情深深喙糐薄,龍千玉侖隆苹,台語,,6,,7,
情深深心綿綿,邱芸子,台語,55442,497,,97; 97; 97; 7,
情深深愛袂停,陳雅莉 特魯多,台語,7,,,,
情深深深深情,秀蘭瑪,台語,,4,,7,
情深深雨濛濛,趙薇,國語,,,,,
"情深深雨豕第,",趙薇,國語,,5,,3,
情深為誰,周華健,國語,,792,,2,
情深無悔,,台語,50,,,39,
情深緣淺,殷正洋,國語,,383,,2,
情深緣淺,甲子慧/荒山亮,台語,558,,,61,
情深緣淺,荒山亮甲子慧,台語,,577,,6,
情深緣糐,久詹,台語,,8,,6,
情深緣糐,劉依純,台語,,76479,,6,
情深緣糐,林俊吉,台語,,092,,6,
情深緣薄,久登/詹曼鈴,台語,55845,,,63,
情深緣薄,劉依純,台語,558,,,83,
情深緣薄,孫淑媚,台語,559,,,88,
情深難捨,淂湘,台語,,542,,6,
情深難放,吳麗鳯 特魯多,台語,1,,,65,
情濃,詩雨,國語,5,,,00,
情火,,台語,84,,,,
情火,方瑞娥,台語,,3,,5,
情火,白冰冰,台語,87,761,,56; 56; 56; 5,
情火,邱賢桂,台語,,463,,8,
情為何物,費翔,國語,,9,,2,
情為難,林子娟,台語,8566,766,,74; 74; 74; 5,
情無解,袁小迪,台語,,764,,5,
情煙,孫豪,國語,,7,,2,
情牢,李克勤,國語,,5,,2,
情生意動,曾淑勤,國語,,382,,2,
情甲涙,沈建豪,台語,,0,,5,
情甲淚,沈建豪,台語,567,,,61,
情畫,,國語,,5,,2,
情畫,劉畊宏,國語,,,,,
情病,高勝美,國語,,380,,2,
情痴心,成鳳,台語,,6,,5,
情的溫度,林晏如,台語,,383,,6,
情的鎖愛的磨,龍千玉,台語,,2,,7,
情的鎖鍊,,台語,98,,,39,
情的鎖鏈,江惠儀,台語,,4,,6,
情竇初開,陳蘭麗,國語,,9,,2,
情索,王建傑,台語,6,,,60,
情結,溫兆倫,國語,,385,,2,
情絲涙,石石琇惠,台語,,5,,5,
情絲淚(雨中情),石琇惠/石喬,台語,553,,,00,
情絲牽兩地,,客語,4,,,51,
情絲短短,楊小萍,國語,,773,,2,
情絲網,,客語,,,,,
情絲難斷,李明洋,台語,,464,,6,
情網,江蕙,台語,63,,,,
情網,謝莉婷,台語,,4,,8,
情網,陳盈潔,台語,,3,,5,
情網難逃,江志豐,台語,56839,,,64,
情綿綿,葉復台,台語,,1,,8,
情綿綿,豪記大對唱,台語,,564,,5,
情綿綿意綿綿,辯棠阿蕨又,台語,,8,,7,
情綿綿雨綿綿,韓寶儀,台語,,8,,7,
情緣,,國語,,,,94,
情緣,彭莉,台語,68,,,,
情緣,蔡秋鳳袁小迪,台語,,3,,8,
情緣,袁小迪蔡鳳,台語,,649,,8,
情緣,詩雨/明輝,台語,55866,,,00,
情罪,詹曼鈴,台語,561,,,61,
情義,王中平/陳茂豐,台語,55838,,,61,
情義之男,,國語,,,,93,
情義無底買,王中平,台語,,0,,6,
情義無底買,王中平 搖滾,台語,563,,,61,
情舌,徐孫羽幽,國語,,4,,2,
情花,洪百慧,台語,,654,,5,
情花,莊振凱陳淑萍,台語,,9,,8,
情花,袁小迪,台語,,800,,5,
情花,鄧麗君,國語,,58560,,2,
情花,陳淑萍卜凱,台語,,475,,8,
情花滿開,西卿,台語,,578,,6,
情花為誰開,陳新,國語,576,,,64,
情若夢,七郎,台語,67,457,,; ; ; 5,
情若放,林俊吉洪百慧,台語,,951,,5,
情若深,黄春妹,台語,,7,,5,
情若無緣saygood,bye文田,Unknown,,3,,1,
情袂老,黄美麗,台語,,453,,5,
情話,上明/佳虹,台語,83,,,65,
情話,陳怡婷,台語,,6,,8,
情話太多,李愛妮,國語,,499,,2,
情話綿綿,林姍,台語,,438,,8,
情話說不完,,華語,,,,,
情話說給晚風聽,,華語,6896,,,,
情變卦,慕鈺華,台語,,2,,5,
情變卦,葉敕田,台語,,989,,8,
情路,劉育綾,台語,84,,,73,
情路 Lonely Night,上明 特魯多,台語,83,,,49,
情路了斷,,華語,,,,,
情路作對,,華語,58,,,,
情路你甲我,戴梅君,台語,,58476,,6,
情路同心圓,楊靜,台語,,57893,,6,
情路同齊走,,台語,,,,51,
情路同齊走,蘇世豪,台語,,54795,,6,
情路含慢師 恰恰 佩諭.施文,,台語,,,,47,
情路咱來行,余周雅芳,台語,,939,,6,
情路太難,鄺美雲,國語,,387,,2,
情路孤單行,,台語,,,,97,
情路彼呢遠 華爾滋 ◆ 林靖恩,,華語,68,,,,
情路心驚驚,廖麗琴 特魯多,台語,939,,,,
情路怎樣行,尤君,台語,,543,,6,
情路情茫茫,林俊吉,台語,,4,,6,
情路惦惦走,孫淑媚,台語,6573,,,,
情路有你感謝天,詹雅雯,台語,83,,,49,
情路有你成謝天,詹雅安,台語,,5,,7,
情路步步險,林涵霖,台語,,,,69,
情路歹行,余帝 特魯多,台語,7959,,,49,
情路流浪兒,上明,台語,,971,,6,
情路滑洌洌,上明,台語,,442,,6,
情路滑洌洌,上明 特魯多,台語,567,,,62,
情路滿天雪,,台語,,,,51,
情路滿天雪,吳艾鎂,台語,,584,,6,
情路滿天雪,董忠信,台語,,949,,8,
情路無尾巷,蕭煌奇,台語,,575,,6,
情路看破,張蓉蓉,台語,,3,,8,
情路越愛越痛,秀蘭瑪,台語,,9,,7,
情路越愛越痛,秀蘭瑪雅,台語,84,,,60,
情路這呢短,張秀玲,台語,,494,,6,
情路這呢長,孫淑媚,台語,,6,,6,
情路這歹走,方怡萍,台語,84,468,,71; 71; 71; 6,
情路過客,廖玲玲 特魯多,台語,7,,,,
情路過站,陳思安,台語,,59562,,8,
情路隨人行,劉綺芸,台語,,549,,6,
情路隨人走,,台語,,,,51,
情路隨人走,何詠益,台語,,957,,6,
情路難回,沈龍飛,台語,7,,,64,
情迷意亂,陳隨意,台語,,5,,6,
情那要斷就斷乎離,李茂山,台語,84,,,70,
情醉心也碎,戴梅君,台語,,978,,6,
情鎖,張瑞達,台語,7,,,,
情鎖入夢中,儒孺,台語,564,446,,61; 61; 6; 61,
情長,林俊彥,台語,,491,,5,
情長,謝雷,台語,,868,,8,
情關,,客語,2,,,51,
情關,,華語,6467,,,,
情關,林涵霖,台語,,46759,,8,
情關,林涵霖 特魯多,台語,569,,,67,
情關,陳茂豐,台語,55954,,,61,
情關層層,馬沙,台語,550,,,97,
情關徘徊,林慶源,台語,,44660,,6,
情關難渡,施志興 吉力巴,台語,55661,,,52,
情關難離,龍千玉,台語,,643,,6,
情陷紅塵,李翊君,國語,,384,,2,
情隹回,何儷,台語,,493,,5,
情隹守,遊佳,台語,,695,,5,
情隹捨,王瑞霞,台語,,7,,5,
情難,陳百潭,台語,,2,,5,
情難再續,李國祥,國語,5,,,61,
情難分愛難離,蔡小虎林冊,台語,,947,,7,
情難守,林志昌林淑貞,台語,,549,,5,
情難忘,七郎,台語,55543,,,,
情難忘,王識賢,台語,,395,,5,
情難忘意難亡,甲子慧,台語,,48879,,7,
情難忘意難忘,甲子慧,台語,55755,,,61,
情難忘愛難忘,尤雅,台語,,8,,7,
情難捨,洪彬朝&游麗工,台語,,545,,5,
情難捨,洪彬朝/游麗紅,台語,5,,,64,
情難收斷抹離,,華語,,,,,
情難放,晶晶 特魯多,台語,7,,,,
情難斷,羽立友着思婷,台語,,563,,5,
情難斷夢抹醒,方順吉,台語,,96652,,7,
情難斷夢袂醒,陳邱芸子,台語,,7,,7,
情難斷夢袂離,蕭炳林,台語,7,,,,
情難斷斷抹離,伍浩哲.陳美鳳,台語,67,,,,
情難斷斷抹離,伍浩哲美鳳,台語,,6,,7,
情難求,游鴻明,國語,576,,,45,
情難留,黃思婷,國語,,4,,2,
情難緣,,客語,2,,,51,
情難解,陳茂豐,台語,565,455,,5; 61; 61; 61,
情難離,施志興/吳倖妏 勃露斯,台語,55660,,,52,
情難離,施志興/吳倖妏 勃露斯,台語,7,,,51,
情雨,,台語,00,,,51,
情雨,吳艾媄,台語,,847,,8,
情雨,孫淑媚,台語,60,555,,; ; ; 5,
情雨,游麗紅,台語,,54798,,5,
情雨綿綿,秀蘭瑪,台語,,394,,6,
情雨綿綿,秀蘭瑪雅,台語,89,,,64,
情雨落袂停,朝峰,台語,,3,,8,
情雨落袂停,翎峰,台語,962,,,63,
情雨飛,陳淑萍,台語,,958,,5,
情非得已,周華健,國語,,9,,2,
情非得已,庾澄慶,國語,,4,,2,
情靠岸,葉宜君,台語,,43974,,8,
情靠岸,謝宜君,台語,,97990,,8,
情面,王冕,國語,,,,1,
情面,王冕 搖滾,華語,,,,61,
情願一個人,系耀威,國語,,7,,3,
情願孤獨,江音,國語,,4,,2,
情願是你讓我,壱何雨変,國語,,9,,3,
情願為你付出我一,玉清,國語,,472,,1,
情願言你飛,許怡台,國語,,8,,3,
情路,,客語,0,,,51,
情路滿天飛,,客語,893,,,51,
情路自在隨人行 林展逸 ◆,,客語,872,,,51,
惘然,潘安邦,國語,,941,,9,
惜別,慈柚靜,台語,,492,,5,
惜別,承祥葉疌,台語,,546,,5,
惜別,蕭承祥/葉冰倢,台語,6,,,64,
惜別,陳達邵玟仱,台語,,089,,5,
惜別,陳雷,台語,7389,7,,; ; ; 5,
惜別台北港 特魯多 依琳,,台語,666,,,,
惜別夜港邊,洪一峰 Tort,台語,61,,,,
惜別桃園機場,賴進財,台語,,7,,8,
惜別火車站,七郎/邱芸子,台語,60,,,,
惜別的情話,郭健一/邱芸子,台語,559,,,87,
惜別的晚暝,李茂山/林美英,台語,6692,,,,
惜別的西海岸,七郎,台語,,5,,7,
惜別船頭岸,楊榮輝,台語,,438,,8,
惜別西海岸,七郎,台語,61,,,,
惜別高鐵站,慕容婕,台語,,760,,8,
惜別高雄機場,,台語,,2,,7,
惜妳若生命,林欽能 特魯多,台語,7,,,,
惜忙的人,陳建誠美雀,台語,,583,,6,
惜情,余帝,台語,80,,,53,
惜情,王識賢,台語,556,,,84,
惜福,蔡秋鳳,台語,,56967,,5,
惜緣,,台語,,,,; 42; 42; 42,
惜緣,,客語,7,,,51,
惜花,楊靜,台語,,469,,5,
惜花趁清香,,台語,,,,51,
惜花趕青春,,客語,889,,,51,
惠安之眷,阿枉,國語,,688,,2,
惡作劇,王藍茵,國語,,,,,
惡名昭彰,TZ/Toro Trap,國語,,,,61,
惡夢,戴愛玲,國語,561,,,78,
惡夢,蔡小虎,台語,,947,,5,
惡男宅急電,范逸臣,國語,59,,,39,
惦在你身邊,黃乙玲,台語,563,,,61,
惦在故鄉等你的人,白冰冰,台語,6757,,,,
惦惦,黃乙玲,台語,563,,,61,
惦惦好嗎,蕭閃仁,國語,,572,,2,
惦記,祁隆,國語,,5,,9,
惦記這一些,王傑,國語,545,,,42,
惱人的秋風,高凌夙,國語,,6,,3,
想,彭佳慧,國語,,3,,2,
想一京,丁噹,國語,,57385,,2,
想一天就可以想你,到永,國語,,3,,3,
想不到,,台語,,,,97,
想不想能不能該 小倩 不該 梭 ★,,華語,66,,,,
想不起,胡楊林,國語,,49989,,2,
想不開,陳維,台語,,490,,5,
想乎開,,台語,,,,95,
想乎開放乎離,王瑞霞,台語,555,,,88,
想也袂目、解,江蕙,台語,,9,,7,
想以前 華爾滋 劉玉芳 ◆,,客語,,,,,
想你,,華語,,,,,
想你,尚芸菲,國語,,3,,2,
想你,艾驘,台語,,900,,8,
想你,范文芳,國語,,3,,2,
想你,蔡健雅,國語,,3,,2,
想你,豬段桃,國語,66,,,,
想你!我想你,卉獉,台語,,447,,6,
想你一擺心痛一擺,白冰冰,Unknown,,460,,8,
想你也無效,唐飛,台語,,490,,6,
想你了,,華語,67,,,,
想你傷口會疼,莊心妍,國語,,949,,9,
想你傷口會疼,莊心妍,華語,57444,,,61,
想你到深更,郭健一,台語,556,,,61,
想你千萬回 House 祥嘞嘞,,台語,664,,,,
想你只能放心裡,姚東耀,華語,57553,,,68,
想你呀,江志豐,台語,56855,8,,64; 64; 64; 8; 8,
想你啦,龍梅子,國語,,460,,2,
想你喲,鄭詠心,台語,56700,,,62,
想你心會痛,勃露斯,華語,,,,61,
想你想你,,台語,76,,,00,
想你想你,王心凌,國語,,462,,1,
想你想你擱想你,,台語,,,,44,
想你想得好孤寂,邰正宵,國語,5,,,42,
想你我想你,卉榛,台語,,448,,6,
想你日記,許嘉凌/JR,國語,552,,,85,
想你的夜 中板靈魂樂 李群州,,華語,62,,,,
想你的心,秀蘭瑪,台語,,899,,6,
想你的心,秀蘭瑪雅,台語,65,,,,
想你的心,謝莉婷,台語,,442,,6,
想你的情歌,,華語,,,,,
想你的探戈,七郎,台語,83,,,69,
想你的時候唱一,,華語,69,,,,
想你的時候我又 曾春年 淚奔,,華語,6741,,,,
想你的時拵,洪榮宏,台語,6790,,,,
想你的時陣,許富凱,台語,,974,,8,
想你的權利 梭 ◆ 鄭喬安,,國語,,,,,
想你的歌,黃文星,台語,,58478,,6,
想你的歌詩,謝金燕,台語,8779,,,75,
想你醒在 0:,庾澄慶,國語,5,,,51,
想你點煙,隨性,台語,,38588,,8,
想你人,,客語,8,,,51,
想個不停,郭靜,國語,,566,,2,
想做你男朋友,張政,國語,,683,,3,
想像中的愛人,游國維,國語,,7,,3,
想像力,芭比,國語,,495,,9,
想兑,許志安,國語,,3,,2,
想到你,,華語,6694,,,,
想到你,黃文星,台語,,744,,8,
想到你就心疼,黃曉鳳,Unknown,,46386,,1,
想到你心就寒,周育嬋,台語,,393,,7,
想君心綿綿,尤鳳,台語,,4,,8,
想哈人怨哈人等哈人,楊宗,台語,,1,,7,
想哭就到我懷裡哭,庚澄慶,國語,,1,,3,
想哭就哭,姜育恆,國語,,8,,2,
想問您,夏國興系珮林,國語,,563,,2,
想太夕,季玖哲,國語,,569,,2,
想好好愛一場,許秋怡,國語,,8,,3,
想妳,丁力,國語,,7,,2,
想妳想甲睏抹,+識賢,台語,,966,,7,
想娶的姑娘,,華語,6551,,,39,
想子兒,,客語,7,,,51,
想對你説,揚宗緯,國語,,48462,,2,
想你,黄思号,台語,,7,,5,
想你到深更,余天,台語,,383,,6,
想你到深更,施文斌,台語,,964,,6,
想你到深更,郭健一,台語,,474,,6,
想你就寫信,浪花兄,國語,,574,,3,
想你想歸暝,王建傑,台語,,965,,6,
想你我想你,蚊伶,台語,,5,,6,
想你甘會想我,葉誥帆,台語,,98770,,8,
想你的夜,于台煙,國語,,1,,2,
想你的夜,李之勤,國語,,7,,2,
想你的夜,江浿辰,Unknown,,46477,,1,
想你的夜(朱眠版),關,國語,,586,,2,
想你的彼條歌,洪榮宏,台語,,1,,8,
想你的戚覺,張瀛仁,台語,,49441,,6,
想你的探戈,七郎,台語,,7,,6,
想你的歌詩,謝金燕,台語,,4,,6,
想你的習慣,小宇,國語,,56778,,3,
想你紀念日,施文彬,台語,,800,,6,
想你醒在0:,庚澄慶,國語,,463,,3,
想幸福的人,揚丞琳,國語,,57667,,3,
想你一整夜,蔡琴,國語,,3,,3,
想你到天光,江蕙,台語,,963,,6,
想你想斷腸,,國語,,0,,3,
想你的功課,林嬌,台語,,9,,6,
想你的心情沒有盡,·李翊君,國語,,54574,,1,
想你的愛,何澗東,國語,,3,,2,
想你的距離,截愛玲,國語,,1,,3,
想你約,鄭詠心,台語,,45487,,5,
想從前,崔萍,國語,,9,,2,
想念你,庾澄慶,國語,52,,,,
想念你,李明翰,華語,577,,,61,
想念你的夜,,國語,99,,,,
想念你的愛,鄭中基,國語,,7,,3,
想念你的時候,能量兄,國語,,7,,3,
想念停止,,華語,6584,,,,
想念妳在白天,余天,國語,,987,,3,
想念你的夜,李玟,國語,,698,,3,
想念尔,春妹,國語,,6,,9,
想念尔,李翊君高登,國語,,962,,2,
想念我,張雨生,國語,,3,,2,
想念我的女人,波拉,國語,,897,,3,
想念的季節,甄秀珍,國語,,4,,3,
想念的李節,海燕,國語,,3,,3,
想念聖誕節,蕭亞軒,國語,,8,,3,
想念自己,Ella,Unknown,,6,,1,
想念被擱淺,,華語,6796,,,,
想想可惜,剛澤斌,國語,5,,,51,
想戀一個愛,丁噹,國語,,897,,9,
想我的理由,張信哲,國語,580,,,,
想抹曉,,台語,65,,,,
想故鄉,黃克林,台語,6993,,,43,
想暦的心情,張秀卿,台語,,2,,6,
想有一雙翅膀,大小百,國語,,3,,3,
想有啥路用,林峰,台語,,9,,6,
想欲見的人,鳳娘,台語,556,,,98,
想欲飛,莊振凱,台語,,9,,8,
想欲飛,董育君,台語,,794,,8,
想清主楚,祝釩剛,國語,,9,,2,
想無,甲子慧,台語,8,,,65,
想珎到三更,陳念陸,台語,,548,,6,
想甲睏袂去,李天良,台語,,8,,8,
想知道,,華語,6996,,,,
想知道現在你好不,好,國語,,56867,,3,
想著你,方怡萍,台語,560,,,67,
想著你的好,,華語,50,,,,
想著你的感覺真美,甜美真/冰冰火,華語,577,,,68,
想著你親愛的,,台語,50,,,,
想著你親愛的,祁隆,國語,,896,,9,
想著她,范英楠,國語,,685,,2,
想著你,方怡萍,台語,,474,,5,
想著你給我的,KBO,國語,,498,,3,
想著彼個人,葉敗田,台語,,49495,,6,
想著想著就哭了,傅薇,國語,,,,,
想著過去想起你,,國語,20,,,,
想袂到,張傳,台語,,546,,5,
想袂開,詹雅雯,台語,,98746,,8,
想袂開放袂離,蔡小虎,台語,,94890,,7,
想袂靠岸,蔡小虎,台語,,94898,,6,
想要乎你摟,唐飛,台語,56388,,,63,
想要乎你樓,唐飛,台語,,541,,6,
想要你,,台語,,,,97,
想要你也難不想你,也難,國語,,3,,3,
想要你來'做不,甲子慧,台語,,970,,7,
想要和你過一,林玉英,國語,,4,,3,
想要唱歌乎你聽,池宇菲,台語,,8,,8,
想要問你,劉依純,台語,552,765,,90; 90; 90; 6,
想要忘了你,千百惠,國語,,3,,3,
想要愛你,林冠中,台語,,970,,6,
想要為你唱一首,工志豐,台語,,46576,,8,
想要無共樣,,客語,,,,,
想要跟你飛,鳳飛飛,國語,,454,,3,
想要飛,王建傑,台語,561,4,,5; 68; 68; 68,
想見你,林麗,國語,,687,,2,
想見卻不能再,顧曉宇,國語,,684,,3,
想說,蔣卓嘉,國語,,669,,2,
想說,許志安,國語,5,,,47,
想起,江美琪,國語,,3,,2,
想起,龍飄飄,國語,,3,,2,
想起了你,,華語,62,,,39,
想起伊,江蕙,台語,,9,,5,
想起小時候,,國語,,3,,3,
想起小時候,陳盈潔,國語,,581,,3,
想起彼一暝,唐飛,台語,,496,,6,
想起彼一暝,淑媚,台語,5,785,,65; 8,
想起彼個人,佚名,台語,,5,,6,
想起彼個人,葉敕田,台語,,5,,6,
想起彼當時,林玉英,台語,,7,,6,
想起彼當時,洪一年,台語,,4,,6,
想起彼當時,蔡秋鳳,台語,,2,,6,
想起彼當時,辯棠二人組,台語,,56644,,6,
想起月津港,林婀,台語,,43883,,8,
想起父母時,林婀,台語,,576,,6,
想起當初,洪玲,台語,,2,,6,
想起那當時,林娜,台語,57585,,,65,
想開就好,蔡秋鳳,台語,553,5,,75; 75; 75; 6,
想飛,系耀威,國語,,3,,2,
想飛,鄭怡,國語,,3,,; ; ; 2,
想飛的戚覺,亞男,國語,,49987,,3,
愁一夜冥,江蕙,台語,,2,,5,
愁人,伍浩哲,台語,,445,,5,
愁人丐一頋,楊哲,台語,,983,,8,
愁人呆,,台語,,799,,5,
愁人情歌,柯受良,台語,,2,,6,
愁人有水命,鳳娘,台語,,584,,7,
愁国仔,余天龍,台語,,440,,5,
愁夜夢,王中平,台語,55770,571,,5; 61; 61; 61,
愁屵,王又萱,國語,,547,,2,
愁情,王又萱,國語,777,,,64,
愁愿頭,許效舜,台語,,97448,,5,
愁戶,莊育典,台語,,472,,8,
愁癡情,陳中,台語,,494,,5,
愁的月光光,楊靜,台語,,7,,7,
愁的牡丹丹,洪榮宏江蕙,台語,,4,,7,
愁相思,白冰冰,台語,,762,,5,
愁眉傳聲,蕭蔓萱,台語,,640,,6,
愁阿呆,蔡振南,台語,,3,,5,
愁雨冥,趙永豐,台語,,498,,5,
愁麻,,客語,2,,,51,
愁點點,,國語,,384,,2,
愈做愈絕,朱海君,台語,,4,,6,
愈愛心愈痛,梁月梅,台語,779,95650,,; ; ; 6,
愈愛心愈重,孫淑媚,台語,,464,,6,
愈愛心愈驚,黄千芸,台語,,76465,,6,
愈愛愈堅定,周韋杰徐佩依,台語,,57449,,6,
愈愛愈堅定,甯福建/楊素霞,台語,6,,,64,
愈愛愈孤單,黃崧豪,台語,56999,46592,,60; 60; 60; 8; 8,
愈愛愈後悔,林柔均,台語,,851,,6,
愈愛愈悲哀,辯棠阿王,台語,,564,,6,
愈愛愈愛,余憲忠,國語,,9,,9,
愈愛愈深,阿月,台語,,546,,6,
愈愛愈無用,董育君,台語,,5,,6,
愈愛愈狼狽,,台語,00,,,51,
愈愛愈痛,陳美伶,台語,5,546,,65; 65; 6; 65,
愈慢愈美麗,蔡依林,國語,,568,,3,
愈搏愈重,蔡小虎,台語,,4,,6,
愈潦愈深,蔡小虎,台語,,94899,,6,
愈行愈離,宋佳玲,台語,,442,,6,
愈踏愈深,陳盈潔,台語,,6,,6,
愈離愈開,江蕙,台語,,3,,6,
愈飮心愈凝,亦羚,台語,,9,,6,
愈飮心愈凝,陳思安,台語,,588,,6,
愈飮愈怨嘆,蘇玉珍,台語,,54452,,6,
愈飲愈怨嘆,蘇玉珍,台語,778,,,,
愍人,五月天,台語,,48758,,5,
愍愁的愛,陳隨意,台語,,496,,6,
愍愁舸笑,王識賢,台語,,48778,,6,
愍愍為你竿孑,系淑媚,台語,,381,,7,
愍甲有滕,蔡小虎,台語,,4,,6,
愍的愛忙痴,黄千芸,台語,,9,,8,
意亂情迷,,國語,,393,,2,
意亂情迷,姚蘇蓉,國語,,661,,2,
意亂情迷,洪榮宏,台語,,551,,6,
意亂情迷,無鴫,國語,,49994,,2,
意亂情迷,紀露露,台語,,1,,8,
意外,呂雯,國語,,795,,2,
意外的邂逅,,華語,68,,,,
意想不到,蕭薔,國語,,8,,2,
意難忘,文夏,台語,,5,,5,
意難忘,美黛,國語,,4,,2,
意難忘情難守,,客語,5,,,51,
意願,,華語,6753,,,,
愚人的國度,孫燕姿,國語,,57444,,3,
愚人碼頭,齊熊天平,國語,,438,,2,
愚昧,沈芳如,國語,,3,,2,
愚笨,,華語,65,,,,
愛,,國語,,5,,2,
愛,曾慶瑜,國語,,3,,2,
愛,芭比,國語,,693,,2,
愛,莫文蔚,國語,,6,,2,
愛,趙多娜,國語,,777,,2,
愛,陳盈潔,國語,,46490,,1,
愛 不分了,勃露斯,華語,,,,60,
愛!為什麼,楊樺,國語,,49557,,2,
"愛*專角,",羅志祥,國語,,540,,2,
愛*轉角,羅志祥,國語,571,,,50,
"愛,严男裡尋",姚蘇蓉,國語,,438,,3,
"愛,主丿難説出口",羅百吉,國語,,560,,3,
"愛,情到一拜幵",陳小雲,台語,,498,,7,
"愛,情加油亭",陳中,台語,,491,,6,
"愛,情加油站",向蕙玲,台語,,76455,,6,
"愛,情弱者",蔡小虎,台語,,7,,6,
"愛,情親像一鬥显",李明洋邱芸子,台語,,4,,7,
"愛,情親像一齣戲",林玉英,台語,,7,,7,
"愛,戀三國",林知卉,台語,,8,,8,
"愛,見好就收",勃露斯,台語,556,,,52,
"愛.在黒,夜",許茹芸,國語,,457,,2,
愛.這件事情,傅又宣,國語,,453,,3,
愛dfrPK青PK,艾晴晴,國語,,457,,2,
愛ing,雪江意銘,台語,,979,,5,
愛llfrABC清,閃亮三,國語,,498,,2,
愛llfrDNA青,芭比,國語,,560,,2,
愛•無卡紙,,台語,95,,,,
愛、怎麼挽留郎,軍,國語,,779,,3,
愛、立符,,Unknown,,4,,1,
愛。幸畐,方順吉魏嘉瑜,台語,,980,,8,
愛。相扶持,傅振輝,台語,,955,,6,
愛ロ阿,李明洋,台語,,2,,5,
愛ㄊ,詹雅雯,台語,,5,,5,
愛ㄟ世界,閃亮三,台語,,489,,6,
愛ㄟ世界,閃亮三姊妹,台語,55762,,,61,
愛ㄟ舞伴,于台煙,台語,560,767,,67; 67; 6; 67,
愛一主海,蔡小虎王瑞,台語,,97577,,8,
愛一個不該愛,人林子娟,台語,,5,,7,
愛一個不該愛的人,林子娟,台語,56687,,,61,
愛一個人,張秀卿,台語,,4,,6,
愛一個人,斯琴高,國語,,683,,2,
愛一個人,蔡麗津,台語,6552,,,,
愛一個人好難,蘇永康,國語,579,8,,42; 42; 42; 3,
愛一個人愛到,無鸣,國語,,476,,3,
愛一個人是很苦的,事,國語,,3,,3,
愛一個人沒錯,何耀珊,國語,,8,,3,
愛一個人為什麼那麼難,徐一鳴,華語,575,,,67,
愛一個人等於愛上,孤獨,國語,,3,,3,
愛一個可以喲,李秀蘭,台語,,941,,7,
愛一分傷一分痛一分,呉淑敏,台語,,2,,7,
愛一吹給不完,張學友王墻守,國語,,3,,3,
愛一回,林俊吉,台語,,9,,5,
愛一回傷一回,游鴻明,國語,,4,,3,
愛一回傷一回,翁立友,台語,,566,,7,
愛一天多一天,陳曉東,國語,,655,,; ; ; 3,
愛一天疼一冬,羅文聰,台語,,8,,7,
愛一情是什麼,林美惠,台語,,7,,6,
愛一擺痛一回,葉勝欽,台語,,97579,,8,
愛一斤値多少,洪榮宏對唱,台語,,973,,8,
愛一次給不完,張學友/王菲,國語,5,,,63,
愛一步恨一步,李翊君,台語,,973,,7,
愛一直存在,梁文音,國語,,56868,,3,
愛一直閃亮,羅美玲,國語,,564,,3,
愛一青美,蕭亞軒,國語,,4,,2,
愛上一個人,楊林,國語,,3,,3,
愛上一個人,陳慧琳,國語,5,9,,62; 62; 62; 3,
愛上一個人永遠不,會太,國語,,2,,3,
愛上一個夢,,華語,64,,,,
愛上一個無情的 郭力 人,,華語,63,,,,
愛上下一個人之前,夾子道,國語,,749,,3,
愛上不該愛的,宇桐非,國語,,683,,3,
愛上了一個不該愛,的人,國語,,49881,,3,
愛上了一條街,蔡依林,國語,,0,,3,
愛上了寂寞,李明翰,國語,,49986,,3,
愛上了沈春陽 Hip-Hop 龍軍,,華語,,,,53,
愛上了癮,黄鶯鶯,國語,,9,,2,
愛上亻,BY2,國語,,578,,2,
愛上亻,ㄦE,國語,,571,,2,
愛上亻,斯琴高,國語,,49870,,2,
愛上亻,羅百吉,國語,,7,,2,
愛上他,羅百吉,國語,5,,,67,
愛上他的人,易欣,華語,575,,,61,
愛上你,斯琴高麗,華語,576,,,61,
愛上你是我一生的,錯,國語,,3,,3,
愛上你是我一輩子的痛,海洋,華語,572,,,61,
愛上你是我不小心,犯的,國語,,458,,3,
愛上你的愛,,華語,,,,43,
愛上你等於愛上寂,寞,國語,,8,,3,
愛上你等於愛上寂寞,那英,國語,569,,,,
愛上公主,辯棠二人組,國語,,960,,2,
愛上刁,宇,國語,,568,,2,
愛上別人是快樂的,事,國語,,9,,3,
愛上別人的人,劉棟昇,國語,,5,,3,
愛上同一個釶,蘇見真系耀威,國語,,575,,3,
愛上她就在和你分手以後,尚俊宇,國語,,966,,9,
愛上你不如愛上海,翆簽火車林,國語,,8,,3,
愛上你就不後悔,艹燕君,國語,,9,,1,
愛上你是一種罪過,張志林,國語,,683,,3,
愛上你的悲劇,蔡琴,國語,,3,,3,
愛上你這樣的女人,張振宇,國語,,2,,3,
愛上你這樣的女人,阿龍正罡,國語,,7,,3,
愛上就會認真,格楊,國語,,972,,3,
愛上你不後悔,陳嘉媚,國語,,551,,3,
愛上你失去你,沈芳如,國語,,3,,3,
愛上你很快樂,亞男,國語,,968,,9,
愛上你很快樂,斯琴高,國語,,47650,,3,
愛上你我從不後悔,葉蒨文,國語,,6,,3,
愛上你沒有錯,張世彬,國語,,76771,,3,
愛上愛的味道,張韶涵,國語,5,,,89,
愛上我,,台語,,,,48,
愛上我或是離開我,邵正宵,國語,,4,,3,
愛上毎一個你,伍思凱,國語,,3,,3,
愛上癮,朱苬,國語,,3,,2,
愛上負心的人,陳玉建,國語,,796,,3,
愛上風雨中走來的,你,國語,,3,,3,
愛上鷓頂紅,政子,國語,,76767,,3,
愛不凿人,高向鵬,台語,,5,,6,
愛不到,段千尋,國語,,497,,2,
愛不動了,梁一貞,國語,,467,,2,
愛不可及,趙鑫,國語,,3,,1,
愛不在,鄭國鋒,國語,,495,,2,
愛不夠,馮德倫,國語,,395,,2,
愛不對人 不是罪,,華語,76,,,96,
愛不對時間,彭羚,國語,,3,,3,
愛不怕讓你知道,草蜢隊,國語,5,,,50,
愛不愛,趙詠華,國語,,3,,2,
愛不愛,郭采潔,國語,,3,,2,
愛不愛都是錯,孫青/門麗,華語,578,,,68,
愛不愛都是錯,誓言,國語,,3,,3,
愛不扌久,小s,國語,,984,,2,
愛不明白,李菲菲,國語,,8,,2,
愛不會寂寞,東方T&J,國語,,6,,3,
愛不會寂寞,陳柏全,國語,,3,,3,
愛不死,劉德華,國語,558,,,79,
愛不甘恨不敢,,華語,6587,,,,
愛不用太禮貌,,華語,62,,,38,
愛不用説,羅志祥,國語,,48396,,2,
愛不留,張信哲,國語,91,,,,
愛不留,陳培芳,國語,,550,,2,
愛不要猶豫,楊小萍,國語,,957,,9,
愛不要給太多,劉文正,國語,,6,,9,
愛不起,鄭君威,台語,,496,,5,
愛不離開,,華語,,,,,
愛不需要装乖,謝和弦王安,國語,,6,,3,
愛不願放,張美晨,台語,,850,,8,
愛严交流道詹詹,雅雯,台語,,0,,6,
愛严的半爭一,郭嘉欣,國語,,57448,,3,
愛严證書,孫燕姿,國語,,2,,3,
愛主分數,鄭君威,台語,,0,,6,
愛主夢,,台語,,94862,,5,
愛主夢,郭金發,台語,,96559,,5,
"愛主愛,主",陳思安,台語,,565,,6,
愛主戲,陳茂豐,台語,,591,,5,
愛主橋,方怡萍高向鵬,台語,,448,,5,
愛久見人心,梁靜茹,國語,,57649,,3,
愛之戀未了緣,愛相隨/胭脂雪飄飄,華語,570,,,68,
愛之歌,鳳飛飛,國語,,795,,2,
愛之玄,趙薇,國語,,8,,2,
愛之鎖,志曉,台語,,7,,5,
愛乎徹底,沈芳如,台語,56677,,,61,
愛也憂憂,,客語,,,,38,
愛亂亠,許效舜,台語,,494,,5,
愛了。恨了,羅中旭,國語,,664,,2,
愛了傷了也痛了,,華語,6797,,,,
愛了太糊塗,郭健一,台語,556,,,61,
愛了太胡塗,郭健一,台語,,443,,6,
愛了就是,范逸臣/范揚逸,國語,5940,,,,
愛了就況淪,張心傑,國語,,573,,3,
愛了就知道,戴愛玲,國語,,3,,3,
愛了無亻海,龍千玉翁立友,台語,,6,,6,
愛了無夠,鄭君威,台語,,473,,6,
愛了痛了,王冰洋,國語,,456,,2,
愛互相,方怡萍高向鵬,台語,,5,,5,
愛人,代小波,國語,,948,,2,
愛人,代小波對唱,國語,,684,,2,
愛人,林玉英,台語,,653,,5,
愛人,王雪娥,國語,5,9,,46; 46; 46; 2,
愛人,豪記大,台語,,5,,5,
愛人,鄧麗君,國語,,3,,2,
愛人!不要走,陳春徳,台語,,7,,8,
愛人!不要走,陳春德,台語,950,,,63,
愛人不免驚,陳雷,台語,,0,,6,
愛人仔,蔡秋鳳,台語,87,9,,64; 64; 64; 5,
愛人仔,陳淑萍,台語,,974,,5,
愛人仔恰恰,張秀卿,台語,,575,,6,
愛人仔放粉鳥,王淑貞吳欣,台語,,484,,7,
愛人仔的背匕影,許燕,台語,,499,,7,
愛人仔的背影,許燕,台語,556,,,61,
愛人住置麥寮港,唐飛 吉力巴,台語,567,,,61,
愛人你喲,徐雯倩 Swing,國語,91,,,,
愛人內,喬幼,台語,,46789,,8,
愛人再會啦,勃露斯,台語,,,,60,
愛人別走,金南玲,國語,,7,,2,
愛人去不回,,國語,,998,,3,
愛人吶的心,揚宗憲,台語,,6,,6,
愛人吶的心,楊宗憲,台語,6885,,,,
愛人呀,,台語,99,,,,
愛人呀不要忘了我,林玉英,國語,,3,,3,
"愛人哪那沒來,",,台語,,490,,7,
愛人啊,孫淑媚,台語,67,,,,
愛人啊,系淑媚,台語,,942,,5,
愛人啊保重,,華語,,,,,
愛人在邪裡,陳思安,台語,,4,,6,
愛人好累,中堅价,國語,,3,,2,
愛人好累,中堅份子,國語,86,,,,
愛人嫁別人,葉啟田,台語,,439,,8,
愛人小心,林佳儀,國語,,3,,2,
愛人探戈,邱芸子,台語,,970,,6,
愛人是兄弟,高向鵬囃千玉,台語,,562,,6,
愛人是燈,羅欣,台語,,988,,8,
愛人是關廟人,唐飛,台語,,498,,7,
愛人是關廟人,唐飛 特魯多,台語,563,,,63,
愛人的心,沈芳如,台語,55748,,,61,
愛人的心,黃美麗,台語,,465,,8,
愛人的心肝,林為音俊吉,台語,,46882,,8,
愛人的目周,揚哲,台語,,4,,6,
愛人的目屎,黃克林 特魯多,台語,6994,,,48,
愛人的目犀,黄克林,台語,,976,,6,
愛人的良心,陳淑萍,台語,,977,,6,
愛人種西瓜,郭大铖,台語,,390,,6,
愛人莫遲疑,銀霞,國語,,759,,3,
愛人變朋友,芬華,台語,,693,,6,
愛人變朋友,葉諾帆,台語,,771,,6,
愛人變朋友,蔡佳麟享阝筠,台語,,57777,,6,
愛人跟人走,陳小雲,台語,,2,,6,
愛人這薄倖,江蕙,台語,,6,,6,
愛人醉落去,蔡小虎,台語,,0,,6,
愛人離開我,彭立,台語,55773,4,,61; 61; 6; 61,
愛亻亻麼劉,文正,國語,,3,,3,
愛亻你親親亻一場場,林立芳,台語,,948,,7,
愛亻像一把火,李明洋素專,台語,,592,,8,
愛亻大海李,心潔,國語,,3,,3,
愛亻小者祝你幸,陳雷,台語,,9,,7,
愛亻氵生,呉勇濱,台語,,96986,,6,
愛什麼稀罕,張惠妹,國語,,6,,3,
愛他就不要傷害他,葉璦煢釒大,國語,,3,,3,
愛伊崔帶汝,張傑,國語,,570,,3,
愛伊西地魯,蔡麗茹,台語,4,,,64,
愛伊西塊魯,王莱喬安,台語,,467,,8,
愛似仙人掌,,華語,,,,,
愛似水仙,金海心,國語,,890,,9,
愛似浮雲,蔡琴,國語,,0,,2,
愛似狂潮,蘇永康,國語,63,,,,
愛住治恨內底,向蕙玲,台語,,5,,7,
愛作夢的魚,江蕙,台語,551,,,94,
愛作替的人,簫煌奇,台語,,56969,,6,
愛你,Kimberli,國語,,484,,2,
愛你,王心凌,國語,,471,,2,
愛你,謝喬,台語,,44460,,5,
愛你,謝雷/喬幼,台語,56672,,,67,
愛你YO,脫拉庫,國語,,587,,2,
愛你、想你、等你,吳淑敏,台語,,984,,7,
愛你一世人,呂明銀游徽,台語,,9,,8,
愛你一世人,唐飛,台語,56566,,,66,
愛你一世人,邱蘭芬,台語,,857,,8,
愛你一千一萬年,王識賢/孫淑媚,台語,550,,,70,
愛你一生,祁隆/樂凡,華語,57446,,,61,
愛你一生,祁隆vs樂凡,國語,,7,,9,
愛你一生心甘情願,羅漢,台語,85,,,69,
愛你一萬年,高宗德,台語,,98890,,8,
愛你一萬年,高宗德/楊彩藝 吉力巴,台語,56960,,,69,
愛你三百六十五天 特魯多 ○ 代表【midi無人聲】 ★ 代表【原聲 或 原聲原影】 適用機型：S-(BD/IMSBP系列/N系列/N2系列/W系列),● 代表【midi+人聲伴唱】 利用人如欲使用本產品於「公開場所」使用，請逕洽集管團體或著 ◆ 代表【midi+原聲伴唱】 作財產權人取得「公播授權」後，始得合法使用 1 上述符號為【歌曲類型】依機型及功能而有所不同 發行日期 /,國語,,,,,
愛你不一定要得到你,于台煙,台語,560,,,61,
愛你不完 想你不停,,台語,,,,,
愛你不應該,郭健一,台語,557,,,87,
愛你之後,,台語,72,,,,
愛你之後,朱海君,台語,,57841,,6,
愛你今生今世,陳雷/甲子慧,台語,9,,,64,
愛你俗俗攔實,陳奕晴,台語,,8,,7,
愛你到底,羅百吉,國語,596,,,69,
愛你到最後,王識賢 森巴,台語,85,,,70,
愛你到永遠,蕭春芳/陳麗雀,台語,782,,,,
愛你到永遠,黃品源,國語,,,,,
愛你到老,類型,華語,63,,,,
愛你勝過一切,高勝美,國語,,3,,3,
愛你勝過我,林良歡,台語,,77554,,8,
愛你勝過自己 特魯多 利用人如欲使用本產品於「公開場所」使用，請逕洽集管團體或,,台語,,,,48,
愛你十七年,邰正宵,國語,59,,,41,
愛你千年萬年,袁小迪,台語,,8,,7,
愛你千萬年,詩雨,台語,55867,,,00,
愛你千萬年,閃亮三姊妹,台語,56447,,,61,
愛你可比溪流水,,客語,49,,,,
愛你呀,阿吉仔,台語,,447,,5,
愛你咁通,,台語,,,,97,
愛你咁通,大衛一,台語,,6,,8,
愛你唔知民國幾年,林晏如,台語,63,,,,
愛你嘸甘放,黃智明&韻竹,台語,,545,,6,
愛你嘸驚無命袁,小迪,台語,,6,,7,
愛你在今夜,,華語,89,,,,
愛你夋我,陳怡婷佳麟,台語,,43852,,8,
愛你天註定,鄭寬助,台語,,1,,8,
愛你天註定,鄭寬助/江枋稘,台語,,,,60,
愛你好不好,白冰冰/楊烈,台語,84,,,71,
愛你如同愛自己,,客語,,,,98,
愛你小心痛沒愛,罼吳淑敏,台語,,76566,,7,
愛你小心痛疼,甲子慧,台語,,564,,6,
愛你小愛到心痛氵,工清蓉,台語,,0,,7,
愛你小愛甲心攏,陳小龍,台語,,445,,7,
愛你小愛甲死,李明洋邱芸子,台語,,387,,6,
愛你小深木似海,沈建豪,台語,,0,,6,
愛你尚深的人,郭健一蕭玉棼,台語,,657,,7,
愛你就放了你,,台語,,,,,
愛你就要嫁給你,莊心妍/海哲明 吉力巴,華語,57389,,,72,
愛你心痛 無愛孤單,吳淑敏,台語,551,,,92,
愛你心痛疼,甲子慧,台語,557,,,61,
愛你心袂停,,台語,,,,41,
愛你心酸酸,李嘉,台語,551,,,83,
愛你恁深,,客語,9,,,51,
愛你惜命命,郭健一,台語,556,,,61,
愛你愛不夠,,華語,65,,,,
愛你愛你,,華語,91,,,,
愛你愛到底,唐飛,台語,,499,,6,
愛你愛到強要,西卿,台語,,067,,7,
愛你愛到心痛,江清蓉,台語,6442,,,,
愛你愛到老,王識賢,台語,,2,,6,
愛你愛到這,張秀卿王識賢,台語,,0,,6,
愛你愛到這,系淑媚,台語,,9,,6,
愛你愛抹煞,方怡萍,台語,,5,,6,
愛你愛甲心痛,孫淑媚,台語,63,,,,
愛你愛的,陳慧琳,國語,5942,,,,
愛你愛袂停,,台語,81,,,,
愛你我不管對錯,,華語,62,,,,
愛你我會照排,施文彬,台語,,8,,7,
愛你才會心疼,喬幼 特魯多,台語,55669,,,00,
愛你抹後悔,王識賢,台語,559,,,70,
愛你攏袂停,何泳毅/葉冰倢,台語,8,,,64,
愛你攏袂停,何泳祋葉疌,台語,,548,,6,
愛你放心底 廖偉志/廖若予 ◆,,華語,,,,94,
愛你是受罪,詹曼鈴,台語,569,,,61,
愛你是憨人,徐紫淇,台語,4,,,63,
愛你是我的命,楊宗憲,台語,,579,,7,
愛你是我的快,孫淑媚,台語,,563,,7,
愛你是阮一生,陳雅惠,台語,569,,,66,
愛你是阮一生的福氣,楊秉橙/葉金芳,台語,569,,,68,
愛你會更快樂,陳予新,國語,5943,,,,
愛你歸世紀,,台語,,,,51,
愛你每一分鐘,鄧詠家,台語,,76496,,7,
愛你每一天,吳淑敏,台語,550,,,88,
愛你每一天,閃亮三姊妹,台語,561,,,61,
愛你每一天,黃意婷,台語,781,,,,
愛你水噴噴,葉冰倢,台語,5,,,65,
愛你永遠無後忄,白冰冰,台語,,990,,7,
愛你沒變卦,,台語,47,,,,
愛你深似海,沈建豪,台語,564,,,61,
愛你無反悔,邱芸子 特魯多,台語,559,,,61,
愛你無後悔,,華語,,,,49,
愛你無後悔,余帝.鄭琇月,台語,61,,,,
愛你無悔,楊克強,國語,539,,,80,
愛你無理由,,華語,,,,,
愛你無目地,杜怡姍,台語,783,,,,
愛你無藥醫,王識賢,台語,557,393,,74; 74; 74; 6,
愛你無論輸贏,,台語,,8,,7,
愛你無采工,喬幼,台語,,595,,8,
愛你甘是一種,林姍,台語,,0,,7,
愛你甘願忍耐,王建傑,台語,561,7,,61; 61; 61; 7,
愛你疋唯一的,沈文程對唱,台語,,3,,7,
愛你的人,侯美儀,台語,553,,,74,
愛你的人,游曜徽,台語,56780,,,62,
愛你的人就是,王識賢,台語,,568,,7,
愛你的代價,,華語,44,,,,
愛你的兩個我,溫嵐,國語,3851,,,,
愛你的心,,華語,63,,,,
愛你的心,洪百慧,台語,552,,,80,
愛你的心堅定,,台語,661,,,,
愛你的心天也,林清國,台語,,2,,7,
愛你的心想要飛,白冰冰,台語,,985,,8,
愛你的心想要飛,白冰冰文勝,台語,,46776,,8,
愛你的心留在冬季,李翊君,國語,5,,,62,
愛你的心留治,天吳勇濱,台語,,441,,7,
愛你的心肝,洪文斌/黃小菁,台語,55382,,,98,
愛你的意義,,國語,,,,,
愛你的我,張秀卿,台語,83,,,53,
愛你的我著了你的魔(DJ浩然版) House ★ 常超凡,,華語,65,,,,
愛你的日子,陳雷/甲子慧,台語,557,,,61,
愛你的期限已,到洪百慧,台語,,461,,7,
愛你的話還沒有,,華語,52,,,,
愛你的話還沒有說出,祁隆,國語,,900,,9,
愛你的證據,王中平/劉蕎溪,國語,548,,,61,
愛你的阮的心氵,工蕙,台語,,8,,7,
愛你真心不移 梭 ◆ 李偉新,,台語,86,,,41,
愛你第一名,,台語,,,,42,
愛你給我做太,黃西田,台語,,098,,7,
愛你老媽明天見,,華語,6583,,,,
愛你若性命,陳隨意,台語,,59451,,8,
愛你若會這心,王瑞霞,台語,,491,,7,
愛你若生命,蘇錦煌,台語,69,,,00,
愛你袂變動,,國語,42,,,,
愛你親亻當初揚,哲,台語,,444,,7,
愛你親像我,袁小迪依婷,台語,,769,,6,
愛你讓我忘了疼,夢然,國語,,950,,9,
愛你賭生命,陳雷,台語,0,,,69,
愛你超過愛自,韓寶儀,台語,,680,,7,
愛你越深心越疒,馬智宇,國語,,9,,9,
愛你躲你,陳曉東,國語,,57550,,2,
愛你辣,謝金燕,台語,55784,,,61,
愛你這件事,,華語,6769,,,38,
愛你過了頭 House 喬浚丞. ★ 王宇宙 Leto,,華語,65,,,,
愛你顧你的將來,石喬 特魯多,台語,55482,,,,
愛你心已冷,,客語,8,,,51,
愛你１３１４ 正月十五 ◆,,國語,,,,95,
愛來愛去,謝金燕,台語,,1,,6,
愛來愛去攏是你小,哈菲子,台語,,963,,8,
愛做夢的,江蕙,台語,,6,,6,
愛傻了,段千尋,國語,,49871,,2,
愛僉深心僉凝,盧秀鑾,台語,,547,,7,
愛僉深心僉実,謝莉婷,台語,,97644,,7,
愛像一把刀,方文琳,國語,98,653,,; ; ; 3,
愛像一把火,,國語,,,,,
愛像一陣春風,黄鷽鷽,國語,,9,,3,
愛像什麼,劉文正,國語,5,,,63,
愛像大海,李心潔,國語,,,,,
愛像手中沙,,台語,42,,,,
愛像月光海,,台語,,,,47,
愛像秋天的落葉,,華語,63,,,,
愛兀愛一半,鄭君威葉璯等,台語,,577,,6,
愛全給了你,伍思凱,國語,,3,,3,
愛兩難,向蕙玲,台語,,5,,8,
愛共,永邦,國語,,3,,2,
愛共,鄺美雲,國語,,3,,2,
愛其實很殘忍,梁文音,國語,,8,,3,
愛到不知輕重,施文彬,台語,85,,,74,
愛到不能心,徐世珍,國語,,5,,3,
愛到何時再相會,游家順,台語,,7,,7,
愛到何時再相會,游家順 勃露斯,台語,7,,,57,
愛到何時再相會,游家順 勃露斯,客語,55487,,,52,
愛到你傷到我,己張秀庭,台語,,499,,7,
愛到你註定無命,葉勝欽,台語,,4,,7,
愛到卡慘死,旅行箱,台語,,764,,6,
愛到坎站,孫淑媚,台語,,450,,6,
愛到天涯,王建傑,國語,5,891,,68; 68; 68; 2,
愛到失魂,裘海正,國語,,7,,2,
愛到尚深,楊錦皇,台語,,542,,6,
愛到山窮水盡,林俊吉,國語,,3,,3,
愛到底,,台語,,,,52,
愛到底,庾澄慶,國語,5,,,52,
愛到底,葉文/潘幼欣,台語,56998,,,69,
愛到底,葉潘幼欣,台語,,47662,,8,
愛到底,蔡小虎,台語,,438,,8,
愛到底,譚維維,國語,,798,,9,
愛到底,陳茂豐,台語,1,770,,61; 8,
愛到心疼,林姍,台語,,570,,6,
愛到心痛,林珈漳,台語,0,,,66,
愛到心痛,林珈潭,台語,,54752,,6,
愛到心痛,楊談詩玲,台語,,1,,8,
愛到心碎,代小波,國語,,684,,2,
愛到情怨切,林俊吉,台語,,4,,6,
愛到愈深愈傷,己洪百慧,台語,,453,,7,
愛到抹凍愛,江蕙,台語,,3,,6,
愛到捶心肝,林俊吉,台語,,6,,6,
愛到最後,小文金,國語,,451,,2,
愛到最後,王中平,台語,559,56477,,61; 61; 6; 61,
愛到最後,白冰冰,台語,,8,,6,
愛到最後,范美敏,台語,,444,,6,
愛到最後,郭富城,國語,,0,,2,
愛到最後無撇步,張蓉蓉,台語,,949,,7,
愛到最高點,伍思凱,國語,,,,,
愛到有命無靈魂,王識賢,台語,558,0,,76; 76; 76; 7,
愛到永遠,袁小迪~,台語,,7,,6,
愛到沒性命,羅時豐,台語,,767,,6,
愛到沒藥醫,Super7,台語,,442,,6,
愛到深處不孤單,Wing,國語,,3,,3,
愛到深處無怨誰,周韋杰靜沄,台語,,446,,7,
愛到灰心,關德輝,國語,,6,,2,
愛到無命不知驚,王識賢,台語,,451,,7,
愛到無路可退,彭佳慧,國語,,5,,3,
愛到無退路,朱海君,台語,,77551,,8,
愛到瘋狂,李菲菲,國語,,8,,2,
愛到瘋癲,動力火,國語,,568,,2,
愛到發燙,系耀威,國語,,2,,2,
愛到盡磅,雷英,台語,,542,,6,
愛到站了,李千娜,國語,,4,,2,
愛到老,,台語,,,,50,
愛到老,黃西田方瑞娥,台語,,578,,5,
愛到超過,曽苗淳,台語,,540,,6,
愛到透老 探戈 ◆ 邱四湖.張愛蔆,,台語,,,,,
愛到這,李素專/辦桌阿傑,台語,562,,,61,
愛到這,李素專辦桌阿,台語,,443,,5,
愛到這樣,張宇,國語,,9,,2,
愛到這為止,孫淑媚,台語,,6,,6,
愛到這袸才對,講張瀛仁,台語,,49440,,7,
愛刻置阮心底 梭 ◆ 莎拉 Sana,,華語,,,,,
愛匱支票,陳淑萍,台語,,897,,6,
愛十,陳隨意,台語,,4,,5,
愛博這重 特魯多 歌曲 ◆ 張維祐,,台語,85,,,,
愛卡慘死,陳小雲,台語,,978,,6,
愛受傷了,,國語,,93860,,1,
愛受傷了,六哲,華語,,,,60,
愛只剩一天,邱澤,國語,,2,,3,
愛只是一個宅,梁朝偉,國語,,3,,3,
愛可,陳建珒,台語,,44599,,5,
愛可以點亮整個,世界,國語,,563,,3,
愛可思情,洪一峰,台語,,579,,6,
愛吆,,國語,,497,,2,
愛同心,,華語,,,,49,
愛吹情散,莊心妍,華語,57439,,,60,
愛呀愛,呂明銀,台語,56779,458,,5; 62; 62; 62,
愛呢,"S,H.E",國語,,970,,2,
愛和不愛都是真的,王韻嬋,國語,,8,,3,
愛和承諾,張學友阥慧,國語,,7,,2,
愛哭愛跟路,謝金燕,台語,554,,,73,
愛哭的人,蕭玉芬,台語,,498,,6,
愛哭的時陣,江蕙,台語,83,754,,48; 48; 48; 6,
愛哭鬼,,華語,6689,,,,
愛唱歌的人,吳勇濱,台語,,7,,6,
愛唱歌的人,吳秀珠,台語,78,,,,
愛喔愛,廖語晴&(LINDA,國語,,4,,2,
愛嘸惜代價,,華語,,,,45,
愛回溫,溫嵐,國語,,692,,2,
愛回航,洪百慧莊辰凱,台語,,8,,5,
愛國精神病,賀一航,台語,,6,,6,
愛園,尤雅,國語,,799,,2,
愛在 85度 C,李玟,國語,580,,,46,
愛在,徐一鸣,國語,,954,,2,
愛在85度C,李玖,國語,,387,,3,
愛在夕陽下,于櫻櫻,國語,,5,,3,
愛在心中説不出口,才木,國語,,687,,3,
愛在心肝内,侖隆華尤雅,台語,,8,,6,
愛在心頭,林龍,台語,,46583,,8,
愛在星空裡,麥偉林,國語,,7,,3,
愛在春天裡,馬智宇,國語,,643,,3,
愛在春風裡,甄秀珍,國語,,7,,3,
愛在沒有你的城市,林國榮,國語,,,,,
愛在深秋,,台語,,,,46,
愛在溫暖心中,沈建豪,國語,584,,,67,
愛在燃燒,蔡鎔竹,國語,563,,,64,
愛在發燒,羅百吉,國語,571,56682,,2; 68; 68; 68,
愛在空中飛,,華語,43,,,53,
愛在紐約,惠文 慢迪斯可,國語,0,,,65,
愛在西元前,周杰倫,國語,5,,,,
愛在西元前,周杰棆,國語,,3,,3,
愛在身邊,周興哲,國語,,5,,9,
愛在適當時,林少興,台語,,493,,6,
愛在黃昏後,,華語,6585,,,,
愛在２０１２,,台語,67,,,,
愛埋在花海,,華語,6582,,,,
愛墜入深海,,華語,6799,,,,
愛夂愛,芬華,台語,,686,,5,
愛夏,胡夏,國語,,579,,2,
愛太傷,翁虹,國語,83,,,,
愛太多,蘇路,台語,,58481,,5,
愛太急,溫嵐,國語,,,,,
愛太晚,田躍君,華語,579,,,61,
愛太深,,台語,42,,,52,
愛太深,王鍵,國語,,68496,,2,
愛太深,袁小迪張秀卿,台語,,1,,5,
愛太痛,吳克群,國語,,56495,,2,
愛太空,王心凌,國語,,57466,,2,
愛太重,許志豪,台語,,3,,5,
愛夾勉強袁,小迪,台語,,753,,6,
愛奴,西卿,台語,,979,,5,
愛她並不傻,山風點,國語,,3,,3,
愛她寵她失去她 Techno 寂悸 ★,,華語,6586,,,,
愛好冫心不苦,畢國勇,國語,,3,,3,
愛好心不苦,畢國勇,Unknown,,2,,1,
愛如意,E.M.鄧紫,國語,,59568,,1,
愛妳,李茂山,國語,,1,,2,
愛妳,江志豐,台語,9,861,,71; 71; 71; 8; 8,
愛妳一世人,陳隨意,台語,,499,,6,
愛妳一生一世 探戈 蘇錦煌,,台語,,,,47,
愛妳一萬年,辨桌二人組,台語,,5,,6,
愛妳不應該,柯忠山,台語,,548,,6,
愛妳不是無理由,莊振凱,台語,,486,,7,
愛妳到底,林昆翰,台語,5,,,64,
愛妳勝過我生命,蕭承祥,台語,3,,,64,
愛妳千千萬萬年,黃文昌,台語,,959,,8,
愛妳千年萬年,李慶輝,台語,55844,,,61,
愛妳千百歲,陳雷,國語,5,,,61,
愛妳千萬年,吳永發,台語,,548,,6,
愛妳呦,王中平,台語,56879,838,,65; 65; 65; 8; 8,
愛妳哦,蔡小虎,台語,,446,,5,
愛妳嘸驚無命,翁立友,台語,,570,,7,
愛妳在心底,羅時豐,台語,,97578,,8,
愛妳恨妳,周渝民,國語,596,,,61,
愛妳愛到心痛,李慶榮,台語,786,95681,,; ; ; 7,
愛妳愛妳,洪榮宏,國語,,386,,2,
愛妳愛甲心痛一,陳小龍,台語,,951,,8,
愛妳愛甲心痛痛,陳小龍,台語,,9,,7,
愛妳愛袂停,黃冬慶,台語,,547,,6,
愛妳才離開,黃媽福,台語,,540,,6,
愛妳無時停,范榮春,台語,3,,,66,
愛妳用生命,,華語,,,,,
愛妳的初衷,楊哲,台語,,46792,,8,
愛妳的劇本,,華語,88,,,,
愛妳的夢,袁小迪,台語,,465,,8,
愛妳的心,,台語,,,,51,
愛妳的心肝,施志興/陳秀玲,台語,563,,,61,
愛妳的心肝,施志興秀玲,台語,,449,,6,
愛妳的心肝,林孟頤,台語,8,,,64,
愛妳的心肝,陳威成,台語,7,,,65,
愛妳的痛苦,施文彬,台語,8568,,,76,
愛妳的苦,施文彬,台語,,7,,6,
愛妳若生命,林孟頤,台語,0,,,64,
愛妳袂後悔,顏塗樟,台語,3,,,66,
愛妳袂變圭,蕭春芳,台語,,541,,6,
愛妳這呢痛,戴和松,台語,,96599,,6,
愛妳這呢痛,戴和松 特魯多,台語,785,,,,
愛妳顧妳的將來,石喬,台語,,539,,7,
愛存在,王詩安,國語,,700,,2,
愛孤單,施志興,台語,562,44386,,5; 61; 61; 61,
愛孤單,江淑娜,國語,5,681,,47; 47; 47; 2,
愛寂寞,一綾,國語,5,,,66,
愛寄在天涯,曾心梅之,台語,,764,,6,
愛导認真,,國語,,2,,3,
愛导辛苦,謝金燕,國語,,4,,3,
愛小交到這,謝莉婷,台語,,43943,,8,
愛小愛到死,袁小迪龍千玉,台語,,57446,,6,
愛小抹著祝你幸福,陳小雲,台語,,98741,,8,
愛你,正月十五,國語,,6,,3,
愛你一世人,佳上麟,台語,,459,,6,
愛你一世人,高向鵬怡萍,台語,,985,,6,
愛你一世紀,林俊吉,台語,,8,,6,
愛你一萬年,辦桌二人組,台語,,9,,6,
愛你不一定要得到你,于台煙,台語,,5,,7,
愛你不後悔,大豪,台語,,988,,6,
愛你不應該,郭健一,台語,,467,,6,
愛你不敢講,葉勝欽,台語,,468,,6,
愛你不敢講,高向鵬,台語,,989,,6,
愛你不疋謊,呉巧玲,國語,,3,,3,
愛你之前,何俊明,國語,,8,,2,
愛你傷了我自己,沈世愛,國語,,452,,3,
愛你到最後,王識賢,台語,,4,,6,
愛你到這,鳳娘,台語,,576,,6,
愛你千萬年,詩雨,台語,,643,,6,
愛你在毎一天,李蚊,國語,,964,,3,
愛你多年,周慧敏,國語,,3,,2,
愛你後悔啝,唐飛,台語,,499,,6,
愛你心酸酸,李嘉,台語,,564,,6,
愛你恨你,孫淑媚,台語,,9,,6,
愛你恨你,周渝民,國語,,5,,2,
愛你惜命命,郭健一,台語,,4,,6,
愛你想你,櫻桃姐,台語,,000,,6,
愛你想你等你,呉淑敏,台語,,9,,8,
愛你愛伊,林婀,台語,,7,,6,
愛你愛我,羅文聰,台語,,4,,6,
愛你愛的太久,關怡冶,國語,,3,,3,
愛你是我的自由,李政,國語,,489,,3,
愛你毎一天,黄意嬶,台語,,54497,,6,
愛你無別個,鄭琇月&對唱,台語,,565,,6,
愛你無反悔,邱芸子,台語,,4,,6,
愛你無後悔,羅時豐,台語,,998,,6,
愛你無心,櫻挑姐,台語,,997,,6,
愛你無性命,黄思婷,台語,,853,,6,
愛你無愛命,李素專,台語,,8,,6,
愛你無條件,黄乙玲,台語,,3,,6,
愛你無理由,謝莉婷,台語,,6,,6,
愛你無罪,蔡小虎,台語,,4,,6,
愛你用生命,江明學,台語,,6,,6,
愛你的人,游曜徽,台語,,456,,6,
愛你的人,蕭煌奇,台語,,57587,,6,
愛你的心,劉靜玟,國語,,455,,2,
愛你的心,辯棠二人組,台語,,565,,6,
愛你的心林老,楊唐,台語,,591,,8,
愛你的心留在冬季,李翊君,國語,,3,,3,
愛你的情歌,蔡秋鳳葉帆,台語,,97641,,6,
愛你的日子,陳甲,台語,,56581,,6,
愛你的機會,安柏政孫淑媚,台語,,859,,6,
愛你的歌,呉淑敏,台語,,76561,,6,
愛你的歌,陳有朋,台語,,49443,,6,
愛你若生命,蘇錦煌,台語,,585,,6,
愛你袂丿悔,楊哲,台語,,766,,6,
愛你袂變卦,傅振輝&馬妊,台語,,7,,6,
愛你袂起,陳怡嬶,台語,,445,,6,
愛你這旡深,鄭琇月,台語,,3,,6,
愛你這旡重,陳誠安,台語,,494,,6,
愛就一個字,張信哲,國語,,599,,9,
愛就免歹勢,田帥,台語,,2,,8,
愛就對了S.,E,國語,,579,,3,
愛就愛了,陳琳,國語,,766,,3,
愛就愛到底,楊小萍,國語,,9,,3,
愛就愛到老,龍千玉,台語,,8,,6,
愛就憑無走,,台語,,,,93,
愛就是奇蹟,林伊凡,國語,,2,,3,
愛就趁早,葉敕田,台語,,1,,6,
愛就這麼來,蘇芮,國語,5945,,,,
愛屵扌,老猫,國語,,949,,3,
愛屵西餐廳邱,芸子,台語,,444,,6,
愛己不在,高進,國語,,5,,2,
愛己到底,游鴻明,國語,,3,,2,
愛己并天,黄嘉千,國語,,5,,2,
愛己是滿滿的,黄嘉千,國語,,3,,3,
愛己離開,蘇永康,國語,,3,,2,
愛已成煙,林子娟,國語,569,,,63,
愛已濃情已深,,台語,,,,,
愛已經麻痺,蔡小虎,台語,,892,,8,
愛已蔓延,張惠妹,國語,5941,,,,
愛已過站,,華語,,,,,
愛已過站,邱賢桂,台語,,4,,8,
愛已隕落,,華語,6899,,,,
愛幸福,方順吉,台語,,43980,,8,
愛幸福畐,王瑞霞,台語,,952,,5,
愛幾回傷幾回,,華語,63,,,,
愛你,蘇振華,台語,,6,,5,
愛你,黄思婷,台語,,7,,5,
愛你5年,姚蘇蓉,國語,,7,,3,
愛你一世人,唐飛,台語,,598,,6,
愛你一萬年,龍千玉對唱,台語,,6,,6,
愛你不對時,向蕙玲,台語,,768,,6,
愛你不敢講,七郎,台語,,948,,6,
愛你不是兩三,梁靜茹,國語,,7,,3,
愛你中國,顧吮宇,國語,,68485,,2,
愛你今生到永,顧定華,國語,,6,,3,
愛你到底,羅百吉,國語,,687,,2,
愛你到永遠,洪榮宏,台語,,43841,,8,
愛你到永遠,蕭春芳陣雀,台語,,54751,,6,
愛你千萬倍,張秀卿,台語,,5,,6,
愛你千萬年,閃亮三,台語,,392,,6,
愛你卞快活,詹雅安,台語,,97484,,6,
愛你又能怪誰,林玉英,國語,,4,,3,
愛你在夢中,鳯飛飛,國語,,539,,1,
愛你在心内,林宏銘張秀卿,台語,,7,,6,
愛你夂的,陳慧琳,國語,,0,,2,
愛你太濃,蔡琴,國語,,3,,2,
愛你好不好,楊白,台語,,685,,6,
愛你想你,動靜,國語,,3,,2,
愛你愛到,李攻,國語,,7,,2,
愛你愛你,翁立友大芭,台語,,565,,6,
愛你愛甲心痛,,國語,,38000,,3,
愛你抹後悔,王識賢,台語,,487,,6,
愛你抹變掛亻,傅振輝馬隼欣,台語,,992,,6,
愛你是人麻煩,李玟,國語,,3,,3,
愛你是受罪,詹曼鈴,台語,,769,,6,
愛你最美,張嘉洵,國語,,9,,2,
愛你朱箸我祝你幸福,葉敕田,台語,,764,,7,
愛你毎一天,閃亮三姊,台語,,4,,6,
愛你水噴噴,葉冰倢,台語,,95697,,6,
愛你沒差,周杰倫,國語,,48391,,2,
愛你無共醫,曾心梅,台語,,686,,6,
愛你無別個,余鄭琇月,台語,,46539,,6,
愛你無後悔,章子涵,台語,,548,,6,
愛你無後悔,鄭琇月&余帝,台語,,894,,6,
愛你無悔,揚克強,國語,,3,,2,
愛你無目地,社怡婀,台語,,54450,,6,
愛你用生命,蔡小虎昔思婷,台語,,947,,6,
愛你的一切,林良歡,台語,,3,,8,
愛你的一切,陳隨意,台語,,646,,8,
愛你的人,候美儀,台語,,463,,6,
愛你的兩個我,温嵐,國語,,539,,3,
愛你的心,黄思娉江志文,台語,,993,,6,
愛你的心,黄美麗,台語,,457,,6,
愛你的心肝,丁姵均,台語,,43871,,8,
愛你的心肝,洪文斌艹,台語,,5,,6,
愛你的我,,台語,,544,,6,
愛你的我能怎麼做,唐志珒,國語,,896,,3,
愛你的記誌,向蕙玲,台語,,447,,6,
愛你的誓言,向蕙玲,台語,,7,,8,
愛你相過雄,韓寶儀,台語,,3,,6,
愛你等於愛自己,王力宏,國語,,3,,3,
愛你筊我,陳淑萍莊振凱,台語,,9,,6,
愛你這呪深,余林美美,台語,,995,,6,
愛你這木,詹雅雯,台語,,4,,6,
愛很久,GT二崇唱,國語,,8,,2,
愛很多,,台語,,94540,,5,
愛很多,小辣椒,台語,,94853,,5,
愛很瘋,任賢齊,國語,,0,,2,
愛很簡單,,Unknown,,595,,1,
愛得不要不要,安苡荿,國語,,7,,1,
愛得太多,張亞飛,國語,,687,,3,
愛得太多,王傑,國語,,690,,3,
愛得廴,梁詠琪,國語,,56755,,2,
愛得越多傷心更多,蘇愛倫,國語,61,,,,
愛得辛苦,謝金燕,國語,550,,,62,
愛心你甲我,,台語,87,,,,
愛心永不移,甄蝿,國語,,789,,3,
愛心費,玉清,國語,,383,,2,
"愛忙,的春天",劉福助林英美,台語,,969,,6,
"愛忙,的負擔、",蕭煌奇,台語,,573,,6,
"愛忙,里洞",,國語,,480,,3,
愛忙計,蔡依林,國語,,0,,3,
愛忙上上勺,林雨尚依,國語,,882,,9,
愛忙似火岐,姚蘇蓉,國語,,671,,3,
愛忙似火燄,,國語,,8,,3,
愛忙似火談,楊小萍,國語,,5,,3,
愛忙你我他,小張,國語,,2,,3,
愛忙再會,陳雷,台語,,3,,6,
愛忙冖婦,王柏森,國語,,1,,3,
愛忙口型,王心凌,國語,,7,,3,
愛忙只有一刹男A,夏天ex,國語,,476,,3,
愛忙夕惱河,熊天平,國語,,464,,3,
愛忙夕美好,鄧麗君,國語,,4,,3,
愛忙得零八,錦糖二,國語,,8,,3,
愛忙忙歲,呂格,國語,,797,,3,
愛忙情電電影,熊天平許茹芸,國語,,4,,3,
"愛忙放乎,輸",翁立友,台語,,456,,6,
愛忙故事,鄭秀文,國語,,2,,3,
愛忙歹長,,國語,,383,,3,
愛忙片段,于立成,國語,,56685,,3,
愛忙的優瓜,楊克強,國語,,489,,3,
愛忙的逃兵,朱海君,台語,,445,,6,
愛忙的顔色,林子娟,國語,,875,,3,
愛忙真亻五大,寞文蔚,國語,,938,,3,
愛忙碼頭,鄭源,國語,,57752,,3,
愛忙紅碌燈,徐一鸣,國語,,9,,3,
愛忙花香味,秀蘭瑪,國語,,438,,3,
愛忙若的禍,姜玉陽,國語,,49891,,3,
愛忙賭局,沈芳如,國語,,674,,3,
愛忙賭徒,龍嘯,國語,,450,,3,
愛忙轉移,陳奕迅,國語,,565,,3,
愛忙追追追,揚美蓮,國語,,760,,3,
愛忙這這杯杯酒酒,龍飄飄,國語,,455,,3,
愛忙選項,張芸京,國語,,574,,3,
愛忙醫生館,戴梅君,台語,,5,,6,
愛忙電影,楊臣剛,國語,,487,,3,
愛忙風向球,ENERGY,國語,,770,,3,
愛忙騙子,黎亞,國語,,453,,3,
愛忙魔力,丁力,國語,,686,,3,
愛忙魔法,錢幽蘭,國語,,5,,3,
愛忙黒皮書,庚澄慶,國語,,3,,3,
愛忙點心,郭淑賢,國語,,3,,3,
愛怎能沒有寬恕,冷漠,華語,573,,,61,
愛怎麼了(DJAh版),,華語,6798,,,,
愛怎麼說怎麼說出,口,國語,,892,,3,
愛恨一場空,陳夏蓮,台語,,43969,,8,
愛恨一粒心,荒山亮,台語,55957,971,,61; 61; 6; 61,
愛恨主夢,高峰,台語,,94842,,6,
愛恨之間,,台語,,,,38,
愛恨入心,陳淑萍,台語,,43893,,8,
愛恨兩難,,華語,,,,,
愛恨分明,吳淑敏,台語,556,566,,88; 88; 88; 6,
愛恨悠悠,林隆旋,國語,,9,,3,
愛恨情仇,林立洋,國語,43,,,,
愛恨情夢,高峰,台語,567,,,61,
愛恨成空,白冰冰,國語,,4,,3,
愛恨攏到這,林子娟,台語,8456,,,65,
愛恨攏是你,方琪,台語,,49464,,6,
愛恨攏是你,黃乙玲,台語,,5,,6,
愛恨攏隨風,唐儷,台語,,444,,6,
愛恨無雙,陳亞蘭季宣,台語,,449,,6,
愛恨相牽連,林李明洋,台語,,443,,6,
愛恨穿腸 梭 宋熙銘,,華語,64,,,,
愛恨總是夢醒後,邱芸子/郭健一 特魯多,台語,55443,,,97,
愛恨總是夢醒後,邱芸子郭一,台語,,4,,7,
愛恨自擾,,華語,73,,,,
愛情,劉文正,國語,,1,,2,
愛情,唐飛,台語,,978,,8,
愛情,白冰冰,台語,553,562,,80; 80; 80; 5,
愛情 46度半,許燕,台語,55643,,,61,
愛情 ABC,閃亮三姊妹,國語,594,,,61,
愛情 Do Re Mi,陳思妏 Funk,台語,,,,61,
"愛情,一百分",許志豪,台語,,56684,,6,
"愛情,一齣戲",翁立友,台語,,2,,6,
"愛情,三月天",吳勇濱,台語,,8,,6,
"愛情,像水流",,台語,,449,,6,
"愛情,的探扌木戈",洪百慧林俊吉,台語,,642,,6,
愛情46度半,許燕,台語,,473,,6,
愛情一場夢,洪百慧辰凱,台語,,651,,6,
愛情一場夢,陳思安,台語,,561,,6,
愛情一陣雨,談詩玲,台語,,596,,8,
愛情一陣風,唐儷,台語,,474,,8,
愛情三溫暖,謝金燕,台語,,687,,6,
愛情上上簽,林雨/陳尚依,華語,570,,,68,
愛情不二價,陳茂豐,台語,55876,578,,61; 61; 6; 61,
愛情不免箱拖沙,陳一郎,台語,,466,,7,
愛情不是一把牌,,華語,6394,,,38,
愛情不是作夢,謝金燕,台語,,3,,7,
愛情不要賣,陳雷,台語,,3,,6,
愛情主演,,華語,6443,,,,
愛情主算什麼,高進,國語,,6,,9,
愛情之所以為愛情,梁靜茹,國語,,56782,,3,
愛情乎人想抹開,小辣椒,台語,,560,,7,
愛情乞丐,卓義峰,國語,,567,,3,
愛情二字,詹曼鈴,台語,4,773,,61; 61; 61; 8; 8,
愛情人生,蔡麗津,台語,6555,,,,
愛情代價,喬幼,台語,,592,,8,
愛情來了,,台語,95,,,,
愛情保護傘,高達慈,台語,55652,,,51; 51; 51; 52,
愛情做風颱,郭婷筠,台語,,578,,6,
愛情傀儡,巫啟賢,國語,584,,,42,
愛情傷風,陳信凱/黃暄雅,台語,564,,,00,
愛情像汽球,,國語,,3,,3,
愛情像流星,楊偵鈺 特魯多,台語,952,,,63,
愛情像流水,,台語,,2,,6,
愛情像流水,張淨如,台語,800,,,63,
愛情先天免疫,南台灣小姑娘,台語,,5,,7,
愛情免簽字,張瀛仁,台語,,4,,6,
愛情免詛咒,蘇錦煌,台語,,865,,6,
愛情切啦,南台灣小姑娘,台語,,9,,6,
愛情列車,,台語,,,,,
愛情到底有多危險,郭富城,國語,,394,,3,
愛情刺客,夏天Alex,國語,,49566,,3,
愛情功夫,江淑娜,國語,,397,,3,
愛情加油,王心凌,國語,,9,,3,
愛情十字路,邱蘭芬,台語,,659,,6,
愛情半桶師,甲子慧,台語,0,,,65,
愛情受阻礙,江蕙,台語,63,2,,; ; ; 6,
愛情合約,于冠華,國語,5,384,,; ; ; 3,
愛情呼救999,呉克群弦子,國語,,4,,3,
愛情啊,,台語,,,,,
愛情啊,詹曼鈴,台語,,595,,8,
愛情問題,張秀卿,台語,6588,,,,
愛情啥咪來西,李嘉,台語,,56686,,7,
愛情啥咪東西,李嘉,台語,550,,,00,
愛情囚徒,馬雲龍,國語,,683,,3,
愛情城堡,李謝,國語,,854,,3,
愛情堡壘,,華語,65,,,,
愛情外好你敢知,劉福助邱蘭芬,台語,,8,,7,
愛情多一歲陳,秀玲,台語,,442,,6,
愛情多甜蜜,鳳飛飛,國語,,1,,9,
愛情夢,,客語,9,,,51,
愛情夢,一綾,台語,56389,,,63,
愛情天堂,,台語,64,,,,
愛情失敗者唐,飛,台語,,492,,6,
愛情奈何橋,袁小迪,台語,,4,,6,
愛情如水向來流,余天,國語,,766,,3,
愛情如水向來流,倪賓,國語,,9,,3,
愛情如衣裳,王又萱 特魯多,國語,793,,,,
愛情字典,孫燕姿,國語,538,388,,3; 61; 61; 61,
愛情孩盪鞦,鳳琴,台語,,774,,8,
愛情小說 華爾滋 尚文婷,,華語,62,,,,
愛情小路,陳思安,台語,,46787,,8,
愛情少尉,李宗盛,國語,,655,,3,
愛情就像一首歌,,台語,,,,52,
愛情就像一首歌,冷楊小曼,國語,,8,,1,
愛情島,王中平/林雨葶,國語,5,,,61,
愛情左右,陳黎明,國語,,497,,3,
愛情巧克力,,台語,,791,,6,
愛情巧克力,大台風樂團 搖滾,國語,09,,,69,
愛情廢柴,周杰倫,國語,,58994,,9,
愛情彼岸,金東萬何潔,國語,,681,,3,
愛情很難說出口,羅百吉,國語,5,,,67,
愛情怎麼喊停,曽沛慈,國語,,8,,9,
愛情思想枝,阿錡,台語,,499,,6,
愛情恰恰,陳小雲,台語,,4,,6,
愛情惹的禍,閃亮三姉外,國語,,742,,3,
愛情惹的禍,閃亮三姐妹,國語,570,,,79,
愛情慾叨找,白冰冰,台語,,2,,6,
愛情成熟時,趙姦,國語,,484,,1,
愛情戲,陳茂豐,台語,56760,,,62,
愛情戲,龍千玉,台語,,6,,5,
愛情批,,台語,,472,,8,
愛情批,,華語,,,,,
愛情攏無影,林俊吉洪百慧,台語,,940,,6,
愛情支票,,華語,47,,,,
愛情放風吹,劉雅惠,台語,,8,,8,
愛情故事,,華語,,,,99,
愛情故事,林子良,國語,5961,,,39,
愛情故事,王俊清,台語,5,,,67,
愛情救護站,沈芳如,台語,564,96484,,61; 61; 6; 61,
愛情教會我們的事,周興哲,國語,,58993,,9,
愛情敢會當參詳,許富凱,台語,,947,,8,
愛情新天地,蔡小虎,台語,,9,,6,
愛情新路線,李嘉,台語,,542,,6,
愛情斷了線,陳玉定,國語,,3,,3,
愛情旅程,…張韶涵,國語,,5,,3,
愛情旅途,清源,國語,,499,,3,
愛情旦亠,齊秦,國語,,399,,3,
愛情是什麼,陳盈潔,台語,,5,,6,
愛情是個無人知道,的問,國語,,8,,3,
愛情是啥咪,,華語,58,,,,
愛情是專利,陳秋滿 特魯多,台語,798,,,64,
愛情是幸福的,在彭莉,台語,,9,,7,
愛情是我的傷口,方怡萍,台語,,7,,7,
愛情是我的性命,王瑞霞,台語,,562,,7,
愛情是這回事,王中平,台語,8,,,61,
愛情有拿要還,羅文聰,台語,,562,,7,
愛情有雨,,台語,,,,48,
愛情权手,鄭君臧,台語,,490,,6,
愛情條約,張宇,國語,,3,,3,
愛情欲叨尋,白冰冰,台語,,8,,6,
愛情歌,王思佳,台語,,995,,8,
愛情殺手,劉嘉亮,國語,,7,,3,
愛情求你放過我,,華語,6539,,,,
愛情沙西米,阿明,台語,,95696,,6,
愛情河,陳盈潔,台語,,769,,5,
愛情泡沫,龍奔,國語,,680,,3,
愛情海,梁詠琪,國語,,,,,
愛情港灣已沉沒,秋心,國語,,,,60,
愛情火,蔡麗津,台語,56387,,,63,
愛情烈酒,江音,國語,,3,,3,
愛情無嫌貴 恰恰 ◆ 呂秋霓 ◆ 王奕心,,華語,83,,,,
愛情無是人生的一切,李茂山,台語,,3,,7,
愛情無用,李翊君,國語,,3,,3,
愛情無礬貴,邱賢桂,台語,,463,,8,
愛情無道理,,台語,55,,,,
愛情無關是非,周蕙,國語,5938,,,,
愛情照妖鏡,沙啞哥吳耀勝,國語,,,,60,
愛情燒,,台語,,,,56,
愛情燒抺退,的神話 中板靈魂樂 搖滾 韋俊男.蔡燕文,台語,,,,42,
愛情燒酒話,謝莉婷郭仲一,台語,,4,,6,
愛情爐丹,許志豪,台語,,77550,,8,
愛情爐丹蔡,小虎,台語,,562,,6,
愛情甘講已經過,黃乙玲,台語,,567,,7,
愛情疼疼疼,,台語,,4,,6,
愛情的TEMPO,王中平向轅玲,台語,,5,,6,
愛情的傷,儒孺,台語,565,446,,61; 61; 6; 61,
愛情的傷愈傷,方怡萍,台語,8584,445,,74; 74; 74; 7,
愛情的傻瓜,楊克強,國語,565,,,78,
愛情的味,蘇路,台語,,3,,8,
愛情的地圖,勃露斯,台語,795,,,64,
愛情的地圖,翁立友,台語,,4,,6,
愛情的坦白,秀蘭瑪,台語,,964,,6,
愛情的城堡,,台語,,,,44,
愛情的夜,林姍,國語,,4,,3,
愛情的夢,余帝,台語,,3,,6,
愛情的夢,高勝美,國語,,995,,9,
愛情的天平',南方二,國語,,395,,3,
愛情的天涯,陳莉,台語,556,6,,61; 61; 6; 61,
愛情的奴隸,陳夏蓮,台語,56967,,,60,
愛情的專線,孫淑媚 慢迪斯可,台語,8462,,,74,
愛情的尾班車,尤雅,台語,,5,,7,
愛情的恰恰,陳小雲,台語,,7,,6,
愛情的憨子,王尚宏,台語,564,44648,,61; 61; 6; 61,
愛情的戀歌,,華語,51,,,54,
愛情的探戈,陳雷/甲子慧,台語,565,,,61,
愛情的故事,方季惟,國語,,6,,3,
愛情的故事,詹曼鈴,台語,55897,,,61,
愛情的歌,何政瑰,台語,,1,,6,
愛情的流浪兒,蔡小虎,台語,,44854,,7,
愛情的滋味,陳怡婷,台語,,843,,8,
愛情的火,蘇錦煌/阿君,台語,56776,,,62,
愛情的火,蘇錦煌阿君,台語,,857,,6,
愛情的煩惱,,台語,,,,93,
愛情的熱度,小辣椒,台語,,960,,6,
愛情的甜,新棠二人組,台語,,578,,6,
愛情的監牢,黃暄雅,台語,560,,,00,
愛情的空城,龍千玉,台語,,596,,8,
愛情的網,王建復台婷,台語,,57964,,6,
愛情的罪人,林子娟,台語,55898,945,,61; 61; 6; 61,
愛情的花欉,,華語,,,,,
愛情的苦藥,戴梅君,台語,,742,,6,
愛情的苦酒,陳雷,台語,56870,8,,65; 65; 65; 8; 8,
愛情的血夺,陳淑萍,台語,,77540,,8,
愛情的見証,,國語,,5,,3,
愛情的路,羅時豐拶靜,台語,,5,,6,
愛情的遊戲,,台語,,,,44,
愛情的過路人,,台語,,1,,7,
愛情的道理,于台煙,台語,,558,,6,
愛情的道理,于台煙 吉力巴,台語,561,,,61,
愛情的酒,沈建豪,台語,5,,,67,
愛情的酒,陳小雲,台語,,2,,6,
愛情的酒已經退,林國慶,台語,,386,,7,
愛情的酒攏袂退,黃乙玲,台語,,8,,7,
愛情的鎖“,鳳飛飛,國語,,858,,3,
愛情的陷畊,翁立友,台語,,43878,,8,
愛情的陷阱,楊宗憲,台語,,8,,6,
愛情的顏色,林子娟,國語,5,,,67,
愛情的風,徐紫淇,台語,550,947,,61; 61; 6; 61,
愛情的風,王尚宏林知卉,台語,,671,,6,
愛情的飛凌機,陳雷,台語,,6,,7,
愛情的騙子,陳小雲,台語,,4,,6,
愛情的騙子我,你陳小雲,台語,,2,,7,
愛情相思夢,傅振輝林玉英,台語,,561,,6,
愛情看透透,孫淑媚,台語,,6,,6,
愛情真、言,李明洋,台語,,46780,,8,
愛情真經,蔡妍,國語,,6,,9,
愛情真美麗,陳思安,台語,,761,,6,
愛情睡醒了,袁成杰,國語,,57843,,3,
愛情碼頭,,華語,,,,40,
愛情程式,范逸臣,國語,573,9,,46; 46; 46; 3,
愛情空轉,許聰富,台語,,3,,8,
愛情籤詩,,華語,,,,98,
愛情紅不讓,閃亮三,台語,,760,,6,
愛情紅不讓,閃亮三姊妹,台語,557,,,61,
愛情紅綠燈 Hip-Hop ◆ 彭鈺雯 ◆ 羅聰,,客語,68,,,38,
愛情終究是一場難,圓的,國語,,3,,3,
愛情終點站,,客語,3,,,51,
愛情終點站,翁立友,台語,,579,,6,
愛情結局,芭比,國語,,552,,3,
愛情緊箍咒,孫豔/旋轉的精靈,華語,574,,,68,
愛情總在幻滅時最,美,國語,,468,,3,
愛情背包客,JS,國語,591,,,81,
愛情自有天咅,戒薇,國語,,579,,3,
愛情花,,華語,98,,,,
愛情花蕊等要開,洪榮宏,台語,,561,,7,
愛情花開,劉依純,台語,559,,,84,
愛情花香味,秀蘭瑪雅,台語,559,,,97,
愛情英雄,揚哲,台語,,965,,6,
愛情英雄,辯棠二人組,台語,,764,,6,
愛情莎喲哪啦,南台灣小姑娘,台語,,075,,7,
愛情莎喲那啦,南台灣小姑娘,台語,,4,,7,
愛情莳,邱芸子,台語,,46572,,8,
愛情菸煙,林良歡,台語,,46850,,8,
愛情虎頁蜂,林姍,台語,,440,,6,
愛情衝衝衝,陳雷,台語,,2,,6,
愛情袂凍只是暫時,于台煙,台語,569,,,67,
愛情袂赴變老,林知卉,台語,,694,,7,
愛情被單,方瑞娥,台語,,56869,,6,
愛情裝,,華語,,,,99,
愛情裝,刁寒,國語,,0,,1,
愛情裡沒有誰對訁,錯,國語,,3,,3,
愛情西餐廳,邱芸子,台語,55398,,,,
愛情親像一齣戲,李明洋/邱芸子,台語,8589,,,74,
愛情詩,,台語,,,,,
愛情詩,秀珠,台語,9,,,60,
愛情買賣,慕容曉,國語,,6,,3,
愛情買賣,慕容曉曉,華語,570,,,61,
愛情賭局,沈芳如,國語,587,,,67,
愛情走那飛,,國語,,,,,
愛情走馬燈,,台語,,5,,6,
愛情起大厝,王中平,台語,566,3,,61; 61; 6; 61,
愛情路,張蓉蓉,台語,,3,,5,
愛情路,洪榮宏,台語,63,,,,
愛情路,蔡小虎,台語,,979,,8,
愛情路,鄭源,國語,,58397,,2,
愛情路,鄭源,華語,575,,,67,
愛情路,金門王,台語,,8,,5,
愛情路上,陳茂豐,台語,56494,,,61,
愛情路上陳,茂豐,台語,,441,,6,
愛情路二段,詹雅雯,台語,,762,,6,
愛情車站,,台語,,,,51,
愛情車站,,客語,89,,,,
愛情迷霧,李菲菲,國語,,8,,3,
愛情迷魂香 特魯多 鍾惠芳 ◆,,國語,,,,,
愛情追追追,陳雷,台語,,4,,6,
愛情這兩字,李明洋,台語,56949,,,68,
愛情這呢苦,羅時豐/林孟婕,台語,7647,,,49,
愛情這呢苦,羅時豐林孟坤,台語,,0,,6,
愛情這杯酒誰喝都,得醉,國語,,57954,,3,
愛情這條路,金佩珊,台語,,4,,6,
愛情這條路,高向鵬台萍,台語,,1,,6,
愛情這歹找,黃乙玲,台語,6799,585,,; ; ; 6,
愛情這自私,翁立友,台語,69,961,,; ; ; 6,
愛情通關密語,蕭亞軒,國語,,6,,9,
愛情遊戲,,國語,,,,94,
愛情遊戲,是娟,國語,42,,,,
愛情過路人,詹雅雯,台語,80,560,,48; 48; 48; 6,
愛情過過招,彭麗麗,國語,,785,,3,
愛情遺囑,莊心妍,華語,57440,,,60,
愛情那會這呢苦,以文彬,台語,,448,,7,
愛情酸甘甜,,華語,80,,,,
愛情酸甘甜,林姍,台語,,576,,6,
愛情銀行,王中平,台語,5,,,61,
愛情鎖,小東吳娜亞,台語,,483,,5,
愛情鎖,王建傑&劉依純,台語,,565,,5,
愛情鎖,王建傑/劉依純,台語,55946,,,61,
愛情鎖,錢澄/一綾,台語,563,,,62,
愛情鐵達尼,曽淑勤,國語,,7,,3,
愛情長跑,,國語,,5,,3,
愛情開了我們一個,玩笑,國語,,7,,3,
愛情阿,詹曼鈴,台語,,46589,,8,
愛情陷胖,蘇世豪,台語,,761,,6,
愛情雙又路,甲子慧,台語,,459,,6,
愛情雙叉路,甲子慧,台語,56784,,,62,
愛情雙雁飛,,客語,857,,,51,
愛情離我一公尺胡,夏,國語,,744,,3,
愛情雨,江蕙,台語,,6,,5,
愛情露水許,富凱,台語,,44540,,6,
愛情青紅燈,玉秀,台語,797,787,,; ; ; 8; 8,
愛情面前變得渺小,伍思凱,國語,,3,,3,
愛情風向球,Energy,國語,5,,,66,
愛情香,黃品源 森巴,國語,5,,,44,
愛情騙子蕭董,玉芬育君,台語,,491,,6,
愛情高手,施易男,國語,,3,,3,
愛情魔力,李小璐,國語,,7,,9,
愛情魔法,李維,國語,,6,,3,
愛情鹹酸甜,周雅芳,台語,6792,,,00,
愛情鹹酸甜,羅時豐,台語,,7,,6,
愛情鹹酸甜,羅時豐 吉力巴,台語,553,,,96,
愛情黑白話,陳雷/陳思安,台語,55739,,,61,
愛情誓言,,客語,3,,,51,
愛情酒樣按苦,,客語,391,,,51,
愛情車站,,客語,854,,,51,
愛惨刃亠,,國語,,392,,3,
愛愈多恨愈多,羅文聰,台語,,561,,7,
愛愈深分袂清,,客語,53,,,,
愛愈深失落愈重,詹曼鈴,台語,560,,,61,
愛愈深心愈凝,施文彬,台語,,2,,7,
愛愈深心愈凝,盧秀鑾,台語,0,,,64,
愛愈深心愈痛 特魯多 ○ 代表【midi無人聲】 ★ 代表【原聲 或 原聲原影】 適用機型：S-(BD.IMSBP系列.N系列.N2系列.W系列),● 代表【midi+人聲伴唱】 利用人如欲使用本產品於「公開場所」使用，請逕洽集管團體或著 ◆ 代表【midi+原聲伴唱】 作財產權人取得「公播授權」後，始得合法使用 1 上述符號為【歌曲類型】依機型及功能而有所不同 發行日期 /,客語,40,,,,
愛愈深情愈凝,施文彬,台語,,967,,7,
愛愈深情愈重,吳家程/鄭品蓁,台語,,,,61,
愛愈長傷愈深,高向鵬怡萍,台語,,2,,7,
愛愛,曹格,國語,,565,,2,
愛愛亠愛情龐,龍,國語,,49893,,3,
愛愛忙忙黒黑台白鍵鍵,海哲明,國語,,9,,3,
愛愛忙情不只是,羅美玲,國語,,1,,3,
愛愛忙情小小胡胡同同,呉勇濱,國語,,1,,3,
愛愛忙情走刀那飛飛,楊欣樺,台語,,46899,,8,
愛愛愛,方大同,國語,,565,,2,
愛愛愛,譚坤,國語,,68476,,2,
愛愛愛,辦桌二人組,國語,,468,,2,
愛愛的的DiDaDiDiDaDi,高黄甄蝿,國語,,484,,3,
愛愛的的下下一半屵場,淦紫凝,國語,,766,,3,
愛愛的的世世界界裡裡,赭海辰,國語,,68387,,3,
愛慕,張學友,國語,,,,,
愛戈不愛,M80&KB0,國語,,498,,2,
愛我,,國語,,2,,2,
愛我,吳宗憲,國語,00,,,,
愛我,周治平,國語,,3,,2,
愛我,姜育恆,國語,,0,,2,
愛我,柯以敏,國語,,4841,,2,
愛我,柯以敏.林志炫,國語,4842,,,,
愛我一世人,,台語,,,,51,
愛我一生一世好不,好,國語,,3,,3,
愛我一的不難,張星啝,國語,,463,,9,
愛我三分鐘,江蕙,台語,,1,,6,
愛我不愛,庹丹丹,國語,,49780,,2,
愛我不愛,陳慧琳,國語,,896,,2,
愛我久久,阿牛,國語,,3,,2,
愛我你會死,董事長,台語,,8,,6,
愛我免送花,李嘉,台語,,0,,6,
愛我別走,張震嶽,國語,,5,,2,
愛我別走,葉璦菱系平,國語,,4,,2,
愛我到明天,沈芳如,國語,5,,,61,
愛我嘛愛你,,台語,,,,95,
愛我好嗎,蘇慧倫,國語,592,,,55,
愛我好嘸,謝金燕,台語,,3,,6,
愛我就別傷害我,劉嘉亮,國語,,6,,3,
愛我就別讓我寂寞,林亞黎,國語,577,,,64,
愛我就趁現在,謝金燕,台語,,4,,7,
愛我恨我,吳克群,國語,,578,,2,
愛我愛我,蔡鎔竹,國語,566,,,65,
愛我有若重,郭嬶蒟,台語,,5,,8,
愛我無條件,林俊彥,台語,,490,,6,
愛我的人和我愛的,人,國語,,468,,3,
愛我的人請你告訴,我,國語,,4,,3,
愛我的人請癶手,莫文蔚,國語,,3,,3,
愛我的站左邊,金澤男 Funk,華語,,,,61,
愛我還是伊,陳隨意,台語,,46975,,8,
愛投羅網,羅志祥,國語,,1,,2,
愛抹變形,楊惠絜/王尚宏,台語,55654,,,61,
愛抹變形,楊惠絜王尚宏,台語,,444,,6,
愛撒奶,閃亮三,台語,,763,,5,
愛撒奶,閃亮三姊妹,台語,567,,,68,
愛擦身而過,,台語,62,,,,
愛攏無剩,,華語,,,,98,
愛放袂離情放袂,南台灣小姑,Unknown,,776,,8,
愛敢著講理由,王瑞升,台語,,9,,7,
愛斯基产,蜜雪維,國語,,6,,3,
愛斯基摩,蜜雪薇琪,國語,3890,,,,
愛易放情難收,林姍,台語,,6,,7,
愛易放難收,剛澤斌,國語,5,,,77,
愛是一個人的事,侖瀬明,國語,,685,,3,
愛是一種負擔,孫淑媚,台語,,578,,7,
愛是久久長長,蔡小虎,台語,,947,,7,
愛是人間最美麗 海來阿木 的花,,華語,65,,,,
愛是人魚藍色的眼淚 Hip-Hop 魚兒七,,華語,69,,,,
愛是什麼,好秦,台語,,764,,8,
愛是兩個人一輩,,華語,,,,,
愛是凝望又離開,陶喆吉,國語,,2,,3,
愛是否願咅,張星唯,國語,,463,,9,
愛是咱的歌,翁立友,台語,,3,,6,
愛是唯一,張惠妹,國語,5757,650,,; ; ; 3,
愛是唯一,顧斯琴高麗,國語,,499,,3,
愛是單行道,鳳琴,台語,9,,,66,
愛是奇賣,李思琳,國語,,49779,,3,
"愛是家鄉,",王錚亮,國語,,684,,3,
愛是寶貝,林偏靜 特魯多,台語,791,,,,
愛是怎麼一回事,Sweety,國語,5,,,50,
愛是懷疑,陳奕迅,國語,583,,,40,
愛是我醒時的淚,,台語,71,,,,
愛是永恆,張學友,國語,,4,,3,
愛是為什麼,吳俊宏,台語,,579,,6,
愛是烈酒,陳詠,國語,,47646,,3,
愛是獨一無二,曹雅雯,台語,,482,,7,
愛是生命溫泉,詹曼鈴,台語,559,569,,61; 61; 61; 7,
愛是神馬,鄭家純,國語,,6,,3,
愛是簡單一字,林鴻銘/秦媗,台語,8,,,67,
愛是自由意志的,,華語,6940,,,,
愛是自私的黄,義達,國語,,560,,3,
愛是迷途,呂雯,國語,,7,,3,
愛是這樣的,,華語,6584,,,,
愛最大,林玉英,國語,,4,,2,
愛最大,沈芳如,台語,563,587,,5; 61; 61; 61,
愛最大,阿妹妹,國語,,3,,2,
愛有什麼稀罕,張惠妹,國語,,3,,3,
愛有多濃傷有多深,李灘召,國語,,76754,,3,
愛有多遠,黄格選,國語,,457,,2,
愛有你才完整,魏晨,國語,,57988,,3,
愛有情,,客語,7,,,51,
愛有靈犀,T.R.Y,華語,575,,,67,
愛枯萎,夾子道,國語,,785,,2,
愛某不驚艱苦,葉啟田,台語,,2,,7,
愛正要起飛,許紹洋,國語,5,,,89,
愛歸零,邰正宵,國語,,3,,2,
愛死不放手,,華語,44,,,45,
愛死了昨天,,華語,6472,,,,
愛死你,莫文蔚,國語,52,6,,; ; ; 2,
愛毀滅了王,羽澤,國語,,498,,3,
愛毋驚,郭婷蒟,台語,,59544,,8,
愛永遠,戴愛玲,國語,,57585,,2,
愛沒怨,,客語,8,,,51,
愛沒有對錯(我終於等到你),,華語,6572,,,39,
愛沒有錯,代小波,國語,,684,,2,
愛沒退時,,客語,,,,56,
愛河,,華語,61,,,,
愛河,櫻花姉,台語,,3,,5,
愛河傷心曲,任珍,台語,,8,,8,
愛河向來流,余帝,台語,,442,,6,
愛河夜曲,沈文程,台語,,44382,,6,
愛河戀歌,蔡小虎,台語,,5,,6,
愛河橋畔,上明,台語,56584,6,,66; 66; 6; 66,
愛河相思曲,邱蘭芬,台語,,062,,6,
愛河邊的咖啡,黃妃,台語,563,56580,,62; 62; 62; 7,
愛深情也苦,暄雅,台語,55670,,,00,
愛清,龍千玉,台語,,56650,,5,
愛清島,王中平林雨葶,國語,,949,,2,
愛清歌,秀蘭瑪,台語,,4,,5,
愛清沙,江志豐,台語,,56950,,5,
愛清河,張素菱,台語,,5,,5,
愛清火,蔡麗津,台語,,94874,,5,
愛清花,沈文程,台語,,395,,5,
愛清袂凍只是,時于台煙,台語,,765,,7,
愛清鎖,錢一,台語,,2,,5,
愛滿心心懷扆陳,盈潔,國語,,872,,3,
愛滿滿,黃思婷,台語,,77559,,8,
愛火,王思佳,國語,,461,,9,
愛火燒不盡,劉徳華,國語,,3,,3,
愛灯,李明洋,台語,,542,,5,
愛灵,張學友,國語,,3,,2,
愛無二宅,楊哲張秀卿,台語,,447,,6,
愛無值得,詹曼鈴,台語,557,,,61,
愛無價,黃思婷,台語,,46763,,8,
愛無公平,孫淑媚,台語,55841,,,61,
愛無剩,蔡小虎,台語,,4,,5,
愛無夠堅持,,華語,49,,,,
愛無底,沈芳如,台語,55849,560,,5; 63; 63; 63,
愛無後悔,林月裡 特魯多,台語,8,,,,
愛無所不在,杜忻恬,台語,,439,,8,
愛無所不在,王力宏,國語,4995,,,,
愛無明阿在,伍浩哲,台語,,444,,6,
愛無時恨無時,陳美鳳伍浩哲,台語,,0,,7,
愛無留,王識賢,台語,,562,,5,
愛無第二句話,李明洋,台語,,5,,7,
愛無結局,陳筱筑,台語,,490,,6,
愛無藥通醫,沈芳如,台語,56597,,,61,
愛無解,林玉英,台語,,44499,,5,
愛無路來,,華語,78,,,,
愛無驚,小辣椒,台語,,491,,5,
愛牙乂牙,陳思安,台語,,44488,,6,
愛犬愛跟路,謝金燕,台語,,48544,,6,
愛犯罪,楊克強,國語,538,,,80,
愛獨白,吳勇濱,國語,,466,,9,
愛珍惜,曉涵/劉宗和,台語,390,,,69,
愛珍惜,龍千玉,台語,,593,,8,
愛珎一生,陳隨意,台語,,7,,6,
愛珎勝過我生命,蕭承祥,台語,,5,,8,
愛珎的心,余祥榮,台語,,965,,8,
愛琴海,李玟,國語,5,,,,
愛甜情苦,林子娟,台語,2,,,72,
愛田香,洪百慧,台語,,8,,5,
愛甲半休死,張済芳,台語,,980,,6,
愛甲心攏碎,,台語,,,,95,
愛甲心畏実,張蓉蓉,台語,,760,,6,
愛甲心痛,洪百慧,台語,,973,,6,
愛甲心驚,陳凱欣,台語,,2,,8,
愛甲批變調,江宏恩,台語,,4,,6,
愛甲攏變調,江宏恩,台語,559,,,61,
愛甲流目油,陳雷,台語,84,,,69,
愛甲流飛目油,陳雷,台語,,4,,6,
愛甲無路好退,王瑞霞,台語,6791,,,,
愛甲神仙也難救,詹曼鈴,台語,562,,,67,
愛甲與怨恨,鄭君臧玉・,台語,,497,,6,
愛甲著火 最遠的你最近的愛,,華語,,,,49,
愛甲輕鬆,吳淑敏,台語,553,,,98,
愛甲這呢痛,劉育綾,台語,554,,,98,
愛甲這呢痴,陳隨意,台語,,58990,,8,
愛甲這呢雄,談詩玲,台語,,46970,,8,
愛甲這呪广,施秀蓁,台語,,547,,6,
愛甲這呪痴,王瑞霞,台語,,981,,6,
愛甲這呪癰,陳念陸,台語,,544,,6,
愛甲這尼深,,國語,,,,,
愛甲這狼狽,王定傑,台語,,3,,6,
愛甲這狼狽,王建傑,台語,565,,,61,
愛甲這認真,王尚宏,台語,569,,,61,
愛留乎明天,陳淑萍林吉,台語,,595,,6,
愛疋啥咪,吳淑敏,台語,,441,,6,
愛疋寶貝,林偏靜,台語,,54500,,6,
愛瘋頭,羅志祥,國語,,572,,2,
愛發狂,羅百吉,國語,570,566,,2; 68; 68; 68,
愛發狂,鄭伊健,國語,,3,,2,
愛的 Melody,白冰冰,台語,69,,,,
愛的Melody,白冰冰,台語,,477,,5,
愛的Tempo 恰恰 ◆ 潘佩莉.李明洋,,台語,,,,,
愛的世界,林俊吉,台語,,966,,6,
愛的世界,蘇世豪/游麗紅,台語,9,,,64,
愛的世界,蘇世豪游紅,台語,,549,,6,
愛的世界,陳韻竹,台語,1,,,66,
愛的世界等我去追,上豪,國語,,46494,,1,
愛的世界糖蜜甜,范美敏,台語,,481,,7,
愛的主屵場秀,羅志祥,國語,,577,,3,
愛的主打歌,蕭亞軒,國語,3889,,,,
愛的主題歌,蕭玉芬,台語,,498,,6,
愛的主題歌 大台風樂團 ◆,,華語,,,,94,
愛的事業,陳茂豊,台語,,2,,6,
愛的事業,陳茂豐,台語,55993,,,61,
愛的人,方怡萍高向鵬,台語,,5,,5,
愛的人客,蔡小虎,台語,,8,,6,
愛的人是你,洪榮宏,台語,7643,1,,43; 43; 43; 6,
愛的人生,郭金發,台語,,7,,6,
愛的人生無後悔,揚邱芸子,台語,,958,,7,
愛的亻說,大小百,國語,,4,,2,
愛的代價,張艾嘉,國語,4955,0,,; ; ; 2,
愛的依靠,,華語,,,,,
愛的依靠,慕容婕鈴,國語,5,,,63,
愛的保存期限,葉人珒,國語,,2,,9,
愛的傷痕,陳豪,台語,,465,,6,
愛的傷痕,陳豪 Tort,台語,66,,,00,
愛的傷痕,陳雷,台語,,0,,6,
愛的傷誰人賠,袁小迪,台語,,6,,7,
愛的傷這尼重,南台灣小姑娘,台語,,3,,7,
愛的初體驗,張震嶽,國語,,5,,3,
愛的利息,吳蕙君,台語,,7,,8,
愛的副作用,張玉華,國語,,3,,3,
愛的創傷,游麗紅 特魯多,台語,1,,,64,
愛的力量,李明洋,台語,,5,,6,
愛的力量,王中平,台語,569,449,,61; 61; 6; 61,
愛的力量,郭健一,台語,556,460,,61; 61; 6; 61,
愛的力量,鄭淑靜,台語,,,,61,
愛的勇氣,吳俅,台語,,7,,6,
愛的勇氣,林垂立,台語,,9,,6,
愛的十字架,王瑞霞,台語,76,2,,; ; ; 6,
愛的卡洛里,蜜雪薇,國語,,658,,3,
愛的原味,許慧欣,國語,,9,,2,
愛的可能,葉苻文,國語,,839,,9,
愛的名字,周韋杰,台語,,569,,6,
愛的吸引力,,華語,6842,,,,
愛的告白,鄧妙華,國語,,0,,2,
愛的呼喚,,台語,,,,,
愛的呼奐,郭富城,國語,,2,,2,
愛的呼聲,郭金發,台語,,0,,6,
愛的命運,紀露霞,台語,,557,,6,
愛的命運,陳盈潔,台語,,3,,6,
愛的回歸線,陳韻若&陣毎文,國語,,57842,,3,
愛的回答,辛曉琪,國語,546,3,,82; 9,
愛的回航,余天,國語,,5,,2,
愛的地、平線,海哲明,國語,,853,,3,
愛的執著,,台語,75,,,,
愛的執著,金素梅,國語,,944,,9,
愛的執著(舞曲版),的理由,國語,94,,,,
愛的堅持,林翁立冹,台語,,3,,6,
愛的堅持,林錦,台語,788,,,,
愛的塔羅牌A,夏天Alex,國語,,476,,3,
愛的夢兒更美麗,鳳飛飛,國語,,992,,3,
愛的夢鄉,鳳飛飛,國語,,878,,3,
愛的天國,王心凌,國語,581,3,,46; 46; 46; 2,
愛的太狂,李翊君,國語,,5,,2,
愛的太苛,比莉,國語,,7,,2,
愛的夫谷,大對唱,台語,,1,,6,
愛的夭一谷,洪一峰,台語,,1,,6,
愛的好甜,賀世哲,國語,,9,,2,
愛的好辛苦,小莊,華語,570,,,61,
愛的完成時,夏天Alex,國語,,476,,3,
愛的完結篇,蘇芮,國語,59,,,,
愛的完結篇,蘇苗,國語,,9,,3,
愛的寄居蟹,陳譯賢,國語,,8,,3,
愛的將來,江蕙,台語,,2,,6,
愛的小路,必日,台語,,771,,6,
愛的小路,林飛翔,台語,561,,,61,
愛的小路,洪榮宏,台語,,2,,6,
愛的小路,蘇錦煌/王喬幼,台語,56775,,,62,
愛的小路,蘇錦煌幼幼,台語,,7,,6,
愛的小路作陣走,楊哲,台語,,761,,7,
愛的小路等你,林涵霖,台語,9,,,68,
愛的就是你,王力宏,國語,53,,,,
愛的崁站,侯方貽,台語,,544,,6,
愛的巢,張蓉蓉,台語,,586,,5,
愛的希望,張蓉蓉,台語,,741,,6,
愛的你呀亻處尹,皿麗君,國語,,644,,3,
愛的心兒多明冖,陳淑樺,國語,,839,,3,
愛的心語,鐘家華,國語,,463,,9,
愛的心跳,,國語,,,,93,
愛的恰恰恰,趙柳芝,台語,,543,,6,
愛的情火,陳甲子慧,台語,,679,,6,
愛的情火,陳雷/甲子慧,台語,568,,,64,
愛的感情線,戴梅君,台語,,979,,6,
愛的感覺,何泳毅,台語,,548,,6,
愛的感覺,葉冰倢/何泳毅,台語,4,,,64,
愛的感覺,藍雨,國語,,498,,2,
愛的戀歌,李翊君,台語,,487,,6,
愛的探戈,王識賢,台語,,790,,6,
愛的探戈,芬華,台語,,685,,6,
愛的播音員,陳思安,台語,,966,,6,
愛的故事,,國語,,395,,2,
愛的故事,尤雅,國語,,9,,2,
愛的數字,牽著手 梭 探戈 ◆ 唐惠理,台語,,,,40,
愛的旅程,李心琪,國語,,767,,2,
愛的旅途,劉瓊花,台語,,54451,,6,
愛的旅途,劉瓊花 特魯多,台語,2,,,66,
愛的旅途,李祥,國語,,9,,9,
愛的旅途,李翊君,國語,93,6,,; 9,
愛的旅途,胡琬 吉力巴,國語,7,,,69,
愛的日己,沈文程,台語,,1,,6,
愛的日曆,陳韻竹,國語,0,,,66,
愛的時候,李惠樺,國語,,8,,2,
愛的時光,陳蘭麗,國語,,761,,2,
愛的期待,王識賢,台語,,747,,6,
愛的期限,,台語,55,,,,
愛的榮耀,柯有綸,國語,3852,,,,
愛的樂章,鳳飛飛,國語,,469,,3,
愛的樓窗,,客語,68,,,56,
愛的歌,,台語,00,,,51,
愛的歌,厃莊長明,台語,,852,,8,
愛的歌聲,陳韻竹,台語,,545,,6,
愛的歌詩,秀蘭瑪雅,台語,55392,,,,
愛的歌詩,許志豪,台語,,568,,6,
愛的歹兒取曰丷麗,鳳飛飛,國語,,894,,3,
愛的氣魄,王建傑,台語,564,085,,68; 68; 6; 68,
愛的泉源,王又萱,國語,2,942,,2; 65; 65; 65,
愛的海洋,曲婉婷,國語,,7,,2,
愛的淚珠,黃鶯鶯,國語,,9,,2,
愛的滋味,尤雅,台語,,1,,6,
愛的滋味,張燕清,台語,,0,,6,
愛的滋味,系淑媚,台語,,7,,6,
愛的滋味,蔡小虎,台語,,947,,6,
愛的滑翔翼,王心凌,國語,582,,,44,
愛的滑翔翼王,心凌,國語,,8,,3,
愛的漂泊,詩鄭,國語,,1,,3,
愛的漂泊,詩雨/鄭飛,國語,5,,,00,
愛的漂移,,華語,,,,43,
愛的潼憬,,國語,,7,,3,
愛的燈火,吳俊宏海君,台語,,6,,8,
愛的牧羊“人,伍思凱,國語,,3,,3,
愛的狂怒,鳳凰傳奇,國語,,5,,2,
愛的猶原是你,阿吉仔,台語,83,8,,49; 49; 49; 7,
愛的珠淚,鄭琇月,台語,,580,,6,
愛的珠淚,陳盈潔,台語,,4,,6,
愛的理相,鄧麗君,國語,,8,,2,
愛的當時,朱海君,台語,,446,,6,
愛的瘋,芭比,國語,,56683,,2,
愛的的主主打打歌歌,蕭亞軒,國語,,6,,3,
愛的目周,彭莉,台語,,0,,6,
愛的相遇,,華語,,,,,
愛的真意,陳依依,國語,,862,,2,
愛的真理,楊董,台語,,884,,6,
愛的真諦,,國語,,6,,2,
愛的真諦,黃秀美 吉力巴,國語,0,,,66,
愛的祝福,李秀蘭,台語,,544,,6,
愛的祝福,王江發,台語,,747,,6,
愛的祝福,莊心妍,國語,,9,,9,
愛的祝福,莊心妍,華語,57388,,,72,
愛的禮物,李茂山,台語,,9,,6,
愛的禮物,鳳飛飛,國語,,0,,3,
愛的秘密,西卿,台語,,966,,6,
愛的秘方,吳克群,國語,,4,,2,
愛的約定,,華語,,,,51,
愛的約定,陳韻竹/阿堂 特魯多,台語,1,,,68,
愛的紅不讓一,棒陳豪,台語,,44899,,7,
愛的終點站,楊靜,台語,,438,,8,
愛的總舖師,玖壹壹,台語,,772,,6,
愛的署名,,華語,66,,,,
愛的羽毛,熊海靈,國語,5,,,67,
愛的耳勾,秀蘭瑪,台語,,4,,6,
愛的腳步,,華語,41,,,,
愛的腳步,王寶貴,台語,,545,,6,
愛的腳步,鳳飛飛,國語,,8,,2,
愛的腳步聲,,台語,,2,,6,
愛的膨紗衫,莊振凱思安,台語,,564,,6,
愛的舞伴,李合,台語,,8,,6,
愛的舞伴,李嘉,台語,,956,,6,
愛的船,甄秀珍,國語,,8,,2,
愛的花園,袁小迪鄧家,台語,,6,,6,
愛的芼園裡,包娜娜,國語,,4,,3,
愛的莳篇,梁文音,國語,,7,,2,
愛的莳篇,翁倩玉,國語,,651,,2,
愛的藉口,張瀛仁,台語,,49461,,6,
愛的表白,,台語,,,,,
愛的表示,江蕙,台語,,4,,6,
愛的表示,洪金河,台語,,544,,6,
愛的記號,張蓉蓉,台語,,448,,6,
愛的詩篇,梁文音,國語,552,,,61,
愛的詩篇,龍飄飘,國語,,2,,2,
愛的話,鋃霞,國語,,858,,2,
愛的誓言,青山,國語,,468,,3,
愛的誓言,黃妃,台語,55538,,,,
愛的誓言,黄妃,台語,,43973,,8,
愛的誓言,龔至瑜,台語,,549,,6,
愛的證據,翁立友黃思婷,台語,,57588,,6,
愛的證明,帕妃,國語,,2,,3,
愛的豔陽天蔡,幸娟,國語,,8,,3,
愛的負擔,林麗灣,台語,1,,,64,
愛的賭注,,華語,51,,,,
愛的賭注,祁隆,國語,,8,,3,
愛的路上千萬里,陳芬蘭,國語,,7,,3,
愛的路上只有我和,你,國語,,576,,3,
愛的路上我和你,歐陽菲,國語,,0,,3,
愛的路上我甲你小,林宏銘乖秀卿,台語,,7,,7,
愛的輪廓,姜育恆,國語,,8,,3,
愛的迷魂陣,,華語,6941,,,,
愛的進行式,陳淑樺,國語,4956,,,,
愛的過去式 莊心妍 ◆,,華語,,,,96,
愛的過火,伍思凱,國語,,0,,2,
愛的選擇,高向鵬辰&,台語,,8,,6,
愛的那麼累,羅百吉,國語,599,9,,3; 69; 69; 69,
愛的鈴聲,,國語,,396,,3,
愛的鋼珡手伍,思凱,國語,,8,,3,
愛的鎖匙,徐瑰珍,台語,,841,,8,
愛的鎖匙交予你,,華語,82,,,,
愛的鎖鋉,方瑞娥,台語,,578,,6,
愛的門牌,王莱喬安,台語,,597,,8,
愛的關懷,方阡翊/洪彬朝,台語,0,,,65,
愛的關懷,洪彬朝&方阡翊,台語,,540,,6,
愛的陷阱,楊旻宜,台語,,54498,,6,
愛的陷阱,楊旻宣,台語,4,,,64,
愛的雨傘,王小玲,台語,569,,,68,
愛的雨聲,櫻桃姐,台語,,4,,6,
愛的音符,祁隆,華語,57456,,,61,
愛的頌歌,李思琳,國語,,49750,,3,
愛的領域,F4,國語,,7,,3,
愛的魔力,夏國星,國語,,756,,3,
愛的鳥籠,沈梅子,台語,,076,,6,
愛的鼓勵,廖慧穎,台語,1,54499,,64; 64; 6; 64,
愛的鼓勵,馬沙,台語,558,4,,93; 93; 93; 6,
愛盡天涯路,,華語,85,,,,
愛盲,迪克牛仔,國語,59,,,40,
愛相信,王尚宏,台語,,0,,5,
愛相隨,勃露斯,華語,579,,,68,
愛相隨,周華健,國語,,569,,2,
愛相隨,東淑萍,台語,,9,,5,
愛相隨,王強,國語,,469,,1,
愛相隨,王強,華語,57538,,,67,
愛相隨,甲子慧,台語,,461,,5,
愛相隨,甲子慧 慢迪斯可,台語,565,,,61,
愛相隨,鄭君威王秀琪,台語,,787,,8,
愛相隨,鄭如珍,台語,561,446,,5; 61; 61; 61,
愛真大,林子娟,台語,564,069,,5; 61; 61; 61,
愛矇上眼睛,劉鈺華,國語,,9,,3,
愛神,崔苔菁,國語,5952,,,,
愛神幫、個個忙忙陳,譯賢,國語,,9,,3,
愛神的箭,超口愛,國語,,3,,3,
愛神的箭,鳳娘,台語,555,565,,98; 98; 98; 6,
愛神的箭,鳳飛飛,國語,,7,,3,
愛神的見見證崔,苔菁,國語,,9,,3,
愛祢在心口難閉,張峰奇,國語,,8,,3,
愛箸一個不該愛的人,龍千玉,台語,,3,,7,
愛續,任健耀,華語,570,,,61,
愛缺,陶晶瑩,國語,3854,,,,
愛罒疋不愛,,國語,,68443,,3,
愛置心肝內,上明,台語,83,,,64,
愛者愛者眈一永遠田,馥甄,國語,,1,,3,
愛而不得,,華語,6583,,,,
愛而不敢,,華語,63,,,,
愛能不能不變,蜜雪薇琪,國語,572,,,46,
愛能穿越幾千年,高進,華語,576,,,66,
愛自己多一點,林佳儀,國語,581,,,,
愛與不愛,詩雨,國語,5,,,00,
愛與不愛都是錯,冷漠,國語,,3,,9,
愛與公平,孫淑媚,台語,,57779,,6,
愛與分寸,高向鵬,台語,,6,,6,
愛與哀愁,童安格,國語,5,,,63,
愛與恨,謝雷,國語,,3,,2,
愛與折磨,,國語,,9,,9,
愛與詩,李碧華,國語,,985,,2,
愛艹袂冫愛的人,楊靜,台語,,691,,7,
愛若去了,,Unknown,,7,,1,
愛若無心,溫瀚龍,台語,,1,,8,
愛苦恨也苦,謝莉婷,台語,,44456,,6,
愛茫茫醉茫茫,劉俐婷,台語,,4,,7,
愛萬萬年,,台語,89,9,,44; 44; 44; 8; 8,
愛落去,,台語,,,,38,
愛落心,薛金顯,台語,56867,466,,64; 64; 64; 8; 8,
愛著一個朋友,蕭澤棆,台語,,887,,7,
愛著不該愛的人,謝金燕,台語,,569,,7,
愛著亻,林子娟,台語,,96547,,5,
愛著什麼,江蕙,台語,65,0,,; ; ; 6,
愛著伊囃,王瑞霞,台語,,763,,6,
愛著你,林子娟,台語,56439,,,61,
愛著你,辦桌二人組,台語,68,,,,
愛著你寵著你 Techno ○ 代表【midi無人聲】 ★ 代表【原聲 或 原聲原影】 適用機型：S-(BD/IMSBP系列/N系列/N2系列/W系列),● 代表【midi+人聲伴唱】 利用人如欲使用本產品於「公開場所」使用，請逕洽集管團體或著 ◆ 代表【midi+原聲伴唱】 作財產權人取得「公播授權」後，始得合法使用 1 上述符號為【歌曲類型】依機型及功能而有所不同 發行日期 /,華語,53,,,,
愛著你我無後悔,辦桌二人組,台語,,763,,7,
愛著你龍著你,祁隆,國語,,9,,9,
愛著傷心,袁小迪,台語,,488,,6,
愛著別人的尪,唐飛,台語,563,,,63,
愛著別人的旭,唐飛,台語,,49390,,7,
愛著呀,鄒兆邦喬幼,台語,,59749,,8,
愛著妳的人,蔡小虎,台語,,947,,6,
愛著尔,吳俊宏向蕙玲,台語,,444,,5,
愛著尔,洪金河,台語,,542,,5,
愛著愛徹底,唐飛,台語,56560,49472,,66; 66; 6; 66,
愛著愛徹底,陳建誠簡美雀,台語,,98754,,8,
愛著才知影,潘美麗,台語,8,,,63,
愛著打死嘸退,阿吉仔吳君,台語,,57389,,7,
愛著播音員,楊哲,台語,,763,,6,
愛著阿,鄒兆邦喬幼,台語,,1,,8,
愛著阿,陳子鴻江,台語,,0,,5,
愛藏於人海,,華語,6946,,,38,
愛蝕,棠星琪,國語,545,,,61,
愛血赦,蔡依林,國語,,562,,2,
愛血限,《原基隆山之,台語,,440,,5,
愛衝一衝衝衝,陳隨意,台語,,2,,8,
愛袂到你,孫淑媚,台語,,2,,6,
愛袂完,林俊吉,台語,,943,,5,
愛袂煞,,台語,,587,,5,
愛被時光偷走,,華語,67,,,38,
愛要坦白講,洪榮宏,台語,,0,,6,
愛要大聲講出來,林翁立左,台語,,590,,7,
愛要怎麼說出口,趙傳,國語,4957,,,,
愛要怎麼説伍,思凱,國語,,4,,3,
愛要愛的久,謝金燕,台語,85,,,72,
愛要經營才會在,,台語,88,,,55,
愛要趁火打劫,陳秀玲,國語,4943,,,,
愛見好就收,許富凱,台語,,57387,,6,
愛親像放風吹,楊哲,台語,,2,,7,
愛説笑的人,呉宗憲,國語,,3,,3,
愛誰誰,,國語,,891,,1,
愛變成愛過,,台語,,,,,
愛讓一切都對了,吳宗憲,國語,4964,,,,
愛讓我愉快,LA.BOY,國語,,4,,3,
愛走了,藍心湄,國語,590,,,79,
愛走了心碎了,長春蟲子,華語,577,,,61,
愛走遠,龐龍,國語,,9,,2,
愛越深越不甘,黄仲凱,台語,,494,,7,
愛跟你,大台風,台語,,972,,5,
愛跟你,大台風樂團,台語,56675,,,61,
愛路情義,,華語,,,,43,
愛躡白酒,許志豪夋宏,台語,,57570,,6,
愛轉動,庾澄慶.張信哲,國語,3984,,,,
愛轉動,庾澄慶信哲,國語,,3,,2,
愛轉角,羅志祥,國語,,56457,,2,
愛迷惑我,銀霞,國語,,8,,3,
愛這首歌蕭,煌奇,台語,,562,,6,
愛過,戴佩妮,國語,,3,,2,
愛過,童童,國語,,767,,2,
愛過一個人,彭莉,台語,55847,562,,67; 67; 6; 67,
愛過不傷心,周荵,國語,,382,,3,
愛過不傷心,周蕙,國語,,7,,3,
愛過不後悔,,華語,65,,,,
愛過之後江,音,國語,,8,,3,
愛過了後,唐銘良,台語,,6,,6,
愛過了頭,范逸臣,國語,4965,,,,
愛過了頭蕭,敬騰,國語,,569,,3,
愛過以後,KBO,國語,,498,,3,
愛過以後冷,云,國語,,458,,3,
愛過你,費翔,國語,,9,,2,
愛過你的心,李嘉,台語,553,,,00,
愛過嘸通後悔,邱芸子,台語,,3,,7,
愛過就不後悔,沈志仲,國語,,685,,3,
愛過就足鉤,劉嘉亮,國語,,667,,3,
愛過彼個人,陳思安,台語,,571,,6,
愛過恨過,洪百慧,台語,,7,,6,
愛過才知影,方瑞娥,台語,,3,,6,
愛過放乎開,杜忻恬,台語,,46953,,8,
愛過無後悔,邱芸子/郭健一,台語,55393,,,61,
愛過無心,翁立友,台語,,7,,6,
愛過的人,林嬌,台語,,444,,6,
愛過的痕跡,陳蘇,台語,,98755,,8,
愛過過頭頭,李維,國語,,1,,2,
愛過量,王建傑,台語,5,,,60,
愛遠走,劉嘉亮,國語,,766,,2,
愛選是不愛,夢熱,國語,,796,,1,
愛還是不愛,宇兒,華語,574,,,61,
愛那麼疝,羅時豐,台語,,43872,,8,
愛那麼重,巫啟賢,國語,,494,,2,
愛郐愛了,曾寶儀,國語,,3,,3,
愛都愛了,張宇,國語,,3,,3,
愛都愛了,曾寶儀,國語,39,,,,
愛都給我,杜德偉.黃嘉千,國語,,,,,
愛錯,李心潔,國語,,939,,2,
愛錯,王力宏,國語,51,6,,; ; ; 2,
愛錯了,王建傑,國語,5,675,,2; 67; 67; 67,
愛錯了馮,劉漢強,國語,,1,,2,
愛錯人動錯情卻放不下,,華語,6581,,,,
愛阮,甲子慧,台語,55800,577,,5; 61; 61; 61,
愛阮一粒沙,李晨,台語,,848,,8,
愛阮免排隊,南台灣忄姑娘,台語,,0,,6,
愛阮就要像地動,張秀卿,台語,,0,,7,
愛阮愛一半,詹曼鈴,台語,55764,48959,,61; 61; 6; 61,
愛阮攏是假,林晏如,台語,,0,,6,
愛阮有多少,謝金品,台語,,990,,8,
愛阮有多深,陳茂豐,台語,56497,444,,61; 61; 6; 61,
愛阮淡薄,宋佳玲,台語,65,,,,
愛阮的人,詹曼鈴,台語,55965,0,,61; 61; 6; 61,
愛阮的全部,郭婷筠,台語,,446,,6,
愛阮的歌,洪百慧,台語,,4,,6,
愛阮袂變天,南台灣小姑娘,台語,,8,,6,
愛隔萬重樓,,華語,6886,,,,
愛隨風來飄零,鄧妙華,台語,,94760,,7,
愛難回,童美育,台語,0,,,65,
愛難捨,張杉寶,台語,8,8,,60; 60; 60; 8; 8,
愛難求,林慧萍,國語,64,591,,; ; ; 2,
愛難離,,台語,,,,48,
愛雨的少年蔡,幸娟,國語,,9,,3,
愛需要全心全意,,客語,66,,,38,
愛需要勇氣,詹雅雯,台語,,764,,6,
愛靈靈,戴愛玲,國語,,56870,,2,
愛青香,黃品源,國語,,3,,2,
愛音樂,莊心妍,華語,57394,,,72,
愛風騷,七一,台語,,497,,5,
愛風騷,七郎/一綾,台語,6863,,,,
愛飛了,劉小慧,國語,,9,,2,
愛驚醒,孫淑媚,台語,,479,,5,
愛歌聲,,客語,848,,,51,
愛阮每一晚,徐紫淇,台語,550,,,61,
愛，亮晶晶,,台語,,,,42,
愛，見好就收,勃露斯,台語,7,,,50,
愛．情戀,王中平,台語,55890,,,61,
愛．相扶持,傅振輝,台語,56578,,,65,
感0射,楊烈,台語,,4,,5,
感、主路,江蕙,台語,,4,,5,
感、主路,翁立友,台語,,5,,5,
感、情下尚重,阿吉仔,台語,,44385,,6,
感、情隨風去,謝宜君,台語,,59567,,8,
感、謝你有愛咼我,曾瑋中,台語,,46866,,8,
感ロ射,余天龍,台語,,44694,,5,
感ロ射,方瑞娥,台語,,5,,5,
感ロ射,詹雅雯,台語,,763,,5,
感主債,方順吉,台語,,6,,5,
感主夢,彭莉,台語,,9,,5,
感主線,劉欣玟,台語,,496,,5,
感主線,江蕙,台語,,6,,5,
感主線,良一陳美伶,台語,,543,,5,
感主線,蔡秋鳳,台語,,7,,5,
感主線,謝金燕,台語,,965,,5,
感主線,黃乙玲,台語,,562,,5,
感主話,孫協志,台語,,0,,5,
感到幸福你就拍拍,手,國語,,58562,,3,
感到幸福你就拍拍手 Techno ◆ 杜歌,,華語,,,,99,
感動,凌峰,國語,556,,,50,
感動,林子娟,國語,549,4,,68; 68; 68; 2,
感動,淑雲,台語,,5,,8,
感動,辛曉琪,國語,,3,,2,
感動,黄思号,台語,,3,,5,
感動天也感動你,洪文斌,台語,55385,,,98,
感動天感動地,宇桐非,華語,578,,,61,
感動的淚花,,華語,,,,,
感受,,台語,89,,,,
感受,巫啟賢,國語,92,,,,
感受你的愛,,台語,,,,93; ; ; ,
感受愛的力量,,台語,681,,,,
感因,徐承邦,國語,,3,,2,
感射天,黃思婷,台語,,8,,5,
感忙放一邊,江蕙,台語,,2,,6,
感忙的玩物,孫淑媚,台語,,9,,6,
感忙線,陳耀川,國語,,4,,2,
感恩,,客語,,,,,
感恩,彭世華,台語,55679,,,61,
感恩0,彭世華,台語,,976,,5,
感恩有你,慕容婕鈴,國語,5,,,63,
感恩有恁,,台語,,,,95,
感恩的歌聲,陳雷,台語,564,,,61,
感恩的花蕊,勃露斯,台語,56941,,,68,
感恩的花蕊,詹雅雯,台語,555,,,,
感恩跟著人生,曹雅雯,台語,,653,,7,
感恩爺,,客語,864,,,51,
感恩目汁,,客語,3,,,51,
感情一字痛,,華語,67,,,,
感情不是一盞燈陳,曉東,國語,,3,,3,
感情也綿綿,鄭君威,台語,,49439,,6,
感情二字,蕭承祥,台語,4,,,64,
感情伴,,台語,,,,96,
感情倒頭栽,唐儷,台語,,44478,,6,
感情債,施文彬,台語,552,,,92,
感情債,范美敏,台語,55680,,,61,
感情債,陳小雲,台語,,762,,5,
感情像落雨,唐飛,台語,56563,5,,66; 66; 6; 66,
感情像雲霧,,客語,865,,,51,
感情冷冰冰,鄭琇月,台語,8987,,,,
感情分叉線,,客語,874,,,51,
感情到最後,甲子慧,台語,,645,,6,
感情到最後,秀蘭瑪,台語,,579,,6,
感情到最後,秀蘭瑪雅,台語,554,,,61,
感情到最後,羅時豐,台語,62,,,,
感情受孤單,上明/一綾,台語,6453,,,,
感情問題,陳茂豐,台語,565,,,61,
感情坎坷路,王中平/甲子慧,台語,55782,,,61,
感情寄網路,李素專,台語,569,96971,,61; 61; 6; 61,
感情憨人,溫瀚龍,台語,,9,,8,
感情我講會到做會到,詹雅雯,台語,,671,,8,
感情戲,鄒盛蘭,台語,55681,,,61,
感情抹倘對頭,辦桌二人組,台語,,56949,,7,
感情攏無退路,孫淑媚,台語,555,,,97,
感情放乎開,廖秋濟,台語,3,,,64,
感情放水流,甲子慧,台語,56490,,,61,
感情放的太重,柔均,台語,553,,,00,
感情是女人的,切曾。梅,台語,,5,,7,
感情有靠岸,吳上明,台語,,467,,6,
感情有靠岸、,七郎,台語,,569,,6,
感情核心,徐若瑄 洛克,國語,,,,,
感情漂白,芝龍,國語,,5383,,1,
感情無地圖,,台語,,,,51,
感情無地圖,葉冰倢,台語,,957,,6,
感情無底寄,尤姿涵,台語,,955,,6,
感情無退路,秀蘭瑪,台語,,6,,6,
感情用一半,曾心梅,台語,,1,,6,
感情用事,任潔玲,國語,,3,,3,
感情的事很難說姚,:,國語,,649,,3,
感情的時鐘,鄒步雲,台語,562,,,61,
感情的車班,,華語,,,,,
感情的陷阱,甲子慧,台語,,448,,6,
感情結冰,潘越雲,台語,6570,,,,
感情線,,客語,8,,,51,
感情線,3CLUB,國語,39,,,,
感情線,陳美伶/良一,台語,2,,,65,
感情與理智,七郎/方怡萍,台語,55567,,,61,
感情行無步,劉育綾 特魯多,台語,84,,,57,
感情規碗捧,上明,台語,,994,,8,
感情親像山,王瑞霞,台語,63,,,,
感情親像風吹,秀蘭瑪雅,台語,554,,,61,
感情角相欠,,台語,,3,,6,
感情護照,七郎,台語,56654,,,67,
感情變負擔孑,孫淑媚,台語,,959,,6,
感情變過去,,台語,,,,51,
感情路,劉佳軒,台語,551,,,80,
感情路上只有我 探戈 歌號 英文歌曲 王培宇,,台語,661,,,,
感情路口青紅,郭碁,台語,,965,,7,
感情這齣虘虚,袁小迪,台語,,452,,6,
感情隨風飄,林汶諭,台語,,545,,6,
感應,林國榮,國語,,,,,
感敫,周慧敏,國語,,2,,2,
感染,黃立行,國語,,9,,9,
感清債,施文彬,台語,,956,,5,
感清債,范美敏,台語,,946,,5,
感清啊,朱海君,台語,,584,,5,
感激你的愛,張峯子,台語,9,,,60,
感覺不到你,游鴻明,國語,5,,,61,
感覺不會再愛了,,華語,69,,,,
感覺犯,MP魔幻力量,國語,,484,,2,
感謝,,台語,,,,00,
感謝,曹雅雯,台語,,590,,8,
感謝,沈建豪,台語,,,,61,
感謝,紀露,台語,,990,,8,
感謝,陳夏蓮,台語,56970,,,60,
感謝一路有你,,華語,6856,,,,
感謝你,呂志國,台語,7,,,63,
感謝你,溫兆倫,國語,,9,,2,
感謝你,陳雷,台語,6938,2,,; ; ; 5,
感謝你,龍千玉,台語,,899,,8,
感謝你嫁給我,馬智宇,國語,,845,,9,
感謝你用心愛我彭,羚,國語,,3,,3,
感謝你的一封,洪榮宏,台語,,960,,7,
感謝你的支持,上明,台語,68,,,,
感謝天地,,台語,,9,,6,
感謝妳,李和興,台語,,54449,,5,
感謝妳,李和興 特魯多,台語,8,,,63,
感謝妳,蔡小虎,台語,,7,,5,
感謝妳陪我彼,年鄭進一,台語,,569,,7,
感謝你的愛,彭莉&,台語,,2,,6,
感謝恁的祝福,沈芳如,台語,6,,,61,
感謝您,柳佳妤,台語,3,95645,,5; 64; 64; 64,
感謝您,江惠儀,台語,,1,,5,
感謝有你,七黑,台語,,9,,8,
感謝有你 倫巴 ◆ 王根立,,台語,,,,,
感謝有您,,客語,,,,56,
感謝過去的你,,台語,6482,,,,
慈人的心聲,江枋稘,台語,,784,,8,
慈恩,,客語,5,,,51,
慈悲,黃思婷,國語,,6,,9,
慈悲心,,台語,,,,,
慈悲的勇氣,李正帆,國語,,763,,3,
慈悲的媽祖,連敏旭,台語,,989,,8,
慈愛媽祖 旗津旗聖媽 中板靈魂樂 利用人如欲使用本產品於「公開場所」使用，請逕洽集管團體或,,客語,79,,,55,
慈愛的媽媽,林靖恩,台語,5,,,68,
慈母心,,國語,,3,,2,
慈母心,何華,台語,4,,,68,
慈母心,葉啟田,台語,,1,,5,
慈母愛,七郎,台語,555,,,,
慈母赤子心黄,克林,台語,,58479,,6,
慈母頌,費玉清,國語,,7,,2,
態产,王中平,台語,,5,,5,
態度,王中平,台語,6842,,,,
慌,謝霆鋒,國語,,3,,2,
慕夏,,華語,64,,,,
慕情,黃瑞琪,台語,,0,,5,
慕情人生,良山,台語,,444,,6,
慙蝦仔,王瑞霞,台語,,3,,8,
慙阿呆,蔡振南,台語,,0,,5,
慢來早離開,曾心梅,台語,,753,,7,
慢半拍,劉福助,台語,,4,,5,
慢慢,,華語,66,,,; ; ; ,
慢慢來,嫚嫚,國語,8,,,,
慢慢來,孫燕姿,國語,584,,,,
慢慢我,,華語,6974,,,,
慢慢明白,,華語,68,,,,
慢慢長大,陳黎明,國語,,497,,3,
慢火車,萬芳,國語,4988,,,,
慢跑鞋,DearS,國語,5,5,,2; 61; 61; 61,
慣性背叛,蔡依林,國語,,568,,3,
慣習,王識賢,台語,55793,571,,5; 61; 61; 61,
慣習,蔡麗津,台語,564,,,65,
慧劍斷情絲,林芳羽,台語,,43958,,8,
慵懶的星期天,原始林,國語,,769,,3,
慶團圓,陳雷,台語,,57694,,5,
慶團圓,陳雷 特魯多,台語,56791,,,63,
慶幸,堂娜,國語,,7,,2,
慶幸有你愛我,蔡淳仕,國語,,598,,3,
慶祝,,國語,,5,,2,
慶祝,楊丞琳,國語,5893,5,,; ; ; 2,
憂傷的秊節,易欣,國語,,499,,3,
憂傷的鞦韆,胡雯,國語,,683,,3,
憂愁,小安,台語,,476,,8,
憂愁,黃乙玲,台語,,972,,5,
憂愁戀歌,滅火器,台語,,1,,6,
憂愁淚海,陳雷,台語,8598,3,,76; 76; 76; 6,
憂愁的攻瑰,何政瑰,台語,,5,,7,
憂鬱的影子,蔡琴,國語,,700,,3,
憐花惜玉,甲子慧,台語,558,0,,61; 61; 6; 61,
憑亻麼說,劉心,國語,,57781,,3,
憑什麼,FS(Fuvinp,國語,,9,,9,
憑什麼,FS(FuyFS(i吅Sam,國語,,462,,9,
憑什麼愛過,,華語,,,,,
憧,于楓,國語,,3,,2,
憧憬,辛曉琪,國語,,9,,2,
憨人,張杉寶,台語,569,46766,,67; 67; 67; 8; 8,
憨人,謝金燕,台語,55786,,,61,
憨人,郭廷筠郭祐,台語,,439,,8,
憨人,郭忠祐郭婷筠,台語,,58999,,8,
憨人,高向鵬,台語,,397,,8,
憨人的心聲,江枋稘,台語,56854,,,64,
憨大呆,鳳娘,台語,559,,,94,
憨子,阿吉仔,台語,,46959,,61; 61; 61; 8; 8,
憨情人 華爾滋 尚東 程響,,華語,79,,,43,
憨愛,林良歡,台語,,3,,8,
憨愿頭,許效舜,台語,65,,,,
憨慢,甲子慧,台語,56987,,,69,
憨憨啊笑,王識賢,台語,559,,,76,
憨憨啊等,,台語,,2,,8,
憨憨啊等,一綾,台語,56972,,,60,
憨憨等,沈建豪/林子娟,台語,55877,,,61,
憨憨等,沈建豪林子娟,台語,,578,,5,
憨相思,白冰冰 吉力巴,台語,81,,,56,
憨腮腮,,台語,,,,,
憶兒時,潘安邦,國語,,3,,2,
憶夫容,費玉清,國語,,3,,2,
憶無情,黄俊雄,台語,,640,,5,
憶童年,銀霞,國語,,2,,9,
憶童年,鳳飛飛,國語,,572,,2,
憶良人,,國語,,459,,2,
"憶良人,",周旋,國語,,462,,9,
憾情,,華語,61,,,,
懂事,孫燕姿,國語,3950,5,,; ; ; 2,
懂事,林志炫,國語,,5,,2,
懂事的年紀,,華語,63,,,,
懂得,李蕙敏,國語,,6,,2,
懂得,王昍,國語,,499,,2,
懂我,厲娜,國語,,683,,2,
應該,周華健,國語,,4,,2,
應該,楊乃文,國語,,381,,2,
應該放抹記,楊小萍,台語,,3,,8,
應該疋我對你說分,手,國語,,499,,3,
懦夫,周杰倫,國語,507,,,,
懦弱,夏天Alex,國語,,47640,,2,
懲罰,陳淑萍,國語,562,2,,2; 67; 67; 67,
懲買。,阿社,國語,,591,,2,
懶人日記,佰百,國語,,6,,3,
懶情猫,芝麻龍,國語,,576,,2,
懶惰猫,,國語,,2,,2,
懶懶馬一步踏 樂 中板靈魂樂 中板靈魂樂 樂妍,,台語,,,,52,
懷念,唐飛,台語,563,495,,5; 63; 63; 63,
懷念,蔡依林,國語,5671,,,,
懷念TANGO,蘇錦煌林鈺茹,台語,,94768,,6,
懷念你,,台語,52,,,,
懷念你媽媽,陳雷,台語,568,,,64,
懷念台中港,,台語,,,,,
懷念媽媽,,台語,,98380,,8,
懷念故鄉,,客語,76,,,,
懷念故鄉,翁立友,台語,,948,,6,
懷念故鄉,西卿,台語,,644,,6,
懷念故鄉的歌,石喬,台語,,8,,7,
懷念淡水的河,洪榮宏,台語,,467,,7,
懷念的 KTV,陳奕晴 慢迪斯可,台語,55645,,,61,
懷念的人,尤雅,台語,,388,,6,
懷念的人,陳雷,台語,,0,,6,
懷念的唐山石,,華語,45,,,,
懷念的城車,洪一崋,台語,,4,,7,
懷念的基隆港,陳南風,台語,,77545,,8,
懷念的夢,李茂山,台語,,0,,6,
懷念的大樹腳,余天龍,台語,,3,,7,
懷念的年代,陳盈潔,台語,,9,,7,
懷念的庄脚,陳建誠,台語,,44642,,7,
懷念的戀歌 特魯多 林錦煌 ○,,華語,41,,,,
懷念的探戈,李茂山,台語,,65548,,7,
懷念的故鄉,七郎,台語,6869,,,,
懷念的春天,葉啟田,台語,78,,,,
懷念的歌聲,文夏,台語,,468,,8,
懷念的流星,周蓬霖,台語,,46683,,8,
懷念的海邊,,台語,,,,,
懷念的笑容,江銘,台語,66,8,,00; 00; 00; 7,
懷念的花籃燈,文鶯,台語,,96558,,7,
懷念的華爾滋,袁小迪,台語,,94786,,7,
懷念的鄉土情,陳一郎,台語,6586,,,,
懷念的酒杯,唐飛,台語,56554,,,66,
懷念的酒林,唐飛,台語,,494,,7,
懷念的鐘聲,鳳飛飛,國語,,7,,3,
懷念與祝福,于珊珊,國語,,4,,3,
懷念西子灣,鑫蒂,台語,985,787,,63; 8,
懷念過去,,華語,58,,,,
懷念郷土味,余天,台語,,948,,7,
懷疑,陳美伶石喬,台語,,7,,5,
懷念人,,客語,4,,,51,
懸崖,齊秦,國語,,453,,2,
懹温柔與罨不同,余余,國語,,8,,3,
懺悔,唐飛,台語,56562,,,66,
懺悔,詹曼鈴,台語,55893,,,61,
懺悔的愛,,台語,,,,,
懺海,,台語,,9,,5,
懺海,唐飛,台語,,593,,5,
懺海,林國慶,台語,,095,,5,
懺海,詹曼鈴,台語,,7,,5,
懼高症,徐佳瑩,國語,,3,,2,
戀,羅吉鎮,國語,,696,,2,
"戀,情苦夢",郭怡安,台語,,983,,6,
"戀,愛.風吹攵",邱芸子,台語,,4,,6,
戀Ø曼珠沙華,江蕙,台語,,95976,,7,
戀上另一個人,:游鴻明,國語,,481,,3,
戀上另一個人,游鴻明,國語,4849,,,,
戀上香煙的女人,陳瑞,國語,,2,,9,
戀人,孟庭葦,國語,,6,,2,
戀人,張鎬哲,國語,3867,,,,
戀人味道,易欣,國語,,49838,,3,
戀人唱的歌,何潤東,國語,,863,,9,
戀人啊,郭桂彬,台語,556,,,80,
戀人未滿,S.H.E,國語,78,,,,
戀人舸,郭桂彬,台語,,4,,5,
戀你,萬芳,國語,,0,,2,
戀匕日,林良歡,台語,,444,,5,
戀單,戴愛玲,國語,,56538,,2,
戀夂列車,林柔均,台語,,848,,6,
戀忙,邱芸子,台語,,4,,5,
戀情海,詹雅雯,台語,,566,,5,
戀情海,詹雅雯 特魯多,台語,55438,,,96,
戀愛 ing,雪鈴/江意銘,台語,56480,,,61,
戀愛中的優子,丁子峻,國語,,8,,3,
戀愛假期」,張克帆,國語,,2,,3,
戀愛夢,張維祐/許燕,台語,556,,,61,
戀愛夢,沈芳如,台語,56594,,,61,
戀愛好滋味 恰恰 ◆ 張漢朝,,華語,91,,,,
戀愛季節,月光星子,華語,571,,,61,
戀愛情,詹曼鈴,台語,55695,,,61,
戀愛春天,鄭詠心,台語,56695,,,62,
戀愛李節,石喬,台語,,3,,8,
戀愛狂想曲,南台灣小姑娘,台語,555,,,73,
戀愛的人抛同,江蕙,台語,,5,,7,
戀愛的人攏同,沈建豪,台語,,493,,7,
戀愛的人攏同款,江蕙,台語,55465,,,,
戀愛的人攏同款,沈建豪,台語,56599,,,61,
戀愛的季節 劉辰希 ◆,,華語,,,,96,
戀愛的星星,翁倩玉,國語,,942,,3,
戀愛的秊節,BOK和平組合,國語,,76775,,3,
戀愛的花蕊,方怡萍,台語,568,,,61,
戀愛眷天,鄭詠心,台語,,45482,,6,
戀愛秊節,,國語,,1,,3,
戀愛秊節,坤達&YUMMY,國語,,9,,3,
戀愛秊節,張爽,國語,,499,,3,
戀愛秊節,江志豐,國語,,462,,3,
戀愛達人,羅志祥/小 S,國語,3942,,,,
戀愛達人,羅志祥小,國語,,2,,3,
戀愛配方,,華語,67,,,39,
戀愛關係,,華語,64,,,,
戀愛預兆,閃亮三姐妹,國語,5,,,78,
戀愛風吹,邱芸子,台語,55594,,,61,
戀戀,,華語,6688,,,,
戀戀不捨,楊哲,台語,,486,,6,
戀戀來北岸,張秀卿,台語,,478,,8,
戀戀八卦山,,台語,47,,,94,
戀戀八卦山,鄭詠心,台語,56698,,,62,
戀戀台北城,王江發,台語,56666,,,67,
戀戀大肚山 慢迪斯可 ◆ 陳麗鳳,,華語,61,,,,
戀戀娜奴娃 梭 ○ 代表【midi無人聲】 ★ 代表【原聲 或 原聲原影】 適用機型：S-(BD/IMSBP系列/N系列/N2系列/W系列),● 代表【midi+人聲伴唱】 利用人如欲使用本產品於「公開場所」使用，請逕洽集管團體或著 ◆ 代表【midi+原聲伴唱】 作財產權人取得「公播授權」後，始得合法使用 1 上述符號為【歌曲類型】依機型及功能而有所不同 發行日期 /,華語,,,,,
戀戀情深,郷村二人針,國語,,3,,3,
戀戀来海岸,七郎喬,台語,,57754,,7,
戀戀東海岸,七郎/喬幼 特魯多,台語,566,,,61,
戀戀癡情夢 特魯多 歌曲 ◆ 可樂.大洧,,華語,53,,,,
戀戀紅塵,湯秋蓉,國語,0,,,68,
戀戀紅毛港,,華語,,,,98,
戀戀純情夢,,華語,79,,,,
戀戀腳踏車,,華語,,,,96,
戀戀采楓,王又萱,國語,895,,,64,
戀戀銀河洞,,台語,,,,50,
戀戀阿里山,七鄧,台語,,58540,,7,
戀春風,翁立友,台語,,4,,5,
戀曲,王識賢,台語,,0,,5,
戀曲１９７５ 華爾滋 ◆ 林永祥,,客語,,,,39,
戀曲２０１２,,台語,,,,,
戀歌,,華語,66,,,38,
戀歌,林俊彦,台語,,494,,5,
戀歌唱歸暝,蕭承祥,台語,,642,,7,
戀痕,陳芬蘭,國語,,7,,2,
戀秋風,詹雅雯,台語,55458,569,,96; 96; 96; 5,
戀紅塵,祁彭,國語,,9,,9,
戀花亻匕,洪敬堯,台語,,438,,8,
戀花開,,台語,,,,,
戀風擱再起,陳定誠,台語,,44598,,7,
戇甲有賰,秀蘭瑪,台語,,59450,,8,
戉不想要哮詹,雅雯,台語,,568,,6,
戉不是愛過就算的,人,國語,,3,,3,
戉不是故意那麼像,他,國語,,49739,,3,
戉不會在老地方等,、你,國語,,7,,3,
戉們一起酉、,陳明仁,Unknown,,1,,3,
戉在等你,鳳飛飛,國語,,7,,2,
戉對你好不好,李碧華,國語,,9,,3,
戉情人,鄭中基,國語,,3,,2,
戉是否也在你心中,香煙有,國語,,466,,3,
戉是真的真的愛你,張津滌,國語,,7,,3,
戉會在你身邊,Bi畢書盡,國語,,57944,,3,
戉檢到一顆心潘,美辰,國語,,950,,3,
戉為什麼那麼愛你,張惠妹,國語,,57641,,3,
戎只想要,七朵花,國語,,7,,2,
戎是一裸秋天的樹,張雨生,國語,,9,,3,
成人的世界,,台語,97,,,,
成全,劉若英,國語,,9,,2,
成全,林威國,台語,,491,,5,
成全,王建傑,台語,55978,0,,5; 61; 61; 61,
成功,陳隨意,台語,,443,,5,
成功一定贏,林涵霖/劉耀明,台語,6,,,68,
成功一戸日咱,賴信,台語,,992,,8,
成功乎伊看,余天,台語,,495,,6,
成功乎妳看,許其文,台語,9,,,60,
成功二字靠打,侯冠如,台語,,5,,7,
成功二字靠打拼,侯冠如 吉力巴,台語,553,,,00,
成功來團圓,,台語,,,,51,
成功出頭時,王文,台語,,95700,,6,
成功出頭時,王文 慢迪斯可,台語,5,,,63,
成功出頭時,葉啟田,台語,55464,,,,
成功功嶺上上,大合唱,國語,,392,,2,
成功咱的名,,客語,,,,56,
成功回故鄉,,台語,85,,,41,
成功就、是咱名,文夏,台語,,549,,7,
成功就置我面頭,薛金顯同彳德,台語,,46980,,8,
成功就置我面頭前,薛金顯/高宗德,台語,56957,,,69,
成功強強滾,高宗德,台語,56961,46984,,69; 69; 69; 8; 8,
成功才會贏 梭 歌曲 ◆ 蔡姍燕,,台語,57,,,40,
成功有機會,魏素貞 特魯多,台語,8,,,65,
成功的人,林裕洲 特魯多,台語,9,,,63,
成功的女人,林芸伊,台語,,547,,6,
成功的女兒,趙柳芝,台語,982,,,63,
成功的條件,葉敗田,台語,,4,,6,
成功的男兒,陳信義,台語,,541,,6,
成功的等待,艾贏,台語,,1,,8,
成功的脚歩,成威,台語,,76397,,6,
成功的腳步,成威 特魯多,台語,6683,,,,
成功的腳步,江蕙,台語,69,,,,
成功的舞台,洪文斌,台語,555,,,,
成功的鎖匙,郭健一/邱芸子 特魯多,台語,558,,,87,
成功的鎖匙,郭健一邱芸子,台語,,464,,6,
成功絕對有機會,劉育綾 特魯多,台語,55448,,,96,
成功著愛靠堅持,楊國勝 特魯多,台語,5,,,69,
成功轉家鄉,,客語,1,,,51,
成功靠自己,光滿,台語,,54784,,6,
成功靠自己,劉育綾 特魯多,台語,8390,,,73,
成功靠自己,王光滿 特魯多,台語,0,,,64,
成動毎一刻,林俊傑&土系,國語,,682,,3,
成名在望,五月夭,國語,,483,,1,
成對成雙,,台語,88,,,,
成情相畏,張容容,台語,,59543,,8,
成癮,,華語,6675,,,; ; ; ,
成裡的月光,許美靜,國語,,3,,3,
成謝來作伴,唐銘良劉秀暐,台語,,6,,6,
成謝你的支持,上明,台語,,0,,7,
成謝你的照顧,小錬椒,台語,,738,,7,
成謝無情人黄,乙玲,台語,,962,,6,
成長,姜育恆,國語,,393,,2,
成長,李亞明,國語,,8,,2,
成門,李玟,國語,,7,,2,
成阮的愛,鳳飛飛,台語,,8,,6,
成雙成對,詹曼鈴,台語,,7,,6,
成雙成對,詹曼鈴/陳茂豐,台語,55894,,,61,
成霜,,華語,6575,,,,
我,蔡依林,國語,,484,,2,
我,鳳飛飛,國語,,1,,2,
我OK你好嗎,,台語,,,,,
我、比伊擱愛,傳振輝,台語,,570,,7,
我、的沙發讓你躺,施文彬&雪卟,Unknown,,8,,3,
我、直的好難過、,張嘉洵,國語,,875,,3,
我一個,向蕙玲,台語,,5,,8,
我一個人,楊宗憲,台語,,885,,6,
我一個人住,蘇慧倫,國語,38,,,,
我一個愛你的,由深南人道刈沖,國語,,9,,3,
我一個愛你的人,艾晴晴,國語,,459,,3,
我一個美麗的,逅李翊君對唱,國語,,3,,3,
我一個藉口説,見林良樂,國語,,3,,3,
"我一子,",川島茉,國語,,3,,3,
我一生只愛你,馬沙,台語,550,4,,97; 97; 97; 7,
我一直以為你知道,趙傳,國語,5,,,40,
我一直都沒說,山野,國語,,68480,,3,
我一見你就笑,葉玉卿,國語,,3,,3,
我不像我,郭品超,國語,,0,,2,
我不再是你深愛的,人,國語,,555,,3,
我不准我愛你,蔡小虎,台語,,44491,,7,
我不到人天荒,老季蚓君,國語,,4,,3,
我不到原來的我,鳳飛飛,國語,,76660,,3,
我不可以,,華語,6679,,,,
我不哭,高明駿,國語,,387,,2,
我不哭泣,蔡琴,國語,,598,,2,
我不在乎,潘美辰,國語,,8,,2,
我不夠愛你,劉德華慧咻,國語,,9,,3,
我不夠溫杀,秀才,國語,,8,,3,
我不好,,華語,67,,,,
我不對,,國語,52,,,00,
我不後悔,,國語,,46480,,1,
我不後悔,顧峰,國語,,68442,,2,
我不怕,林嘉欣,國語,,9,,2,
我不怕(DJAh版),,華語,6951,,,,
我不怕淋雨卻怕你為她撐傘 梭 承桓,,華語,6860,,,,
我不怕痛,CSHA,國語,,476,,2,
我不怪你也不會恨,你,國語,,49691,,3,
我不想回家,顏小健,國語,,49541,,3,
我不想忘記你,郭靜,國語,,569,,3,
我不想念,劉若英,國語,,4,,2,
我不想知道她是誰,蔡詩蕓,國語,,,,,
我不想要哮,詹雅雯,台語,554,,,00,
我不想逃,樊凡,國語,,792,,2,
我不想離開你,唐以菲,國語,3838,,,,
我不想鼠 搖滾 宋鹽球,,華語,6754,,,,
我不愛,系燕姿,國語,,8,,2,
我不愛了,張星唯,國語,,464,,2,
我不愛你了,張芸京,國語,,744,,3,
我不懂愛,丁衣凡,國語,,48496,,2,
我不是不愛你,姜育恆,國語,,380,,3,
我不是你想像那麼,勇敢,國語,,56739,,3,
我不是你的人,青青,台語,,979,,8,
我不是公主,,華語,,,,40,
我不是失戀葉,段田,台語,,887,,6,
我不是女孩,芭比,國語,,0,,3,
我不是她,盧春如,國語,,381,,2,
我不是好男人,顧曉宇,國語,,49598,,3,
我不是好男人,顧曉宇,華語,572,,,61,
我不是孫悟空,,華語,6484,,,,
我不是故意兪,隆華,台語,,0,,6,
我不是故意要那麼,像他,國語,,382,,3,
我不是是個結巴,顧宇,國語,,684,,3,
我不是最傷心的人,鍾鎮濤,國語,,383,,3,
我不是歹子,七郎,台語,555,,,,
我不是江南 Style,妞妞,華語,575,,,72,
我不是江南StyI,妞妞,國語,,0,,3,
我不是無忙的,方蕭,台語,,9,,7,
我不是無情的人,方鈴/蕭茂成,台語,558,,,00,
我不是無賴,夏天ex,國語,,47644,,3,
我不是神,,國語,,59459,,1,
我不是菩薩,高佳群許常&,台語,,9,,8,
我不是虛的,林慧省,台語,,684,,7,
我不是誰,黎明,國語,,385,,2,
我不是輕易放下感,情的,國語,,384,,3,
我不是那個誰,,華語,68,,,,
我不是那種蔑視噯,愛的人,國語,,452,,3,
我不是黃蓉,王蓉,國語,,1,,3,
我不會,林京燁,國語,,595,,1,
我不會唱歌,羅志祥,國語,,56500,,3,
我不會喜歡你,陳柏霖,國語,,575,,3,
我不會在老地方,,台語,90,,,,
我不會愛,蕭敬騰,國語,,56852,,2,
我不會飛,張玉華,國語,,9,,2,
我不月厶匕匕不亻小ん,葉瞹菱,國語,,388,,3,
我不甘心,伊正,國語,,7,,2,
我不甘心,帥霖,國語,,962,,9,
我不知我愛你,尤雅,國語,,7,,3,
我不知道,動力火,國語,,4,,2,
我不知道愛是什麼,怡良,國語,,783,,9,
我不等雨停 Hip-Hop 孟維來,,華語,61,,,,
我不管,陳慧琳,國語,,390,,2,
我不管了,姚蘇蓉,國語,,380,,2,
我不肥厶匕匕不亻小ん,呉秀珠,國語,,6,,3,
我不能沒信心,鳳飛飛,國語,,3,,3,
我不要,徐懷鈺,國語,,386,,2,
我不要再比了,劉明湘,國語,,591,,9,
我不要啝,芬華,台語,,688,,6,
我不要知道未來,沈芳如,國語,5,,,60,
我不該愛你,鄧麗君,國語,,7,,3,
我不該看你的眼神,鍾鎮濤蘇芮,國語,,2,,3,
我不過是你的遊,戲嗎,國語,,389,,3,
我不配,周杰倫,國語,,561,,2,
我不離開,戴愛玲,國語,,587,,2,
我不難過,系燕姿,國語,,567,,2,
我不願到,唐飛,台語,,491,,6,
我不願咅,張學友,國語,,391,,2,
我不願讓你一個人,五月天,國語,,575,,3,
我不高也不帥,夏天1,國語,,49859,,3,
我且乾杯,,華語,61,,,,
我丟了他,,華語,6645,,,,
我乎你靠,張秀卿,台語,,953,,6,
我乎你靠,黄西田方瑞筆,台語,,56445,,6,
我也不想這樣,王菲,國語,,3,,3,
我也很想他,孫燕姿,國語,41,,,,
我也很抱歉,,華語,64,,,,
我也是出外人,洪榮宏,台語,68,,,,
我也會愛上別人的,辛曉琪,國語,5,,,38,
我也甘願,李茂山,台語,68,390,,; ; ; 6,
我也配,,華語,6648,,,,
我乾了你隨意,,台語,89,,,,
我乾杯你隨意,沈文程,台語,6680,,,,
我乾杯你隨意,陳百潭,台語,,44895,,7,
我亻們渚寂寞,許茹芸,Unknown,,0,,3,
我以為,,國語,,563,,2,
我以為,,華語,47,,,; ; ; ,
我以為,王心凌,國語,5,,,58,
我以為,胡彥斌,國語,,6,,2,
我以為,莊心妍,國語,,6,,2,
我以為可以忘記,,台語,,,,97,
我以為我可以不,在意,國語,,68390,,3,
我以為我姓李就會在你心裡 抒情搖滾 擱淺的魚.,,華語,6649,,,,
我住長江頭,張琍敏,國語,,4,,3,
我來人間溜個彎,,華語,67,,,,
我來自北京,黎明,國語,,6,,3,
我依然愛你,許茹芸,國語,,3,,3,
我依然是你的情人,輙玟,國語,,5,,3,
我依然是我,王笠人,國語,,59555,,1,
我依然等著你,雨露,Unknown,,59687,,1,
我倆愛的時候,小萍,國語,,6,,1,
我們,,華語,65,,,38,
我們,梁文音,國語,,5456,,1,
我們,陳奕迅,國語,,657,,1,
我們一團都疋厶匕猫,超口愛”,國語,,6,,3,
我們一直在相遇 海來阿木 的路上,,華語,65,,,,
我們之間,火星熊,國語,5,,,61,
我們之間兩個世界,溫兆倫,國語,585,,,58,
我們之間的事,范瑋琪,國語,563,,,40,
我們住過的那條街,山野,國語,,683,,3,
我們只是愛過,,華語,67,,,,
我們呢,,華語,6789,,,,
我們在愛的天地,歐勝菲非,國語,,456,,1,
我們多快活,鳳飛飛,國語,,3,,1,
我們好像在喞見過,卜柯&葉蘓,國語,,0,,3,
我們後會無期,白小白,華語,,,,60,
我們愛過就好,薛之謙vsjF.th,國語,,4,,9,
我們戀愛吧,,華語,65,,,,
我們旡,鄭国鋒,國語,,495,,2,
我們是否還能回到過去,海洋,華語,578,,,61,
我們是快樂的攝影人,金波,華語,579,,,61,
我們曾經愛過,,華語,60,,,,
我們會記得,,華語,63,,,,
我們沒有再見,魏如昀,國語,,58982,,9,
我們沒有在一,劉若英,Unknown,,577,,3,
我們的幸畐呪,費翔,國語,,5,,9,
我們的幸福呢,,華語,,,,,
我們的愛,F.I.R,國語,,0,,2,
我們的愛情和別人,一樣,國語,,467,,3,
我們的故事,,台語,,,,,
我們的故事,趙詠華,國語,557,,,77,
我們的故事只講了,一半,國語,,3,,3,
我們的歌,王力宏,國語,,565,,2,
我們的生活充滿,陽光,國語,,683,,3,
我們的童話,曾寶儀,國語,38,,,,
我們的紀念日,范瑋琪,國語,541,,,39,
我們的結局,謝華,華語,575,,,61,
我們的總和,艾怡良,國語,,2,,9,
我們真的沒有明天,韓汝,國語,62,,,,
我們終究是錯過,白小白,華語,,,,60,
我們者陌生了,花林,國語,,8,,3,
我們說好的,張,國語,,464,,1,
我們誰都不是神,,華語,6897,,,,
我們還能再見面,陳順,華語,571,,,61,
我們還能愛多久,齊晨,華語,57669,,,68,
我們都一樣,羅百吉,國語,555,8,,71; 71; 1; 71,
我們都優,揚丞琳,國語,,579,,2,
我們都太自私,,台語,,,,97,
我們都沒有錯,,華語,56,,,,
我們都沒錯,劉品口,國語,,469,,9,
我們都老了,鄭源,華語,,,,60,
我們都要幸福,許志安,國語,5,,,51,
我們都還太年輕,,華語,65,,,,
我們都錯了,,華語,69,,,,
我們青春,李玉璽,國語,,8,,9,
我做你的靠山,翁立友,台語,,7,,8,
我像你,哥哥妹妹,國語,5,,,61,
我像你,GOGOME,國語,,399,,2,
我光彩閃瞎太陽 抒情搖滾 利用人如欲使用本產品於「公開場所」使用，請逕洽集管團體,,華語,6696,,,38,
"我全都相信,",,國語,,56980,,3,
我冒險,吳奇隆,國語,,63,,2,
我剩下的寂寞剛,剛好,國語,,3,,3,
我原以為,,台語,48,,,97,
我又何必擱再,戀王中平,台語,,0,,7,
我又何必擱再留戀,王中平,台語,561,,,61,
我又初戀了,五月天,國語,554,,,46,
我又想你了,謝金晶,台語,,595,,8,
我又想起你,謝雷,國語,,955,,9,
我反而更像罪人,,華語,6643,,,,
我受不了你的月叛,長春蟲早,國語,,681,,3,
我口相夂你一個人,巫啟賢,國語,,399,,3,
我只在乎你,鄧麗君,國語,,396,,3,
我只想在乎我在呼,乎的,國語,,57856,,3,
我只想知道你是,否真,國語,,5,,3,
我只想要,7朵花,國語,46,,,,
我只是嘸甘澎,恰恰,台語,,393,,6,
我只是小女孩,閃亮三姊妹,國語,590,,,69,
我只是小女孩,閃亮三姐蚌,國語,,767,,3,
我只為你活揚,哲,台語,,8,,6,
我只能把愛深藏在心底,冷漠,華語,571,,,61,
我只能相信你,阮丹青熊天平,國語,,398,,3,
我只要一個真實的,明天,國語,,397,,3,
我只要你現在,楊克強,國語,539,,,81,
我只要你現在,楊克強,國語,,4,,3,
我只要看見你,鳳飛飛,國語,,5,,3,
我叫你不要走,鳳飛飛,Unknown,,778,,1,
我可以,蔡旻佑,國語,,56550,,2,
我可以對你好也可以不打擾,,華語,68,,,,
我可以很勇敢,安心亞,國語,,574,,3,
我可以抱你喝,張惠妹,國語,,6,,3,
我右無你,洪榮宏,台語,,4,,6,
我同情你誰同情我,何以奇,國語,,6,,3,
我吧,,華語,6955,,,,
我命由我不由天,,台語,,,,51,
我和世界只差一個你,鄭源,華語,575,,,66,
我和世界只差一個你,源,國語,,746,,1,
我和世界只差一個你,鄭源,國語,,8,,1,
我和单原有個約定,卓,國語,,4,,3,
我和你的電影,夏天Alex,國語,,49958,,3,
我和我的貓都很 阿妹啊.單色淩 想你,,華語,6582,,,,
我和春天有個約會,鄺美雲,國語,,3,,3,
"我和林,",,國語,,681,,3,
我咧憨八擺,白冰冰 特魯多,台語,550,,,76,
我哩勒,鄭進一,台語,,4,,5,
我唔知影啦,沈建豪,台語,55888,,,61,
我問天,張蓉蓉,台語,,563,,5,
我問天,翁立友,台語,,768,,5,
我問雨水,新桌阿傑陣思,台語,,56449,,6,
我喜歡,周蕙,國語,,6,,2,
我喜歡,梁靜茹,國語,,785,,2,
"我喜歡(不,我愛)",嚴爵,國語,,578,,2,
"我喜歡、不,我愛",嚴爵,國語,,4,,3,
我喜歡你,,華語,6898,,,,
我嘛不知,孫淑媚,台語,,3,,8,
我嘸知,于台煙,台語,55973,0,,5; 61; 61; 61,
我回來了,蔡旻佑,國語,5,5,,95; 95; 95; 2,
我回家了,,台語,54,,,,
我在乎,踈小春,國語,,9,,2,
我在你左右,美黛,國語,,1,,3,
我在你心中,鳳琴,台語,1,,,66,
我在你心裡有沒有,重量,國語,,3,,3,
我在你身後,,華語,6646,,,,
我在你身旁,羅美玲,國語,,4,,3,
我在回憶裡等你,,華語,60,,,,
我在夢裡吻過你,甜美真/陳振雲,華語,579,,,68,
我在你心裡,陳隨意謝宜君,國語,,59761,,1,
我在想你,文峰,台語,,2,,8,
我在未來做出了 YangYang 救聲圈 改變,,華語,6788,,,,
我在沒有你的地方,夢然,華語,,,,60,
我在沒有你的地方,夢然,國語,,2,,1,
我在秋風之中等你(花開花落花無悔),,華語,63,,,,
我在等一場雨 中板靈魂樂 羊羊 ★,,華語,69,,,,
我在等待,陳盈潔,台語,,397,,6,
我在紅塵中遇見你,棗,國語,,1,,3,
我在西你在來,辯棠ニ人組,國語,,462,,3,
我在身邊,周傳雄,國語,,873,,2,
我在那裡呀,甄妮,國語,,6,,3,
我在靜靜大你,,國語,,7,,3,
我坐在這裡,林憶蓮,國語,,845,,3,
我墹響亮,快樂男年,國語,,680,,2,
我夕麼懷念,何潔,國語,,0,,9,
我多麼羨摹你,江美琪,國語,,7,,3,
我夢天堂,,華語,65,,,,
我天天醉,施文彬,台語,84,48597,,65; 65; 65; 6,
我好像在叨見過,れ慊,國語,,59438,,1,
我好喜歡你,,國語,,669,,3,
我好想,張信哲,國語,49,,,,
我好想你,蘇打錄,國語,,57943,,2,
我好想你,葉諾帆,國語,,462,,9,
我好想見你,,華語,6388,,,,
我始終愛你,陳耀川,國語,,4,,; ; ; 3,
我宀他,丁嚆,國語,,569,,2,
我完全沒有任何理由理你,王力宏,國語,5,,,95,
我實在愛你,陳一郎,台語,,499,,6,
我實在直大呆,郭大諴,台語,,4,,7,
我寧願,林靈,國語,,,,,
我將一生交乎你,雪鈴,台語,56481,,,61,
我對不起你,陳隨意,台語,,443,,6,
我對愛情死了心,笑天,國語,,554,,3,
我對自己開了一槍,佛跳牆,國語,,597,,1,
我就是喜歡這樣,任賢齊丁嘯,國語,,6,,3,
我就是想哭,,客語,,,,,
我就是愛你,鄧麗君,國語,,1,,9,
我就是我,,華語,65,,,,
我就是我,ME2,國語,588,,,81,
我就是我,蕭亞軒,國語,,0,,2,
我就是要叫你寶貝,四大天王,國語,589,,,63,
我就是這麼快樂,許茹芸,國語,,579,,3,
我居住的地方,蘇來,國語,,4,,9,
我已不是我,徐紫淇,國語,570,,,63,
我已成魔（新版） 抒情搖滾 楚小襄,,華語,64,,,39,
我已經看透了,,華語,68,,,,
我希望,,華語,60,,,,
我很不願意離開你,東方駿,國語,,767,,3,
我很勇敢,伊能靜,國語,,400,,2,
我很可愛可憐我沒,人愛,國語,,5,,3,
我很好,劉若英,國語,555,,,47,
我很忙,A-Lin,國語,,57562,,2,
我很想愛他,,國語,,5,,3,
我很酷,孫奇,華語,57541,,,67,
我很醜可是我很,溫柔,國語,,3,,3,
我從草原來,,華語,80,,,45,
我從草原來,鳳凰傳,國語,,1,,9,
我心,翁倩玉,國語,,9,,2,
我心中尚未崩壞的,地方,國語,,682,,3,
我心孤單,魏嘉榆,台語,,5,,8,
我心屬於你,彭佳慧,國語,,392,,3,
我心已碎,周碧,國語,,542,,2,
我心已碎,謝雷,國語,,699,,2,
我心底的風,,華語,6384,,,,
我心愛的人張,蓉蓉,台語,,3,,6,
我心深處,,國語,74,,,,
我心深處,江翊睿,國語,,8,,2,
我心狂野,郭富城,國語,,2,,2,
我心裡有句言舌,陳淑樺,國語,,667,,3,
我心裡有句話,楊美蓮,國語,,1,,3,
我心褁痛,于台煙,國語,,7,,2,
我快撐不住了,,華語,6646,,,,
我怎能離開你,蔡琴,國語,,464,,1,
我怎麼可能會愛上你,周治平,國語,500,,,45,
我怎麼哭了,八三夭,國語,,462,,9,
我怎麼樣 Hip-Hop 郭小萍,,華語,65,,,,
我怕,,華語,,,,53,
我思慕的人,,華語,77,,,,
我恨妳,信,國語,,560,,2,
我恨我愛你,徐紫淇,台語,56875,8,,65; 65; 65; 8; 8,
我悄悄矇上你的,眼睛,國語,,4,,3,
我情願,于台煙,國語,,7,,2,
我想,,華語,64,,,,
我想,葉瞹菱,國語,,,,2,
我想一生跟你走,張衛健袁潔,國語,,787,,3,
我想你,孫藝琪,華語,,,,69,
我想你不是真心愛我,黃乙玲,台語,8980,,,,
我想你的快樂是因,為我,國語,,1,,3,
我想做回孩子,,華語,69,,,,
我想偷偷對你說我,愛你,國語,,2,,3,
我想再見你,,國語,,4,,1,
我想去吹吹曠野的風 搖滾 ★ 徐劍秋,,華語,67,,,,
我想吹著歸途的風,,華語,69,,,,
我想和你結婚了,尊華,國語,,68495,,3,
我想大聲告訴你,樊凡,國語,,57790,,3,
我想家了,,台語,,,,00,
我想念,朱海君,國語,,957,,2,
我想我不夠好 梭 ★ 楊小壯,,華語,64,,,,
我想我不會愛你,田馥甄,國語,,579,,3,
我想我也有錯,林子娟,國語,586,985,,3; 68; 68; 68,
我想我可以,鄭秀文,國語,79,,,,
我想我想,,華語,65,,,,
我想我是海,黃磊,國語,4643,,,,
我想我是真的愛丄,上你,國語,,382,,3,
我想我是真的愛丄,你,國語,,383,,3,
我想我會一直孤單,,華語,61,,,,
我想我相,楊峻榮,國語,,2,,2,
我想找個女朋友,姜玉陽,國語,,49863,,3,
我想擺爛,,華語,6953,,,,
我想無,,台語,,,,47,
我想自由,張峰奇,國語,,478,,2,
我想要,,華語,64,,,,
我想要,ME2,國語,,4,,2,
我想要,邊疆,國語,,684,,2,
我想要飛,超仁合,國語,,796,,2,
我想說愛你,,華語,63,,,,
我想説我愛你,阿龍正,國語,,696,,3,
我想靜靜,,台語,,,,,
我想靜靜,秋神大趙小,國語,,446,,2,
我想飛,",銘良",國語,,2,,1,
我愛 I Chi Ban,黎明,國語,5,,,62,
我愛%BABY妳BABY,林俊吉,台語,,6,,6,
我愛ICHIBAN,黎明,國語,,2,,1,
我愛三天,肬拉庫,國語,,392,,2,
我愛上的,丁嚆,國語,,56740,,2,
我愛中華,口日,國語,,387,,2,
我愛你,,國語,,59384,,1,
我愛你,周俊偉,國語,588,,,55,
我愛你,小辣椒,台語,,682,,5,
我愛你,李晨,國語,,958,,9,
我愛你,林俊彥,台語,,497,,5,
我愛你,林孟宗,台語,,6,,5,
我愛你,江蕙,台語,6855,6,,; ; ; 5,
我愛你,王識賢,台語,,0,,5,
我愛你,蕭賀碩,國語,551,,,79,
我愛你,閃亮三,台語,,442,,5,
我愛你,黃思婷,台語,,4,,5,
我愛你一生一世,閃亮三姊妹,台語,56446,,,61,
我愛你何苦,黃乙玲,台語,6592,,,,
我愛你你愛我,林涵霖/張凱傑,台語,,,,69,
我愛你你愛我,陳冠霖,台語,,884,,8,
我愛你千萬年,林良歡,台語,,439,,8,
我愛你這樣深,林隆璇,國語,49,,,,
我愛你那麼多,蕭亞軒,國語,552,,,95,
我愛全世界,王紹博,華語,570,,,61,
我愛到,辦桌二人組,台語,,444,,5,
我愛北京天安門,金月苓,國語,,988,,3,
我愛口哨,,國語,,386,,2,
我愛台妹,MC&HOTD年霍,國語,,656,,2,
我愛周星星,黃立成/麻吉,國語,5,,,85,
我愛夏天,脫拉庫,國語,75,,,,
我愛夜,許茹芸,國語,,952,,9,
我愛大海,趙詠華,國語,502,,,44,
我愛妳,翁立友,台語,,682,,5,
我愛妳,謝雷,台語,56574,,,65,
我愛妳勝過這,界陳立強,國語,,3,,3,
我愛你,中國娃,國語,,438,,2,
我愛你,蕭賀碩,國語,,640,,2,
我愛你塞北的雪,劉錫津,國語,,981,,3,
我愛你愛好多,陳徳容,國語,,390,,3,
我愛你最多,王識賢,台語,,452,,6,
我愛你,H.EH.,國語,,1,,2,
我愛你,王傑,國語,,388,,2,
我愛你,陳潔儀,國語,,9,,2,
我愛你這樣深,林隆玻,國語,,4,,3,
我愛你那麼多,蕭亞軒,國語,,389,,3,
我愛微風細雨情,,國語,,7,,3,
我愛恰恰,,國語,,391,,2,
我愛恰恰,鄧麗君,國語,,9,,2,
我愛我的歌迷,陳盈潔,台語,,445,,7,
我愛探戈,馬沙,台語,,539,,6,
我愛晚霞,,國語,,1,,2,
我愛月亮,李佩菁,國語,577,,,68,
我愛材你,王雅嫻,國語,,498,,2,
我愛梅蘭,鄧麗君,國語,,7,,2,
我愛洗澡,范曉萱,國語,,5,,2,
我愛珎再會,荒山亮,台語,,4,,6,
我愛的人,沈芳如,台語,55746,56661,,61; 61; 6; 61,
我愛的人不在身旁,,華語,6574,,,,
我愛的人不愛我,饒天亮,國語,,639,,3,
我愛的人不是愛我,人向蕙玲,台語,,560,,7,
我愛的人在愛他,段千尋,國語,,49540,,3,
我愛的人她卻不,愛我,國語,,499,,3,
我愛的人是啥人,陳盈潔,台語,552,76576,,84; 84; 84; 7,
我愛談天你愛笑,蔡淑娟,國語,,746,,3,
我愛過,江蕙,台語,,4,,5,
我愛過的人,唐飛,台語,,490,,6,
我愛過的人我現在,還愛,國語,,393,,3,
我愛過的那個人,"""",國語,,6,,3,
我愛那魯灣(我們都是一家,林玉英,國語,,885,,9,
我愛雨夜花,S&II&E,台語,,0,,6,
我懂了,,華語,6386,,,,
我懂了,劉若英,國語,,8,,9,
我懂了她,李聖傑,國語,543,,,41,
我懷念,蔡麗津,台語,,444,,5,
我懷念的,孫燕姿,國語,5,564,,42; 42; 42; 2,
我懷念的,格楊,國語,,8,,9,
我懷念的,格楊,華語,57547,,,67,
我我也也會會愛愛上上別別人人的的,辛曉琪,國語,,9,,3,
我我們不不一一樣樣,大壯,國語,,592,,9,
我我到了自己,劉家昌,國語,,6,,3,
我我又又初初戀戀了了,五五月天,國語,,564,,3,
我我咧例憨愁八八擺擺,白冰冰,台語,,561,,6,
我我唔唔知知影影啝啦,沈建豪,台語,,675,,6,
我我家家在在那裡裡,李碧華,台語,,9,,6,
我我將將一一生生交交千亻,雪鈴,台語,,44747,,7,
我我是一一粒粒星,何錦雀,台語,,96593,,6,
我我欲阿啝啦,董育君,台語,,597,,6,
我我的的主主打打,小錬椒,台語,,953,,6,
我我的的心心置疒,辯桌二人組,台語,,883,,6,
我我的的愛愛再再會,張秀卿,台語,,443,,6,
我我的的阿阿娜娜達達,新棠二人齟,台語,,581,,6,
我我的的阿阿娜娜達達,黄妃,台語,,577,,6,
我我真真不不應應該該,,台語,,4,,6,
我我真真正正愛愛你你,葉敗田,台語,,4,,6,
我我袂袂擱愛你你,蕭玉芬,台語,,2,,6,
我我要要做做好好子子,禹黎朔,台語,,4,,6,
我我要要找找一一個個所所在,陳茂豐,台語,,4,,7,
我我要要飛飛上上天天,蔡小虎,台語,,3,,6,
我戶愛的人,,台語,,446,,6,
我所愛的人南小,台灣姑娘,台語,,561,,6,
我才沒有那樣呢,曾沛慈,國語,,883,,9,
我找到自己,劉家昌,國語,,4,,3,
我承認,彭立,台語,55968,999,,5; 61; 61; 61,
我把你讓給釶,曹雪,國語,,687,,3,
我把後會有期當 李英 真了,,華語,67,,,,
我把愛告訴海,甜美真/翁汕汕,華語,576,,,68,
我把愛情想得太,,台語,,,,,
我把愛情看的過於,簡單,國語,,49794,,3,
我把愛都輸光,,華語,66,,,,
我把自己的愛弄,丟了,國語,,485,,3,
我抹來變心肝,陳美鳳,台語,68,,,,
"我抹妳的,、",方順吉,台語,,793,,7,
我拿亻什麼愛你,齊秦,國語,,466,,3,
我拿什麼愛你,齊秦,國語,5,,,52,
我挺你,北原山,國語,,1,,2,
我敢,傳振輝慧墄,台語,,4,,5,
我敢夢,賴慧如乖文綺,國語,,462,,9,
我敢是大憨人,,台語,,4,,7,
我明白,劉虹嬅,國語,,3,,2,
我是No.1,利得彙,國語,,76786,,2,
我是一條小魚,,華語,69,,,,
我是一粒星,何錦雀 特魯多,台語,5,,,61,
我是一隻癩蛤,曽明相,國語,,0,,9,
我是一隻貓,花澤冰,華語,579,,,61,
我是一顆星,大唱,台語,,583,,6,
我是三的愛你,梁靜茹,國語,,8,,3,
我是不是你尚愛的人,芬華,台語,,692,,7,
我是不是你的情人,黎亞,國語,,476,,3,
我是不是該安靜的,走開,國語,,8,,3,
我是人,阿弟仔,國語,75,,,,
我是你永遠的人,詹曼鈴,台語,562,,,61,
我是你的人,曹雅雯,台語,,46760,,8,
我是你的人,林靈,台語,552,,,90,
我是你的人,顧峰,國語,,683,,3,
我是你的人,顧峰,華語,573,,,61,
我是你的人,黃乙玲,台語,76,,,43,
我是你的天,邱賢桂,台語,,439,,8,
我是你的天空,歐得洋,國語,591,,,99,
我是你的寶貝,黃暄雅,台語,562,,,00,
我是你的島,,華語,67,,,,
我是你的格桑,,Unknown,,8,,1,
我是你的第幾個男人 抒情搖滾 一隻舟,,華語,61,,,,
我是你的誰,陳慧琳,國語,,7,,3,
我是你的誰,黃立行,國語,,6,,9,
我是你翻了一半的書,,華語,63,,,38,
我是個很容易上癮,的人,國語,,7,,3,
我是個很容易掏心,的人,國語,,8,,3,
我是個需要很多愛,的人,國語,,9,,3,
我是傻瓜,葉勝欽,國語,,466,,2,
我是冠軍,玖壹壹,國語,,7,,9,
我是出外人,黄西田,台語,,979,,6,
我是出外人,黄飛黄,台語,,3,,6,
我是夕麼想你,豐華群,國語,,4,,3,
我是女生,徐懷鈺,國語,,5,,2,
我是妳的天,,台語,,,,,
我是妳的天,邱賢桂,台語,,591,,8,
我是妳的總鋪,陳隨意,台語,,4,,7,
我是宅女 梭 劉陽陽,,華語,65,,,,
我是你的亻伴,阿吉仔,台語,,446,,6,
我是你的好朋,許清和,台語,,549,,7,
我是你永遠的,詹曼鈴,台語,,768,,7,
我是你的朋友,鹿龍,國語,,5,,9,
我是恁老釜,豬哥亮,台語,,577,,6,
我是愍人,謝金燕,台語,,4,,6,
我是我你是你,尃振輝,台語,,4,,7,
我是推硝員,菜董,台語,,8,,6,
我是海口人,唐飛,台語,,499,,6,
我是漂浪的海,葉啟田,台語,,4,,7,
我是為你好,陳雷,台語,,2,,6,
我是為著你,李明洋,台語,,449,,6,
我是無心的人,龍千玉,台語,,2,,7,
我是男子漢,張誌家,台語,,5,,6,
我是癡情的人,俞隆華,台語,,9,,7,
我是直的,張信哲,國語,,0,,2,
我是真愛你,袁小迪陣思安,台語,,574,,6,
我是真的不願放開,你的,國語,,682,,3,
我是真的不願放開你的手,陳詠,華語,574,,,61,
我是真的付出我,的愛,國語,,1,,3,
我是真的真的很喛,愛妳,國語,,3,,3,
我是真的真的很愛妳,言承旭,國語,38,,,,
我是第一勇,林少興,台語,,497,,6,
我是算什麼,,國語,77,,,,
我是美女我怕訁,Pavid彩,國語,,5,,9,
我是臺南人,陳月嬌 慢迪斯可,台語,39,,,61,
我是行船人,文夏,台語,,8,,6,
我是誰我是誰我,是誰,國語,,579,,3,
我是這樣的女生,楊雅琳,國語,,549,,1,
我是阿舍,黄西田,台語,,2,,6,
我是香蕉,蕭煌奇,台語,,596,,8,
我是魔法英雄,王暲安,國語,,2,,9,
我曽想要忘了妳,王文,國語,,547,,3,
我曽愛過的女孩,李易峰,國語,,49600,,3,
我曽用心愛著你,潘美辰,國語,,7,,3,
我曽經那樣倉徨失,措的,國語,,5,,3,
我曾,,華語,,,,,
我曾愛過的女孩,李易峰,華語,576,,,61,
我曾經愛過你,,華語,6589,,,,
我最傷心的時候,王羽澤,國語,,497,,3,
我最好的朋友是寂,沈丹丹,國語,,465,,1,
我最好的朋友是寂寞,沈丹丹,國語,,5,,1,
我最好的朋友是寂寞,沈丹丹,華語,57539,,,67,
我最愛的人,林婀,台語,,578,,6,
我最愛的人卻傷我最深,李菓,國語,,,,61,
我最愛的人就,你陳雷,台語,,56583,,7,
我最愛的人就是你,陳雷,台語,55738,,,61,
我最愛的女人,何建渧,國語,,49678,,3,
我最搖擺,庚澄慶,國語,,9,,2,
我最親愛的,,華語,66,,,39,
我會一直疼你,帥霖,華語,57556,,,68,
我會一直疼你,帥森,國語,,2,,9,
我會三的嫁給你,劉嘉玲,國語,,656,,3,
我會傷了你的心,梁朝偉,國語,5,,,45,
我會傷了你的心,梁朝偉,國語,,394,,3,
我會出頭天,完美,台語,,,,,
我會出頭天,高榮裕,台語,,54767,,6,
我會出頭天,高榮裕 特魯多,台語,6,,,65,
我會在,,華語,6558,,,,
我會好好的,,台語,,,,00,
我會將你抱緊,,華語,64,,,,
我會從泥沼往上爬,,華語,6644,,,,
我會想欠,吳宗憲,國語,,3,,2,
我會愛你,唐呉俊宏,台語,,593,,6,
我會把你記在,裡陳辧樺,國語,,8,,3,
我會替你忘掉,,華語,6645,,,,
我會歹勢,男女對,台語,,645,,6,
我會比人卡堅強 探戈 沈梅子 ◆,,華語,52,,,,
我會為你拼到底,,台語,,2,,7,
我會珍惜你,,台語,,,,47,
我會用一生時間,,台語,,,,42,
我會等,,華語,67,,,53,
我會等待你,謝宜君,台語,,579,,6,
我會紅,林妤蓁,台語,2,95643,,5; 64; 64; 64,
我會陪著你,,台語,,,,,
我會陪著你,王人毛,國語,,881,,1,
我有一句話,羅時豐,台語,,0,,8,
我有一句話楊,宗憲,台語,,48890,,6,
我有一句話江,蕙,台語,,8,,6,
我有一段清,冉肖玲,國語,,2,,3,
我有一段清,蔡琴,國語,,9,,3,
我有一簾幽夢,許茹芸,國語,87,,,,
我有你,,國語,,,,,
我有夠憨,蔡小虎,台語,87,,,56,
我有你,李素專邱賢枻,台語,,46951,,8,
我有情妳有意,呉尤姿涵,台語,,38595,,8,
我有情你有意,呉尤姿涵,台語,,0,,8,
我有罪,吳克群,國語,,2,,2,
我期待,張雨生,國語,,8,,2,
我期待,張雨生/陶晶瑩,國語,564,,,39,
我期待,張雨生陶品棊,國語,,481,,2,
我樂意這樣活,,華語,6965,,,,
我欲尋她,,華語,67,,,,
我欲跟你行,,華語,,,,,
我欲跟你行,一綾岳鵬,台語,,46995,,8,
我欲飛,周韋杰,台語,,6,,8,
我歎,,華語,6986,,,,
我毋是你想的遐爾快樂,許富凱,Unknown,,59760,,8,
我毋是歌手 倫巴 丁笠.丁偉 林展逸.楊咩咩,,客語,,,,46,
我毋驚,李明洋,台語,56979,,,66,
我毎次呼喚你都回,NONAME,國語,,457,,1,
我每天許下同一個,心願,國語,,3,,3,
我比別人卡堅強,允秀 特魯多,台語,7,,,68,
我比你擱恰難、,羅時豐,台語,,966,,7,
我比誰人恰堅弓,阿吉仔,台語,,5,,7,
我比誰都愛你,,國語,,394,,3,
我比誰都清楚,陳曉東,國語,,393,,3,
我永遠愛你,,華語,,,,96,
我永遠愛你尢,君,台語,,388,,6,
我沒妳甘會活,王建傑,台語,557,,,61,
我沒你想的那麼堅,黄妃,台語,,438,,8,
我沒有,謝霆鋒,國語,3989,7,,; ; ; 2,
我沒有你說的那麼堅強,王冕,華語,,,,69,
我沒有天份,夏天ex,國語,,49860,,3,
我沒有恨過你,帶濂齣,國語,,6,,1,
我沒有港灣避風,,華語,60,,,,
我沒有錢我不要臉,巫啟賢,國語,,3,,3,
我沒有騙你,包娜娜,國語,,9,,3,
我沒有騙妳,,國語,,3,,3,
我沒置這,黄文星,台語,,44698,,6,
我沒讀士,阿弟仔,台語,,9,,6,
我沒讀書,阿弟仔,台語,60,,,,
我沒那麼愛你,丁嚆,國語,,0,,3,
我沒醉,西卿,台語,,8,,5,
我活著,信樂團,國語,5672,,,,
我淋過最大的雨,,華語,6699,,,38,
我淋過雨,于冠華,國語,91,8,,; ; ; 2,
我深愛著你,,台語,,4,,6,
我滴個乖乖,,華語,,,,,
我為什人流目屎,艾莉,台語,,439,,8,
我為你狂,羅富騰,國語,585,495,,2; 61; 61; 61,
我為妳心動,七郎,台語,6469,,,,
我為你唱一首,歐陽菲,國語,,8,,9,
我為你心動,七郎,台語,,580,,6,
我為祢唱一首歌,,台語,,542,,7,
我烹你唱一首歌,洪峰,台語,,949,,7,
我無人愛,阿弟仔,台語,,964,,6,
我無對不起你,洪榮宏,台語,,4,,7,
我無對手,江蕙,台語,,6,,6,
我無所謂,張惠妹,國語,,9,,2,
我無法不愛你,魔幻力量,Unknown,,59661,,1,
我無無醉是是心心塊塊,曽心梅,台語,,3,,7,
我無理由,呉宏治,台語,,651,,6,
我無疼你要疼舍,蔡義徳,台語,,46973,,8,
我無醉,陳思安,台語,63,582,,; ; ; 5,
我無醉啝,龍千玉,台語,,2,,6,
我無阮的名,張瀛仁,台語,,49455,,6,
我猶原愛你,新棠阿傑&卑思,台語,,56479,,6,
我猶原等著你,洪一峰,台語,,495,,7,
我現在結婚生子有了幸福生活,,華語,6839,,,,
我甘擱會熟識不,小東陳,台語,,44894,,7,
我甘願,侯貴美,台語,9,96587,,5; 64; 64; 64,
我甘願,李明洋黃思婷,台語,,57886,,5,
我甘願,謝莉婷,台語,,447,,5,
我甘願,陳茂豐,台語,568,475,,5; 61; 61; 61,
我甘願孤單,林喬安,台語,,966,,8,
我甘願為你吃+,黄思婷,台語,,1,,7,
我用一生甲妹搏幸福,洪榮宏,台語,,5,,7,
我用什麼方式留你,凡人,國語,,0,,3,
我用思念包裝我的心,李碧華,國語,598,,,41,
我用深情與你相約,黎明,國語,,3,,3,
我用生命愛你,王力宏柯以敏,國語,,3,,3,
我用自己的方式喛,愛你,國語,,3,,3,
我用這個夜俘擴他,孟楊,國語,,551,,3,
我甲你,陳奕迅,台語,,56958,,5,
我甲別人不一礻,王識賢,台語,,394,,7,
我甲天借膽莊,振凱,台語,,983,,6,
我當你,,華語,6896,,,,
我疋亻你愛辶,林晏如,台語,,3,,6,
我癡情的愛,七郎,台語,,493,,6,
我的,丁文琪,國語,59,876,,39; 39; 39; 2,
我的 Superstar,徐若瑄,國語,5,,,58,
我的Mr.Mr.RiRightht,閃亮三,國語,,1,,2,
我的一生,,國語,,,,93,
我的一生交乎,邱淑君,台語,,2,,7,
我的一顆心,張露,國語,,4,,3,
我的一顆心,高凌風,國語,,7,,3,
我的世界,呂雯,國語,,684,,2,
我的世界冷屵,邱芸子,台語,,494,,7,
我的世界冷清清,邱芸子,台語,554,,,61,
我的世界只有你,最懂,國語,,866,,3,
我的事不關你的事,賴慈泓“希,國語,,59583,,1,
我的人我的夢,吳俊宏,台語,,565,,7,
我的人生我佮意 恰恰 王中平,,台語,,,,47,
我的亻心誰人,羅時豐,台語,,58553,,7,
我的他,葉璦菱,國語,,2,,2,
我的信心阮的夢,王俊清,台語,4,,,66,
我的初戀,鄭進一賀一航,台語,,8,,6,
我的命,,台語,,944,,5,
我的唇吻不到我愛的人,王奕心,華語,575,,,67,
我的唯一,方季惟,國語,,0,,2,
我的唯一,魏秀文,台語,,462,,8,
我的地盤,周杰倫,國語,5,,,39,
我的堅持,孫淑媚,台語,,5,,6,
我的夢,楊志源 搖滾,台語,2,,,61,
我的夢,王建傑,國語,5,7,,67; 67; 67; 2,
我的夢我的路,蔡義徳,台語,,46972,,8,
我的天,楊靜,台語,,444,,5,
我的天我的愛,邱芸子,台語,,484,,7,
我的天我的愛,邱芸子 特魯多,台語,554,,,61,
我的天空,丶南钲北,國語,,597,,1,
我的失敗與偉大,劉若英,國語,5,,,45,
我的女朋友,北原山,國語,,7,,3,
我的女朋友,北原山貓,國語,5,,,62,
我的妮妮,甄妮,國語,,857,,2,
我的姑娘,,華語,6496,,,,
我的媽媽,,客語,50,,,,
我的媽媽,林涵霖,台語,,,,69,
我的媽媽,董祐同,台語,943,838,,; ; ; 8; 8,
我的家,,華語,49,,,,
我的家庭,康康,國語,5,,,46,
我的家鄉,陳子賢,國語,,979,,2,
我的小寶氣,,台語,,,,52,
我的小忓人蔡,宜蓁,台語,,499,,6,
我的小時候,,華語,63,,,,
我的希望,澎恰恰,台語,,962,,6,
我的後悔可以說紿,你聽,國語,,3,,3,
我的心,陳茂豐,台語,559,486,,5; 61; 61; 61,
我的心下起了雪,,華語,6948,,,,
我的心丟在網路裡,,華語,66,,,,
我的心中,阿吉仔,台語,,44384,,6,
我的心中星,那英,國語,,2,,3,
我的心中藏著一,首歌,國語,,7,,3,
我的心你一人疼,,台語,,,,,
我的心內只有你,良一,台語,6849,,,,
我的心内只有亻,王識賢,台語,,8,,7,
我的心内只有你一個,周雅方,台語,,399,,7,
我的心内話蔡,小虎,台語,,44453,,6,
我的心塊塊哭哭,櫻花姉,台語,,5,,6,
我的心太亂,小剛,國語,,7,,3,
我的心我的夢,龍千玉,台語,,439,,7,
我的心是三月向晚的小雨,李翊君,國語,58,,,,
我的心月為你,辦桌阿僻卑思,台語,,56478,,7,
我的心浴雪,向蕙玲,台語,,77557,,8,
我的心聲,羅冠中,台語,,400,,6,
我的心聲,黄敬中,台語,,5,,6,
我的心讓你牽,童安格,國語,,3,,3,
我的心還在痛,楊烈,國語,,1,,3,
我的心願,劉家昌,國語,,1,,9,
我的快樂就是想你,陳雅森,國語,,465,,3,
我的快樂悲傷,徐世珍,國語,,3,,3,
我的思念,蔡琴,國語,,788,,2,
我的性命,方琪,台語,,49385,,6,
我的情歌,周華健,國語,,3,,2,
我的愛,孫燕姿,國語,74,,,,
我的愛,徐雯倩,國語,,,,,
我的愛,林涵霖/陳四皆,台語,,,,69,
我的愛,范瑋琪,國語,63,,,,
我的愛,蔡桂枝,台語,,43864,,8,
我的愛人我的妻,余潤澤,華語,575,,,61,
我的愛伈四面八方,攻擊,國語,,49697,,3,
我的愛你要不要,王紹博/閩春曉,華語,571,,,61,
我的愛和別人一樣,葉蒨文,國語,,779,,3,
我的愛在呼喚,伍天宇,華語,576,,,61,
我的愛已經被偷走 搖滾 （DJ版） ★ 王愛華,,華語,67,,,,
我的愛情我親手埋葬,海洋,華語,577,,,61,
我的愛我的夢我,的家,國語,,578,,3,
我的愛我的夢我的家,趙詠華,國語,560,,,47,
我的愛為你留,,台語,38,,,53; 55; 55; 55,
我的愛無人可,吳勇濱,台語,,44887,,7,
我的懷抱不鉤温暖,馬健濤,國語,,498,,3,
我的戚忙欝這,李翊君,台語,,48893,,7,
我的戚覺,黄乙玲,台語,,4,,6,
我的故郷,余天,台語,,062,,6,
我的日子,七邱芸子,台語,,478,,6,
我的日子,七郎/邱芸子,台語,6452,,,,
我的春天還沒∕,慈柚靜,台語,,492,,7,
我的最愛,張韶涵,國語,40,,,,
我的月亮不浪漫,,華語,6642,,,,
我的朋友,章古,國語,,476,,1,
我的朋友 Betty Su,順子,國語,587,,,62,
我的樓蘭,雲朵,國語,,468,,2,
我的歌為你唱,龍千玉,台語,,59460,,8,
我的沉默,于台煙,國語,5,5,,61; 61; 61; 2,
我的淚為了誰,,華語,,,,39,
我的深忙隹人,劉依純,台語,,4,,7,
我的溫柔只有你看,得見,國語,,5,,3,
我的煩惱是你,徐若暄,國語,,943,,3,
我的理相,洪榮宏,台語,,44387,,6,
我的男人哭了,任潔玲,國語,,3,,3,
我的目罧,黄品源,台語,,4,,6,
我的直忙戚、動,洪榮宏,台語,,689,,7,
我的真心,夏如芝,國語,,6,,2,
我的真心話,吳淑敏,台語,551,,,96,
我的眼我的淚,彭羚,國語,599,,,45,
我的眼流下你的涙,羽志炫,國語,,4,,3,
我的神曲,,台語,95,,,,
我的童年,,華語,,,,53,
我的翅膀,李玟,國語,,3,,2,
我的老婆不怕我,,台語,83,,,,
我的聲音,丁丁,國語,,2,,2,
我的莉娜,倪賓,國語,,0,,2,
我的莉娜,倪賓 吉力巴,國語,561,,,68,
我的路,玖壹壹,國語,,468,,9,
我的道歉你的抱歉,,華語,,,,,
我的選擇猶原是你,陳中.邱芸子,台語,6383,,,,
我的釜釜,謝金品,台語,,7,,6,
我的阿娜達,辦桌二人組,台語,66,,,,
我的阿娜達,黃妃 吉力巴,台語,565,,,61,
我的阿母,芳,台語,,44688,,6,
我的阿母,陳建誠,台語,567,45490,,62; 62; 6; 62,
我的阿爸,張燈明,台語,,3,,8,
我的青春,,台語,,387,,6,
我的青春,文夏,台語,,946,,6,
我的願望,黄克林,台語,,9,,6,
我的麥克風,潘瑋柏,國語,65,,,,
我目,孫燕妛,國語,,389,,2,
我直嘸甘,高峰,台語,,94841,,6,
我直的很不錯,伍思凱,國語,,1,,3,
我相信,張信哲,國語,,,,,
我相信,羅百吉,國語,,7,,2,
我看上的姑娘,,華語,67,,,,
我真嘸甘,高峰,台語,568,,,61,
我真心你絕情,七郎,台語,552,,,90,
我真想你,龍千玉,台語,,4,,6,
我真感謝你 劉玉英 ○,,華語,,,,93,
我真的一點都不孤單,阿消,國語,,844,,1,
我真的以為,張棟樑,國語,542,,,38,
我真的受有省了、,張學友,國語,,9,,3,
我真的失去了你喝,楊林,國語,,4,,3,
我真的很不錯,伍思凱,國語,5,,,51,
我真的愛你,林涵霖,國語,08,,,69,
我真醜但是我袂厚屏,蔡勝裕,台語,,972,,7,
我知影你的心,陳子賢,台語,,972,,8,
我知道,,華語,,,,,
我知道,莊心妍,華語,57392,,,72,
我知道他愛你,夏天Alex&ex&白,國語,,784,,9,
我知道你會走,高明駿,國語,55,,,,
我知道你在説再見,嚟瑞恩,國語,,4,,3,
我知道我已經長大,庾澄慶,國語,39,,,,
我知道我錯了,郭飛宏,國語,,0,,9,
我祝福你中國,長春蟲子,華語,570,,,61,
我站在全世界的屋頂,周華健,國語,569,,,,
我笑痴情人,,華語,91,,,,
我等你,劉若英,國語,,380,,2,
我等的人會是誰,陳嘉唯,國語,5,,,47,
我等著你回來,李心琪,國語,,767,,3,
我糹夂,尤雅,國語,,1,,2,
我終於失去了你,趙傳,國語,75,,,,
我終於學會,小剛,國語,48,,,,
我終於明白,湯秋蓉,國語,8,,,68,
我終於讀懂 抒情搖滾 擱淺的魚. 善宇,,華語,6951,,,,
我給你幸福,動力火車,國語,59,,,,
我繼續,,國語,,597,,1,
我置你身邊,蘇路,台語,,96563,,6,
我習慣了一個人,,華語,6497,,,,
我聽見有人叫你,寶貝,國語,,3,,3,
我聽見有人叫你寶,貝,國語,,489,,3,
我胖又怎麼樣 中板靈魂樂 ○ 代表【midi無人聲】 ★ 代表【原聲 或 原聲原影】 適用機型：S-(BD.IMSBP系列.N系列.N2系列.W系列),● 代表【midi+人聲伴唱】 利用人如欲使用本產品於「公開場所」使用，請逕洽集管團體或著 ◆ 代表【midi+原聲伴唱】 作財產權人取得「公播授權」後，始得合法使用 1 上述符號為【歌曲類型】依機型及功能而有所不同 發行日期 /,華語,6952,,,,
我能給的,呉克群,國語,,571,,2,
我能能做做到到你你也也一一樣樣沈,沈志仲,國語,,498,,3,
我能能感戚覺覺你你在在說説謊讃工,王傑,國語,,5,,3,
我自己說的算,,華語,69,,,,
我與寒星,禹黎朔,台語,,388,,6,
我若不曾愛過你,動力火車,台語,559,,,80,
我若變好額,陳雷,台語,,4,,6,
我薩到你,于台煙,台語,560,,,61,
我薩到你,于台煙,台語,,979,,6,
我袂孤單,,台語,,,,,
我袂走但是我要打拼,蔡義德,台語,61,,,,
我被你寵第了,胡力,國語,,76663,,3,
我被情傷,張宇,國語,,989,,2,
我被青春撞了一下,腰,國語,,9,,3,
我要一種感覺,梁詠琪,國語,,4,,3,
我要你快樂,,華語,69,,,,
我要你的愛,黃小琥 吉力巴,國語,5951,,,,
我要唱,龐龍,國語,,4,,2,
我要唱歌,蔡義徳,台語,,58467,,6,
我要唱歌,蔡義德,台語,55584,,,61,
我要如何不想他,蔡琴,國語,5,,,99,
我要妳的愛,羅百吉,國語,5,,,69,
我要幸福,謝金熱,台語,,57542,,6,
我要幸福,謝金燕,台語,559,,,61,
我要你的愛,周蕙,國語,,956,,9,
我要快樂,張惠妹,國語,,566,,2,
我要愛的好,黑澀會美眉,國語,5,,,89,
我要我們在一起,范曉萱,國語,48,,,,
我要我要,,華語,40,,,98,
我要有錢 Hip-Hop 淺影阿. 朝歌夜弦,,華語,6647,,,,
我要活下去,鳳飛飛,國語,,3,,9,
我要為你做飯,阿妹妹,國語,,9,,3,
我要用什麼方式,留妳,國語,,394,,3,
我要的不是你,亂弾,國語,,8,,3,
我要錢,張震嶽,國語,,7,,2,
我要飛,,台語,54,,,52,
我要飛,F.I.R 洛克,國語,47,,,,
我親愛的媽媽,曽春年,國語,,477,,1,
我記得,,華語,68,,,,
我記得你眼裡的,依戀,國語,,6,,3,
我記得你,周信,國語,,9,,2,
我記得我愛過,何潤柬,國語,,577,,3,
我設計一萬種方武,遇見,國語,,578,,3,
我該怎麼做,,華語,,,,43,
我該怎麼辦,高子洋 特魯多,國語,,,,,
我該用什麼樣的心,來對,國語,,395,,3,
我認錯,,台語,,,,,
我說兄弟,余哲,國語,,976,,9,
我變了,陶品瑩,國語,,572,,2,
我走後你要更愛他,長春蟲子,華語,577,,,61,
我跟你講我今天,,華語,6763,,,,
我跟你卞好,玖壹壹志祥,國語,,595,,1,
我這樣的女人,汪妤凌,國語,,5,,3,
我遇見仁,家家,國語,,58554,,2,
我選好,范文芳,國語,,3,,2,
我選擇原諒,,華語,92,,,,
我選是想念你陳,盈潔,國語,,9,,3,
我選是要告訴你,龍飄飄,國語,,4,,3,
我選有夢,姜育恆,國語,,2,,2,
我選疋愛者你MPカ,魔幻暈章,國語,,1,,3,
我選疋艮愛你戴,佩妃,國語,,2,,3,
我還在,大滾歌千唱,國語,,9,,2,
我還在這裡,,華語,6647,,,,
我還好,沈芳如,國語,560,,,67,
我還愛你,,國語,,466,,1,
我還愛你,,華語,50,,,99,
我還愛你,林良歡,台語,,446,,6,
我還是,,華語,6399,,,,
我還是愛你的,,台語,,,,97,
我還是愛你到老,林隆瑾,國語,,851,,3,
我還是愛著他,,華語,,,,,
我還是會,,華語,68,,,,
我還是永逗愛,你叮寊,國語,,2,,3,
我還會記,荒山亮,台語,,0,,6,
我還袜醉,台冰冰,台語,,640,,6,
我都在乎,熊天平,國語,,1,,2,
我都在想你,,台語,676,,,39,
我都記得,A-Ln,國語,,6,,2,
我錯啝,小文,國語,,68467,,2,
我陪你哭,蕭亞軒,國語,,578,,2,
我難過,5566,國語,,9,,2,
我需要人安慰,,客語,,,,51,
我需要你的愛,方順吉,台語,559,947,,61; 61; 61; 7,
我需要刺激,于珊珊 吉力巴,國語,5964,,,38,
我靜靜看著你裝B,陳零九聖結石,國語,,597,,1,
我願,王靜瑩,國語,,943,,2,
我願做一棵樹,,華語,60,,,,
我願化作渺小的 夏婉安 塵埃,,華語,6599,,,,
我願咅,蔡小虎朱海君,台語,,578,,5,
我願意,王菲,國語,,2,,2,
我願意,陳茂豐,台語,56438,96552,,5; 61; 61; 61,
我願意,鳳娘,台語,,574,,5,
我願意,黃鶯鶯,國語,5,,,61,
我願是一沙鸚甄,妮,國語,,9,,3,
我願是你最溫柔的,風,國語,,3,,3,
我願是你最溫柔的風,凡人,國語,5,,,42,
我騎い了一單車,恬妊,國語,,5,,3,
我騎い了一部單車,楊美蓮,國語,,7,,3,
我魔慈悲,宋昱錦,國語,,964,,9,
戒,,華語,6563,,,,
戒不掉,庾澄慶,國語,40,,,,
戒不掉你,,華語,6680,,,,
戒不掉你的溫柔,曾春年,華語,571,,,61,
戒夊,平靈品,國語,,49792,,2,
戒掉愛情戒了亻,人哲,國語,,2,,9,
戒斷,張惠妹,國語,,59554,,1,
戒於,李榮浩,國語,,4866,,1,
戒煙不如戒命心,傑,國語,,3,,3,
戒痕,林慧萍,國語,,,,2,
或許,,國語,,,,93,
或許值得,,華語,64,,,,
或許可能應亥少,許美靜,國語,,3,,3,
戚、謝天地,翁立友昔思婷,台語,,965,,6,
戚、謝有你,李嘉,台語,,577,,6,
戚冒,芭比,台語,,895,,5,
戚忙放的太重,柔均,台語,,766,,7,
戚忙黒白話,陳思安,台語,,672,,8,
戚恩,秦楊,台語,,0,,5,
戚恩,陳思安,台語,,573,,5,
戚恩,黄于芳,台語,,546,,5,
戚恩的亻み匕十,呉文正王橆鼕,台語,,46876,,8,
戚恩的心,李碧華,台語,,949,,6,
戚恩的滋味,向蕙玲,台語,,468,,8,
戚情世界,揚哲,台語,,765,,6,
戚情乎你贏,謝企晶,台語,,43891,,8,
戚情二宅,蕭承祥,台語,,4,,8,
戚情亻像国仔,郭怡安,台語,,47490,,8,
戚情像人風颱,黄西田桃姐,台語,,6,,7,
戚情到這為止,黄敏,台語,,950,,7,
戚情問題,陳茂豐,台語,,459,,6,
戚情批無退路,孫淑媚,台語,,498,,7,
戚情的面頭前,于台煙,台語,,4,,7,
戚情親像風,李明洋,台語,,5,,6,
戚情親像風吹,秀蘭瑪,台語,,488,,7,
戚情護照,七郎,台語,,57987,,6,
戚情難收回,劉俐好,台語,,454,,6,
戚覺,鄧詠家葷承祥,台語,,76491,,5,
戚覺若地震林蕭,國慶&玉棼,台語,,497,,6,
戚謝,張覯穎,國語,,9,,2,
戚謝,沈志仲,國語,,498,,2,
戚謝,許慧欣,國語,,9,,2,
戚謝天戚謝地,王瑞霞,台語,,566,,7,
戚謝妳的陪伴,林俊吉,台語,,8,,7,
戚謝你愛我,蕭煌奇,台語,,697,,6,
戚謝你愛我這麼,年阿綺,台語,,497,,7,
戚謝你愛過我,陳雷陳思安,台語,,566,,7,
戚謝你,呂志國,台語,,3,,8,
戚謝你,絽志國,台語,,991,,8,
戚謝你無情,詹雅雯,台語,,564,,6,
戚謝彼個人,江惠儀,台語,,0,,6,
戚謝恁的祝福,沈芳如,台語,,765,,8,
戚謝恷愛過我,袁小迪喬幼,台語,,44500,,7,
戚謝我有你,林嬌時觜,台語,,95388,,6,
戚謝有你,謝莉婷,台語,,439,,8,
戚謝發財,連錦雄,台語,,445,,6,
戰天下,劉昱賢,台語,,4,,8,
戰殤,黃立纲,台語,,98774,,8,
戰爭與和平',陳明真進興,國語,,3,,3,
戲劇人生,余天,台語,,948,,6,
戲夢人,風采輪,國語,,48480,,2,
戲夢人生,王莱,台語,,742,,6,
戲夢人生,王萊,台語,56586,,,66,
戲子,,華語,6976,,,,
戲弄,林俊吉,台語,,6,,5,
戲弄,林嬌,台語,,3,,5,
戲弄,王彩樺,台語,,466,,5,
戲棚下豎久咱的,張一仁 特魯多,台語,70,,,,
戲棚人生,柔均,台語,,6,,6,
戲棚腳,楊宗憲,台語,,9,,5,
戲說人生,羅文,國語,,9,,3,
戲鳳,江靜,國語,,839,,2,
戶重的記憶,動力火,國語,,6,,3,
戸ロ射孑,系協志,台語,,5,,5,
戾雨,藍雨,國語,,49786,,2,
所有美好奔你而來,,華語,69,,,,
所謂的愛,,國語,,599,,1,
扁匕監,李碧華,國語,,9,,2,
扆念KTV,陳奕睛,台語,,493,,5,
扆春曲,,台語,,2,,5,
手一生詹,雅雯,台語,,0,,6,
手下留情,孫淑媚,台語,,384,,5,
手下留情,李翊君,國語,,386,,2,
手下留情,江宏恩,台語,55870,6,,5; 61; 61; 61,
手中一粒沙,傅振輝,台語,,587,,6,
手中命,,華語,70,,,99,
手中尺,林良歡,台語,,463,,8,
手中心,邱芸子,台語,,467,,8,
手中心,龍千玉,台語,,893,,8,
手中情,翁立友,台語,,769,,5,
手中戲,莊振凱,台語,,9,,8,
手中攻瑰花,洪榮宏,台語,,46778,,8,
手中沙,王識賢,台語,,457,,5,
手中沙,鄭秀月,台語,,495,,5,
手中的畫筆 Hip-Hop ★ 阮妍霏,,華語,6889,,,,
手中的風吹,呉蕙君,台語,,7,,8,
手中線,袁小迪,台語,,9,,8,
手中花,孫淑媚,台語,564,,,61,
手中花,系淑媚,台語,,966,,5,
手伴,王識賢,台語,55760,489,,5; 61; 61; 61,
手做阝行,王智君,台語,,465,,6,
手做陣行一,蔡小虎,台語,,3,,6,
手出頭天,伍浩哲,台語,,3,,6,
手到永遠,王鵐霞,台語,,590,,6,
手印,曹雅雯,國語,,651,,9,
手印,温嵐,國語,,4,,2,
手印,蘇宥蓉,台語,,438,,8,
手只,黃千芸,台語,,779,,5,
手吾,周杰倫,國語,,48451,,2,
手吾,孟庭葦,國語,,8,,2,
手太小,林曉培,國語,551,1,,39; 39; 39; 2,
手寫愛,許茹芸,國語,,565,,2,
手寫愛情,,華語,65,,,,
手心手背,,台語,,,,95,
手心手背,陶鈺玉,國語,,9,,2,
手心的太陽,張韶涵,國語,83,,,,
手心的平妝,林俊傑&G.謝,國語,,493,,3,
手心的温柔。,廬丹丹,國語,,49769,,3,
手心裡的愛,,台語,38,,,,
手抛紅豆,丁國琳,台語,,575,,5,
手抱子兒忾母,卓依婷,台語,,2,,7,
手抱子兒懷母恩,張凱婷 特魯多,台語,557,,,90,
手拋紅豆,丁國琳,台語,566,,,63,
手挽,劉美琪,台語,,491,,5,
手掌心,丁嚆,國語,,579,,2,
手放開,李聖傑,國語,,8,,2,
手機 LINE LINE LINE 梭 ◆ 蔡姍燕,,台語,61,,,39,
手機仔(一),盧廣仲,台語,,0,,8,
手機仔的情歌,,華語,97,,,45,
手機留言,光良,國語,543,9,,78; 78; 78; 2,
手段,邵大倫,台語,,441,,5,
手牽手,,客語,,,,39,
手牽手,陳隨意,台語,,887,,8,
手牽手一起走,張輝道,國語,,469,,9,
手紙,呉申梅,台語,,57679,,5,
手蓋同被,林俊吉,台語,,390,,6,
手誇,林志炫,國語,,381,,2,
手貼手的約定,嚴藝丹,國語,,0,,3,
手足,小東陳宏蒲庇,台語,,4,,5,
手足,高向鵬傅振輝,台語,,6,,5,
手足情,楊玉玲,台語,1,,,60,
手過一生,許志豪,台語,,565,,6,
手過日子,蕭澤倫,台語,,6,,6,
才,周治平,國語,,389,,2,
才子佳人,七郎 特魯多,台語,56570,,,65,
才愛到一半,錦繡二,國語,,6,,3,
打丁噴嚏,伊能靜,國語,,866,,2,
打丁噴嚏(過敏慢版)嚴,爵,國語,,994,,2,
打丁噴嚏嚴,爵,國語,,57680,,2,
打丁工行,龍軍,國語,,9,,2,
打丁開愛,王力宏,國語,,2,,2,
打出一片天,王建傑,台語,564,,,61,
打勾勾,田亞霍,國語,,598,,9,
打勾勾,范瑋琪,國語,565,,,,
打呼,潘瑋柏&楊丞琳,國語,,6,,2,
打拚出頭天,久登,台語,559,,,61,
打拚厶出頭天,久登,台語,,844,,6,
打拚歌,,客語,72,,,,
打拳賣膏藥,施韋暄施福珍,台語,,968,,6,
打拼,曾朝松,台語,,95640,,5,
打拼,曾朝松 特魯多,台語,3,,,64,
打拼,袁小迪,台語,,57941,,5,
打拼,閃亮三姊妹,台語,557,,,61,
打拼,閃亮三姊耸,台語,,562,,5,
打拼一定,,台語,,979,,6,
打拼一定贏,,客語,4,,,51,
打拼乎人看,沈文程,台語,,4,,6,
打拼仔男兒,,華語,,,,93,
打拼才會贏,馬沙,台語,553,,,,
打拼會出頭天 搖滾 游家梧 ◆,,台語,,,,41,
打拼的囝仔 特魯多 ◆ 寒雲,,台語,53,,,,
打拼的愛情 特魯多 洪彬朝 妞妞,,華語,,,,53,
打拼來實現理想,,客語,2,,,51,
打斷嘴齒含血吞,陳雷,台語,,5,,7,
打斷情路,,台語,,,,51,
打斷手骨顛倒勇,陳建誠,台語,,968,,7,
打斷的相思,劉誼伶 特魯多,台語,2,,,68,
打死也不信,代小波,國語,,686,,3,
打死無退,鄭君威,台語,,496,,6,
打火兄弟,袁小迪許世憑,台語,,5,,6,
打發無聊,,國語,,,,94,
打碎心瓶,王馨平,國語,,3,,2,
打翻酒瓶,錢幽蘭,國語,,3,,2,
打胼出頭天,葉勝欽,台語,,5,,6,
打胼出頭天,陳天麟,台語,,499,,6,
打胼才崙贏,,台語,,4,,6,
打胼為著珎,翁立友林町,台語,,684,,6,
打胼的図仔,志興,台語,,4,,6,
打胼的国仔,七郎,台語,,600,,6,
打胼的工人,詹雅霙,台語,,680,,6,
打胼衝衝衝,謝雷電台ネ雷,台語,,46388,,8,
打虎抓賊親兄弟,迪斯可,台語,561,,,00,
打造一個希望的,城車,國語,,892,,3,
打金仔哥,方瑞娥,台語,,43945,,8,
打鐵,玖壹壹,國語,,58980,,9,
打鐵的心情,張文綺,台語,,9,,8,
打鑼打鼓,劉韻,國語,,859,,2,
打鑼打鼓,美黛,國語,,5,,2,
打開心窗,琇琴,台語,,8,,6,
打開心窗的鎖,余天,台語,,495,,7,
打開智慧的心靈,,華語,49,,,,
打靶歸來,王永泉,國語,,983,,2,
托夢(民謠版),,華語,67,,,,
扛霸子,,台語,,2,,8,
扞籃仔假燒金,唐飛,台語,56550,,,66,
扮分戲,久登,台語,,8,,5,
扮戲,久登,台語,568,,,68,
扮皇帝,雷林,國語,,3,,9,
扮皇帝,雷林堂,國語,,3,,2,
扯,周杰倫,國語,,562,,2,
扶持,高向鵬,台語,,578,,5,
批,江志豐,台語,,1,,5,
批怪我,陳茂豐,台語,,4,,5,
批朿的政瑰蘇,路,國語,,8,,3,
找一個不傷心的理,祁隆,國語,,58855,,9,
找一個可以喝醉 ◆ 周素美,東方傳奇,國語,54,,,,
找一個地方,陳夏蓮&明,台語,,46862,,8,
找一個愛你的理由,劉沖,華語,575,,,72,
找一個落雨暝,王瑞霞,台語,,742,,7,
找不到,楊丞琳,國語,80,,,,
找出路,周享嘉,台語,,57642,,5,
找嘸出路的愛,,華語,,,,,
找寻我的幸福,陳雷,台語,,56981,,7,
找巢,翁立友龍千玉,台語,,56662,,5,
找愛人,陳素英,台語,,44845,,5,
找無人同腳步,孫淑媚,台語,,4,,7,
找無人愛,阿弟仔,台語,64,,,,
找無伊的人,王瑞霞,台語,66,,,,
找無你,李欣華,台語,,498,,5,
找無你,黃乙玲,台語,7645,6,,43; 43; 43; 5,
找無你的人,喬幼,台語,55668,,,00,
找無你的人,曾瑋中,台語,,46971,,8,
找無愛情的名,林晏如,台語,,4,,7,
找無阮的眷天,張秀卿,台語,,4,,7,
找真愛,陳莉,台語,556,,,61,
承擔,李明洋,台語,,4,,5,
承擔,陳傑克,台語,,889,,8,
承認,彭莉,台語,,6,,5,
承認,曲婉婷,國語,,8,,2,
承認,法璦,國語,39,,,,
把他忘掉,劉嘉亮,國語,,3,,2,
把你圈在心裡面,,華語,66,,,,
把你寵壞,,台語,,,,00,
把你放心上,祁隆,國語,,000,,9,
把你的手放在你的,胸口,國語,,469,,3,
把劍問天,,華語,61,,,,
把夢動起來,劉淇強,國語,,9,,3,
把希望結合起來~,原始林,國語,,3,,3,
把心偷走,,華語,66,,,,
把心放寬 把事看淡,,華語,68,,,,
把心放進來,蕭亞軒,國語,,0,,3,
把心給了你以後,林濮揚&,國語,,399,,3,
把愛停在你不能,殺傷,國語,,49585,,3,
把愛傳出來,F.I.R,國語,,2,,3,
把愛剪斷,韓品,國語,,447,,2,
把愛情寄在遠遠的,地方,國語,,3,,3,
把愛收藏,,華語,38,,,96,
把愛放開,F.I.R,國語,5,,,41,
把愛深藏,侃侃,國語,,9,,9,
把愛給了你,陳玉建,國語,,3,,3,
把我忘掉,施文彬,台語,55484,,,,
把我當朋友,陳盈潔,國語,,740,,3,
把我的真心留,你方季惟,國語,,3,,3,
把所有的傷痛都,忘掉,國語,,49744,,3,
把所有的愛都留紿,給你,國語,,885,,3,
把握,廖秋濟,台語,4,543,,5; 64; 64; 64,
把握,陳奕晴,國語,,49687,,2,
把握,陳奕晴 吉力巴,國語,580,,,61,
把握人生,廖珮均/范榮春,台語,,,,61,
把握時機,陳阿糸,台語,,781,,8,
把握時機,陳阿綉 特魯多,台語,9,,,,
把握當下時 梭 ◆ 莊紅如,,客語,,,,38,
把握相逢時,,客語,9,,,51,
把握竡將來,朱紅紅,台語,,491,,6,
把握自己的命運,阿吉仔,台語,,4,,7,
把珎藏在歌裡面,譚詠麟,國語,,3,,3,
把相思寄去袁,,Unknown,,792,,1,
把相思寄去遠方,,台語,47,,,97,
把美眉,黑皮,台語,,663,,5,
把自己敲醒,張清芳,國語,,980,,3,
把錢全花光 抒情搖滾 承桓,,華語,60,,,,
抓住這一天,楊克強,國語,,3,,3,
抓兇手,馮瑋君/馬志翔,國語,5,,,81,
抓狂,五月天,國語,,6,,2,
投降,唐飛,台語,568,492,,5; 62; 62; 62,
折出名,阿棟仔,台語,,0,,8,
折疊式愛情,楊丞琳,國語,,7,,3,
折騰,莊心妍,華語,57442,,,60,
抛是你,鄧詠家,台語,,683,,5,
抛是你的味,邱芸子邦一,台語,,438,,7,
抛是為你啝,高向鵬,台語,,562,,7,
抛是為著愛,張済芳,台語,,1,,7,
抛是為著愛,秀蘭瑪,台語,,3,,7,
抛是無情人,孫淑媚,台語,,486,,7,
披搏彩,周韋杰,台語,,889,,5,
抬頭數星星 中板靈魂樂 趙希予,,華語,67,,,38,
抬頭望一望,甄秀珍,國語,,5,,3,
抬頭看月亮思念有形狀,,華語,69,,,,
抱一下就好,,華語,46,,,99,
抱抱我,曹雪,國語,,458,,2,
抱抱舞,,台語,00,,,,
抱著你哭,王心凌,國語,,9,,2,
抹不去的回憶,,華語,64,,,39,
抹冫結局的愛,陳盈潔,台語,,500,,7,
抹凍愛的人,羅時豐,台語,7641,,,43,
抹凍行到底,詹曼鈴,台語,2,,,65,
抹擱愛別人,王識賢,台語,68,,,,
抹粉點胭脂,南台灣小姑娘 吉力巴,台語,55494,,,,
抽刀斷紅塵,,華語,6772,,,,
抽身,陳瑞冷,國語,,7,,2,
抽離,,華語,65,,,,
拆台,,華語,6467,,,,
拆碎我的心,詹曼鈴,台語,559,560,,61; 61; 6; 61,
拉著妹妹的手,,台語,80,,,99,
拉薩姑娘,王森,華語,579,,,61,
拋、繡球,楊燕,國語,,8,,2,
拋物線,蔡健雅,國語,,683,,2,
拍仔聲,妃,台語,,600,,5,
拍咲仔,楊欣樺,台語,,594,,8,
拍噗仔 梭 歌曲 ◆ 一綾/李明洋,,國語,,,,,
拍手唱歌,,客語,2,,,51,
拒絕再玩,張國榮,國語,,5,,2,
拒絕往來,,台語,668,,,,
拒絶主來,南台灣,台語,,5,,6,
拖,蕭煌奇,台語,,571,,5,
拖拖鞋鞾,陳潔儀,國語,,3,,2,
拖磨,陳亮吟,台語,,972,,5,
拚出名,楊榮輝,台語,,38649,,8,
招弟,喬幼,台語,,7,,8,
招惹,,華語,63,,,,
招牌動作,蔡依林,國語,41,,,,
拜年,嚴林,國語,,980,,2,
拜拜,,華語,64,,,,
拜拜啦,孫淑媚,台語,,563,,5,
拜拜大佛爺,黃西田,台語,,072,,6,
拜拜訁主,林農木,台語,,0,,5,
拜託天公伯,類型 梭 ◆ 李素專 ◆ 林可昕,華語,76,,,,
拜託月娘,喬鄔兆邦,台語,,2,,8,
拜訪,陳奕迅,國語,,8,,2,
拜訪眷天,施孝榮,國語,,6,,2,
拜金女孩,芭比,國語,,445,,2,
拜神,,客語,4,,,51,
拯救地球,杜德偉,國語,,9,,2,
拯救心田,任賢齊,國語,4994,583,,; ; ; 2,
拯救陰雨,,華語,64,,,,
拱手讓他,張宇,國語,,1,,2,
拷紅,,國語,,3,,2,
拷紅,周瑾,國語,,968,,2,
拷紅,張蜊敏,國語,,548,,2,
拼一生不是賭一時,七郎 特魯多,台語,55568,,,61,
拼乎'自己看,洪榮宏,台語,,44389,,6,
拼乎恁看,沈文程,台語,68,,,,
拼了,柯有綸,國語,46,,,,
拼出一片天 倫巴 ◆ 江意銘 ◆ 鄭源,,華語,,,,,
拼出人生第一名,超級好幸福團隊,台語,6,,,71,
拼出第一名,楊哲,台語,,769,,6,
拼出頭,陳雷,台語,,672,,5,
拼出一片天,,客語,4,,,51,
拼經濟,唐飛,台語,,492,,5,
拼經濟,方瑞娥昔西田,台語,,2,,5,
拼經濟,石元彬,台語,,497,,5,
拼經濟,郭桂彬,台語,,9,,5,
拼經濟,郭桂彬,國語,,767,,2,
拼落去,阿暉,台語,,43986,,8,
拼落去 探戈 ◆ 林春甄,,台語,50,,,,
拼輸羸,蔡秋鳳,台語,,6,,5,
拼輸贏,林慧雯,台語,,6,,5,
拼酒,七郎,台語,87,594,,60; 60; 60; 5,
拾光,,華語,67,,,; ; ; ,
拿得起放不下,,台語,40,,,,
拿得起放不下,高進,國語,,8,,3,
指尖的如果,,國語,,,,,
指望,郁可韲,國語,,573,,2,
指間沙,藍雨,國語,,497,,2,
按一個讚,劉家榮,台語,564,,,61,
按呢娘,張政雄薛潔絜,台語,,57483,,5,
按呢就水啦,蕭玉芬,台語,,494,,6,
按呢想,七郎 特魯多,台語,8538,,,75,
按呢相,七郎,台語,,564,,5,
按怎,閃亮三,台語,,563,,5,
按怎,閃亮三姊妹,台語,557,,,61,
挑動,芭比,國語,,461,,2,
挑戰,,台語,,,,94,
挑戰,五昍,國語,,540,,2,
挑戰,唐飛,台語,,496,,5,
挑戰,王識賢,台語,55758,56772,,5; 61; 61; 61,
挑戰自己,惜惜,台語,387,,,69,
挑戰自己,燕子,國語,9,542,,2; 66; 66; 66,
挑撥,5566,國語,,7,,2,
挑釁,信樂團,國語,4942,56562,,; ; ; 2,
振作,陳百潭,台語,,2,,5,
挺你!挺搭底,七郎,台語,84,,,64,
挺你到底,蔡佳麟,台語,,4,,8,
挺你挺我,莊振凱夋吉,台語,,647,,6,
挺好,,華語,60,,,,
挺你到底,蔡小虎,台語,,5,,6,
挺身而出,,國語,,48390,,2,
挽仙桃,洪榮宏,台語,,1,,5,
挽口,向蕙玲,台語,,882,,5,
挽回,翁立友,台語,,56468,,5,
挽回,龍飄飄,國語,,4,,2,
挽回你的心,甲子慧,台語,568,,,61,
挽回她還不如忘了吧,陳耀川,國語,87,,,,
挽挽留,張爽,國語,,47645,,2,
挽月,,台語,,,,,
挽留,陳亮,國語,,750,,2,
挽緣份,方怡萍,台語,567,475,,5; 61; 61; 61,
挽面,蔡小虎,台語,,5,,5,
挽頭伴,袁小迪,台語,,5,,5,
捆綁,,華語,63,,,,
捉袂著你的心,蔡淳云,台語,569,,,67,
捉袂著你的心,蔡淳云,台語,,468,,8,
捧杯,蔡幸臻,台語,2,,,68,
捧杯敬月,,台語,87,,,,
捧杯敬月,李明洋,台語,,495,,8,
捧著祝福來相,林良歡,台語,,77555,,8,
捨不得,李唯楓,國語,,48481,,2,
捨不得,蔡依林,國語,,3,,2,
捨不得也要說再見,六哲,國語,,5,,9,
捨不得你,潘美辰,國語,,3,,2,
捨不得又如何,孫淑媚,國語,5,4,,3; 61; 61; 61,
捨不得你走,小剛,國語,,4,,3,
捨不得把眼睛,開李度,國語,,1,,3,
捨得,林子娟,國語,595,,,68,
捫愛一擺,安棗,台語,,2,,6,
捶心肝,伍浩哲,台語,,865,,5,
捶心肝,羅時豐,台語,,7,,5,
掀起了風,,華語,6487,,,,
掉了,張惠妹,國語,,56900,,2,
掌握,蔡素娟,台語,1,,,66,
掌牛哥,,客語,8,,,51,
掌紋,曹格,國語,,568,,2,
掌聲,陳雷,台語,565,1,,5; 61; 61; 61,
掌運命,傅振輝,台語,56649,,,67,
掏了心掏了肺,,華語,67,,,,
排排坐,李翊君,國語,,58839,,9,
掙脫月老的線,,華語,64,,,,
掛了吧 搖滾 LBI利比,,華語,63,,,,
掛名的愛,王瑞霞,台語,,539,,6,
掛念,方順吉 吉力巴,台語,560,,,61,
掛念,王建傑,台語,55950,,,61,
採楦榔,,國語,,7,,2,
採檳榔,,台語,,6,,5,
採紅菱,夏王慧蕁,國語,,883,,2,
採花蜂,倖奴,台語,,473,,8,
採茶,,華語,6563,,,38,
採荼歌,胡美紅,台語,,7,,5,
採西瓜,姚莉,國語,,984,,2,
探君忙淚,,台語,,2,,6,
探弋之歌,陳凱欣葉帆,台語,,986,,8,
探弋之歌,陳凱欣葉帆凡,台語,,46761,,8,
探戈 陳強,,華語,,,,51,
探戈女人心,陳雅惠,台語,569,,,66,
探戈小黒猫,李碧華,國語,,564,,3,
探戈戀歌,李素專,台語,,495,,8,
探戈跳抹煞,朱海君,台語,,475,,8,
探獄忙怨,江蕙,台語,,2,,6,
探聽,翁立友,台語,,0,,8,
接受,梁靜茹,國語,3845,499,,; ; ; 2,
接受所有結果,,華語,6499,,,,
接納,,華語,69,,,,
接納遺憾,,華語,69,,,,
推手,DJ Black仔哥,國語,5,,,61,
推手,DJ&BLAC仔哥,國語,,892,,2,
推開愛情,海哲明,Unknown,,892,,1,
措手不及,,華語,,,,45,
措新娘,鄧麗君,國語,,867,,2,
提出著勇氣,黃西田,台語,,448,,6,
提得起放抹落,成鳳,台語,,864,,7,
提拉米蘇,江志豐,台語,,44674,,6,
提提起起往主事事太太難難,謝雷,國語,,6,,3,
提煉愛情,,客語,,,,55,
提筆寫相思,,華語,6984,,,,
提籃仔撿泥鰍,林財寶 吉力巴,台語,554,,,88,
提酒石過日子,辯桌二人組,台語,,9,,7,
插曲,沈志仲,國語,,498,,2,
插曲,蕭亞軒,國語,,6,,2,
插翅也難飛,洪文斌,台語,55384,,,,
揚州曲,,華語,6572,,,,
揚葉仔介故郷,邱金燕,台語,,59395,,8,
換一個愛我的人,楊林,國語,5,,,66,
換一個所在住,陳亞蘭,台語,63,,,,
換上我的天空,趙傳,國語,5,,,41,
換你一面,陳淑萍,台語,,796,,6,
換帖,高向鵬羽辰輝,台語,,1,,5,
換帖兄弟,林俊吉辰凱,台語,,6,,6,
換我乎你小靠,蔡義徳,台語,,59540,,8,
換我做妳的家後,,華語,,,,,
換我出運,唐銘良,台語,,8,,8,
換我甲你疼,許富凱,台語,,44591,,6,
換我表演,董育君,台語,,5,,6,
換掉,,華語,64,,,,
換換愛,王傳一,國語,,56396,,2,
換新衫,小辣椒,台語,,7,,5,
換日線,張智成,國語,77,,,,
換角度想看覓,陳雷,台語,,8,,7,
換面,,華語,65,,,,
握你的手,光良,國語,3994,,,,
握手期待,李茂山,台語,,6,,6,
握握不不住住傷心心的的手,江淑娜,國語,,4,,3,
握緊,何耀珊,國語,39,,,,
揮不去的情愁,冷漠陳,國語,,587,,3,
揮不去的愛,陳小雲,國語,566,,,50,
揮霍,,華語,63,,,,
搏感清,張秀卿,台語,,1,,5,
搏感清,翁立友,台語,,2,,5,
搏杯問感情,,華語,72,,,40,
搏浪鼓,趙薇,國語,,9,,2,
搖æstyle擺style,莊心妍,國語,,479,,2,
搖來搖去,芭比,台語,,7,,6,
搖例,翁立友,台語,,683,,5,
搖到外婆橋,芭比,國語,,479,,3,
搖勒搖勒,八三夭,國語,,468,,9,
搖動,原始林,國語,,7,,2,
搖哠曲,鳳飛飛,國語,,7,,2,
搖啊搖,,客語,0,,,51,
搖子調,,台語,,6,,5,
搖尾巴,弦子,國語,,2,,9,
搖搖搖,,國語,,382,,2,
搖搖搖,4,國語,,3,,2,
搖搖搖,姚蘇蓉,國語,,5,,2,
搖搖搖,蔡淳云,台語,569,468,,67; 67; 67; 8; 8,
搖搖擺擺,沈芳如,台語,565,6,,61; 61; 6; 61,
搖搖頭,芭比,國語,,9,,2,
搖擺Style,,華語,86,,,,
搖擺狗,賴慧如,國語,,461,,9,
搖滾怎麼了,王力宏,國語,544,,,95,
搖滾校園S..0..R,機動現,國語,,991,,3,
搖船曲,,國語,,461,,2,
搖船曲,張琪,國語,,,,,
搖阿搖,jsunny,國語,,663,,2,
搜尋你的名…字,樊凡,國語,,6,,3,
搞砸了黃,鴻升,國語,,456,,2,
搧冬風,呂明銀,台語,56778,,,62,
搧搧冬風,呂明銀,台語,,460,,5,
搧海風,楊詠棋,台語,,,,61,
搬家,樊凡,國語,,742,,2,
搭在胸坎的愛,葉敗田,台語,,76443,,7,
搭心兄,潘曉娟 特魯多,台語,8,,,63,
搭心兄,白冰冰,台語,,5,,5,
搭車歌,金門王與寺炳,台語,,478,,5,
搭車歌,陳小雲,台語,,447,,5,
搶先一平,林曉培,國語,,7,,3,
摘星夢,崔苔菁,國語,5950,792,,; ; ; 2,
摘星夢,甄秀珍,國語,,755,,2,
摘顆星星送給你,,台語,64,,,,
摘茶愛摘嫩茶心,,客語,4,,,51,
摩天輪,S.H.E,國語,3987,,,,
摩天輪,羅百吉,國語,,766,,2,
摩天輪,羅百吉/寶貝,國語,571,,,89,
摩天輪晚安,李易峰,國語,,47652,,3,
摩天輪（抒情版）,羅百吉,國語,5,,,60,
摩托車,夏國星,國語,,775,,2,
摩登愛情,,華語,65,,,,
摩登探戈,比莉,國語,,0,,3,
摸一摸,阿弟仔,台語,55471,,,,
摸心肝,成鳳,台語,,972,,5,
摸心肝,類型,華語,,,,,
摸蛤仔歉洗褲,林財寶,台語,552,,,88,
摸蜆兼洗褲,七郎/一綾,台語,83,,,65,
摸蜊仔兼、洗褲,,台語,,547,,7,
撇步,鐘妮菱,台語,,471,,5,
撐腰,羅志祥,國語,,56689,,2,
撒哈拉沙漠,台風,國語,3958,,,,
撒嬌,黃思婷翁立冹,台語,,450,,5,
撒嬌',陳怡婷陳風,國語,,48471,,2,
撒野到底,李威,國語,,9,,3,
撕去那一頁,姜育恆,國語,,8,,3,
撕夜,阿杜,Unknown,,565,,2,
撕裂的愛,齊秦,國語,,1,,3,
播田姑娘,黃三元素蘭,台語,,6,,6,
播田姑娘,黃沅/素蘭,台語,6739,,,,
播音員,陳思安良山兄,台語,,3,,5,
播音員的心聲,謝佩芬,台語,69,,,,
撲火,王菲,國語,,57589,,2,
撲蝶,,華語,6397,,,,
撿恨,甲子慧,台語,,46595,,61; 61; 61; 8; 8,
撿破爛,」陳思安,國語,,467,,2,
擁愛,,國語,,,,,
擁抱,,華語,67,,,,
擁抱,俞灝明,國語,,685,,2,
擁抱你離去,張北北,華語,57588,,,63,
擁抱你的微笑,郭靜,國語,,47980,,1,
擁抱你離去,郭玲,國語,,59698,,1,
擁抱我,光良,國語,5760,,,39,
擁抱我,柯以敏,國語,,3,,2,
擁抱明天,羅聰,華語,57594,,,65,
擁抱每一天,白冰冰,國語,,3,,3,
擁抱著你的滋味,,台語,,,,,
擁抱難得,,華語,,,,94,
擁抱難得,高進,國語,,6,,1,
擁擠的街孤獨的走,,華語,6755,,,,
擁有,張學友,國語,,3,,2,
擁有你的日子,許飛,國語,,681,,3,
擁軍芼鼓,陝北民,國語,,980,,3,
擊敗人,黃明志,國語,,464,,1,
擋不住我,林志穎,國語,,9,,3,
擋著地球轉,林子娟,國語,582,683,,62; 62; 62; 3,
擔心,謝金燕,台語,558,0,,5; 61; 61; 61,
擔心,陳潔儀,國語,,3,,2,
擔輸贏,江蕙,台語,,657,,5,
擙户而過,李聖傑,國語,,567,,3,
擦不掉人間苦,,華語,6947,,,38,
擦乾你的淚水,劉沖,國語,,76670,,3,
擦乾你的淚水,深南大,國語,,9,,3,
擦乾你的淚水 劉沖 ◆,,國語,,,,95,
擦掉彼句我愛你,羅時豐,台語,,444,,7,
擦肩而過,宇桐非,國語,,688,,3,
擦肩而過,鄭源,華語,575,,,67,
擦身而過,于台煙,國語,557,47799,,3; 67; 67; 67,
擦鞋歌,姚莉,國語,,8,,2,
擦鞋歌,陳蘭麗,國語,,1,,2,
擱一擺講愛你,薛金顯,台語,56959,,,69,
擱一擺講愛你,薛金顯,台語,,465,,8,
擱严,宇恫非,國語,,49660,,2,
擱做恁的子,沈定豪,台語,,5,,7,
擱做恁的子,沈建豪,台語,56684,,,61,
擱再想妳,傅振輝,台語,56662,,,67,
擱再愛一擺,蘇又鎔,台語,,8,,8,
擱再牽著伊的手,良一,台語,6868,,,,
擱想也是加,曾寶玉 特魯多,台語,941,,,,
擱想也是無卡詛,高峰,台語,,954,,7,
擱想也是無卡詛,高峰 吉力巴,台語,569,,,68,
擱愛一擺,蘇錦煌,台語,,6,,6,
擱愛一擺,蘇錦煌 Swing,台語,64,,,00,
擱拼三五年,詹雅雯/曹俊鴻,台語,55459,,,98,
擱擱胼拼三三五五年,詹雅雯曹鴻,台語,,669,,8,
擱淺,周杰倫,國語,38,56779,,; ; ; 2,
擱淺,馬天宇,國語,,684,,2,
擱為你醉,,台語,,46684,,8,
擱等三年,沈文程,台語,,3,,6,
擱胼三五年,詹雅雯,台語,,568,,7,
擱醉一擺,沈建豪,台語,555,,,55; 55; 55; 52,
擱醉落去,林淑容,台語,558,463,,80; 80; 80; 6,
擺渡人的歌,周華健,國語,,381,,3,
擺脫,廢五金,國語,,380,,2,
擺脫,熊天平,國語,,9,,2,
擾亂阮心情,陳思翊,台語,,492,,7,
攀山,,華語,6766,,,,
攏怪我,陳茂豐,台語,564,,,61,
攏是你,游麗紅,台語,5,,,64,
攏是你的味,邱芸子/郭健一,台語,55444,,,,
攏是為著你啦,李嘉,台語,,7,,7,
攏是無情人,孫淑媚,台語,556,,,76,
攏無準算,邱芸子,台語,55593,4,,61; 61; 6; 61,
攝影蓺術,許嵩,國語,,9,,9,
攤牌,,華語,68,,,,
攤販悲歌,林玉峰,台語,,4,,6,
攴你小水返欠一半,張瀛仁,台語,,38660,,8,
攴我聖要背叛我,王羽澤,國語,,49753,,3,
攴房忙高梁木酒,源始林,國語,,673,,3,
攴洋房守寸則,王建傑,台語,,0,,6,
收不回的愛,黄乙玲,台語,,2,,6,
收回你的心,劉依純,台語,,444,,6,
收場,王韻嬋,國語,,785,,2,
收斂,,華語,6398,,,; ; ; ,
收歹銅古錫的老阿伯,高雅如,台語,,9,,7,
收留,童安格,國語,,394,,2,
收留阮的夢,,華語,,,,,
收穫,,華語,66,,,,
收穫,何耀珊,國語,5,,,82,
收聊做好子,黄瑞琪,台語,,5,,6,
收聲戀情,陳小雲,台語,,4,,6,
收脚做好子,,台語,,4,,6,
收藏,簫敬騰,國語,,565,,2,
收起感情的行,林靜莉,台語,,493,,7,
改回備註 回到最初,,華語,66,,,,
改變,張可芝,國語,,977,,2,
改變,胡夏,國語,,579,,2,
改變,黃舒駿,國語,95,,,,
改變自己,王力宏,國語,589,,,99,
改賭,唐飛,台語,,976,,8,
改酒,陳莉 特魯多,客語,452,,,00,
攻瑰人生,張蓉蓉,台語,,566,,6,
攻瑰唇彩,姜華,國語,,7,,2,
攻瑰多清,唐飛,台語,,553,,6,
攻瑰安娜,陳彼得,國語,,4,,2,
攻瑰年華,,國語,,381,,2,
攻瑰心,文妹,台語,,984,,5,
攻瑰心,蕭玉芬,台語,,498,,5,
"攻瑰愛,屵高",勝美,國語,,3,,2,
攻瑰星球,謝金燕,國語,,458,,2,
攻瑰的心,白冰冰,台語,,442,,6,
攻瑰的鋩ロ•言口,童安格,國語,,7,,3,
攻瑰眼涙,冷顯達,國語,,49848,,2,
攻瑰花,龍千玉,台語,,2,,5,
攻瑰酒,蔡秋鳳林慶宗,台語,,4,,5,
攻瑰香,許富凱,台語,,446,,5,
攻莎攻慕酒,,台語,,5,,6,
放 0個心,辛欣,國語,42,,,,
放一你,郭書瑤,國語,,4,,2,
放下,,台語,93,,,,
放下,沈建豪,台語,0,,,68,
放下,甲子慧,台語,2,,,65,
放下一切,于台煙,台語,562,762,,68; 68; 6; 68,
放下所有放不下,祁隆,國語,,9,,9,
放下所有放不下你,祁隆,華語,57457,,,61,
放下那個我不愛的人,,華語,51,,,99,
放不下,白冰冰,國語,,948,,2,
放不下過去放不下你,,華語,76,,,,
放不下過去放不下你,趚真,國語,,793,,1,
放不開手放不開你,,華語,6557,,,,
"放乎,醉",張蓉蓉,台語,,649,,5,
放乎伊飛,玲,台語,,44697,,6,
放乎去,,台語,49,,,,
放乎去啝,李開麗,台語,,497,,6,
放乎心去痛,詹雅雯,台語,,7,,6,
放乎袂記,,台語,667,,,,
放乎輕鬆,林俊彥,台語,6559,,,,
放乎醉,蔡小虎,台語,,799,,5,
放乎開,郭停英,台語,0,,,65,
放了手就忘了我,徐譽膝,國語,,465,,9,
放伊去,蘇金育,台語,1,,,65,
放伊飛,張蓉蓉,台語,,572,,5,
放伊飛,李素卿,台語,,964,,8,
放伴洗身躯,黄西田,台語,,4,,6,
放你去,孫淑媚,台語,8550,485,,75; 75; 75; 5,
放你去自由飛,龍千玉,台語,,965,,7,
放你的心走開,蘇慧倫,國語,38,,,,
放你自由,葉勝欽,台語,8996,,,,
放你自由飛,鄭如珍,台語,561,,,61,
放你走,文筱芮,國語,,68397,,2,
放呼醉,陳雷,台語,,5,,5,
放在心肝,吳淑敏,台語,558,,,84,
放在心肝,呉淑敏,台語,,765,,6,
放你去飛,葉勝欽,台語,,444,,6,
放你在心,伍浩哲,國語,,9,,2,
放你自由飛,蔡小虎,台語,,5,,6,
放巛鬆,李亞明,國語,,3,,2,
放你去飛,董育君,台語,,493,,6,
放你自由去,劉依純,台語,,5,,6,
放你自由飛,鄭如珍,台語,,446,,6,
放愛,張冬玲,國語,,557,,2,
放愛走吧,,華語,00,,,96,
放感情,何方,國語,570,,,,
放我,葉璦菱,國語,,3,,2,
放我去飛,黄乙玲,台語,,0,,6,
放我在心上,,國語,,7,,3,
放我的真心在你的,手心,國語,,5,,3,
放我行,方順吉,台語,,6,,5,
放手,,台語,,948,,; ; ; 5,
放手,ENERGY,國語,,8,,2,
放手,劉霏玲,國語,,456,,2,
放手,小文,國語,,683,,2,
放手,小辣椒,台語,,754,,5,
放手,徐睿,國語,,682,,2,
放手,林志炫,國語,,3,,2,
放手,蔡小虎,台語,,586,,5,
放手,蔡麗津,台語,,43898,,8,
放手,阿杜,國語,,581,,2,
放手一搏,,台語,,,,,
放手一搏,5566,國語,,4,,2,
放手去愛,李郭,國語,,3,,2,
放手去飛,陳子賢,台語,,970,,8,
放手愛,陳雨霈,國語,,976,,2,
放手扌,翁立友,台語,,577,,5,
放手才是愛,蔡麗津,台語,564,94876,,65; 65; 6; 65,
放手的思念,吳蕙君,台語,,494,,8,
放手的自由,柔均,台語,553,765,,00; 00; 00; 6,
放手讓你飛,,華語,63,,,38,
放抹浴心,羅時豐,台語,,0,,6,
放抹開,詹曼鈴,台語,,040,,5,
放抹開的手,,台語,,,,00,
放抹開的手,余天龍,台語,,43951,,8,
放抹離,甲子慧,台語,,,,61,
放捨,龍千玉,台語,,56961,,5,
放晴 Hip-Hop ★ 夏婉安,,華語,64,,,,
放棄,郭品超,國語,55,,,,
放棄也會有快樂,裘海正,國語,,3,,3,
放棄你,辛曉琪,國語,,381,,2,
放棄愛你,沈芳如,國語,5,,,67,
放棄愛你,沈芳如,國語,,7,,2,
放浪之歌,,台語,,5,,6,
放牛吃草,蔡小虎,台語,,7,,6,
放生,范逸臣,國語,,56559,,2,
放眼滿天下,,客語,1,,,51,
放空,,華語,62,,,; ; ; ,
放空,莊心妍,國語,,859,,9,
放空,莊心妍,華語,57443,,,61,
放粉鳥,向蕙玲,台語,,7,,5,
放縱,大台風樂團,國語,08,,,69,
放縱,關德輝,國語,,3,,2,
放聲大哭,莊妃,國語,,6,,2,
放肆,M3,國語,,441,,2,
放肆一下,郭曾,國語,,47981,,1,
放肆黒夜,芭比,國語,,561,,2,
放膽愛吧,,台語,,,,41,
放蕩不羈,草屯囝仔屁,台語,,594,,8,
放蕩浪子心,蔡小虎,台語,,57543,,6,
放蕩無前途,阿吉仔,台語,,9,,6,
放蕩的人生,陳思安,台語,,964,,6,
放蕩的靈魂,莊振凱,台語,,478,,6,
放袂屮的愛,高向鵬,台語,,775,,6,
放袂落,江志豐,台語,56985,3,,69; 69; 69; 8; 8,
放袂落,蔡小虎,台語,,5,,5,
放袂落彼個人,詹雅雯,台語,,2,,7,
放袂記的所在,戴梅君,台語,,866,,7,
放袂開,江蕙,台語,,486,,5,
放袂開,詹曼鈴,台語,565,,,61,
放袂開是你的手 吳艾媄 ◆,,客語,05,,,51,
放袜開,詹曼鈴,台語,,960,,5,
放輕鬆,,台語,92,,,,
放輕鬆,吳進福,台語,38,,,61,
放輕鬆,陳茂豐,台語,,639,,5,
放輕鬆,陳茂豐 吉力巴,台語,55885,,,61,
放逐,高登,國語,,48470,,2,
放逐愛情,解偉苓,國語,,56799,,2,
放過你也放過我,,華語,6790,,,,
放過我的愛,韋東明,華語,577,,,61,
放過自己,莊心妍,國語,,965,,9,
放過自己,莊心妍,華語,574,,,60,
放開你,吳宗憲,國語,504,,,,
放開你的心,王力宏,國語,43,,,,
放開吧,呂雯,華語,577,,,61,
放開吧•,呂雯,國語,,499,,2,
放開你的手,,國語,,3,,3,
放開就飛,謝雷.林思辰,台語,69,,,,
放開你的心,王力宏,國語,,8,,3,
放開愛,姚黛瑋,國語,,789,,2,
放開愛,戚薇,國語,,57973,,2,
放開的是我,王中平.徐芷頎,台語,68,,,,
放開阮的手,黃乙玲,台語,553,,,94,
放阮一個人,陳亞蘭,台語,61,,,,
放阮作你去,倖妏,台語,,473,,8,
放電,芭比,國語,,656,,2,
放風吹,郭桂彬,台語,,763,,5,
放風聲,許效舜,台語,,499,,5,
放風飛 華爾滋 ◆ 林俊吉,,台語,,,,,
放飛美麗,劉亦菲,國語,42,,,,
放麥開,林東華,台語,,492,,5,
政瑰人生,許景淳,國語,,3,,2,
政瑰夢,謝雷,國語,,4,,2,
政莎政墓酒,揚麗雯,台語,,751,,6,
故事,,華語,62,,,,
故事,紅孩皃,國語,,2,,2,
故事,賀一航,國語,,9,,9,
故事痕跡,,華語,6858,,,,
故事的終點,,華語,67,,,38,
故事的角色,王傑,國語,,3,,3,
故事終章,,華語,6470,,,,
故事裡的人,,華語,60,,,,
故人,,台語,86,,,,
故人做事,西卿,台語,,542,,6,
故人尋,,華語,6384,,,,
故你的HONEY戴,梅君,台語,,5,,6,
故個快樂的歌手,鳳飛飛,國語,,468,,3,
故意,曹素香,台語,,541,,5,
故故鄉情忙緣緣,陳建铖,台語,,446,,6,
故故鄉鄉的的愛愛,張秀卿,台語,,3,,6,
故故鄉鄉的的愛愛,蔡義德張蓉蓉,台語,,57599,,6,
故故鄉鄉的的歌歌,江蕙,台語,,557,,6,
故自的注水溪,許家綺,台語,,54486,,7,
故自的金針花,龍千玉,台語,,660,,7,
故自的門口珵,許富凱,台語,,579,,7,
故自的阿娜答,阮棠,台語,,545,,7,
故郷,潘安邦,國語,,8,,2,
故郷一封信,詹雅雯,國語,,997,,3,
故郷在何方,謝雷,國語,,939,,3,
故郷的呼喚,謝雷,國語,,381,,3,
故郷的蕃薯園,陳豪,台語,,775,,8,
故鄉,,客語,45,,,56; 51; 51; 51,
故鄉下雪了,,華語,69,,,,
故鄉之戀,龍千玉,台語,,57974,,6,
故鄉之歌,,客語,,,,,
故鄉之眷,,台語,,8,,6,
故鄉人情味,楊宗憲,台語,60,,,,
故鄉味,七郎,台語,566,441,,5; 61; 61; 61,
故鄉啊故鄉,,華語,6950,,,,
故鄉塊叫我,七郎,台語,55565,,,61,
故鄉情難忘,謝莉婷,台語,,4,,6,
故鄉戀歌,李季準,台語,,985,,8,
故鄉月,秀蘭瑪,台語,,447,,5,
故鄉月,秀蘭瑪雅,台語,55451,,,97,
故鄉的人,周蓬霖,台語,,444,,6,
故鄉的人,袁小迪,台語,,6,,6,
故鄉的伊,洪榮宏,台語,,2,,6,
故鄉的你,洪榮宏,台語,68,,,,
故鄉的列車,七郎,台語,,579,,6,
故鄉的列車,葉啟田,台語,,884,,6,
故鄉的回憶,,華語,65,,,,
故鄉的地圖,蔡小虎,台語,,486,,6,
故鄉的媽媽,唐飛,台語,,49460,,6,
故鄉的媽媽,唐飛 慢迪斯可,台語,563,,,63,
故鄉的形影,沈建豪,台語,3,,,65,
故鄉的思共,上佳,台語,,58457,,6,
故鄉的情伴,陳一郎,台語,,496,,6,
故鄉的愛,張秀卿,台語,67,,,00,
故鄉的愛人,孫淑媚/王識賢,台語,559,,,87,
故鄉的愛人,王識賢,台語,,569,,6,
故鄉的愛人,葉啟田 吉力巴,台語,67,,,,
故鄉的愛人,麗娜,台語,,96754,,6,
故鄉的愛人 華爾滋 ◆ 張漢朝,,華語,39,,,,
故鄉的戀歌 吉力巴 蘇祥德.錢錢,,台語,,,,50,
故鄉的故事,七郎,台語,86,8,,59; 59; 59; 6,
故鄉的景緻,白冰冰,台語,,484,,8,
故鄉的月娘,葉啟田,台語,,783,,6,
故鄉的歌,江蕙,台語,6859,,,,
故鄉的浮雲,蔡秋鳳,台語,,590,,8,
故鄉的濁水溪,許家綺,台語,6,,,65,
故鄉的父母,蔡亞玲,台語,80,,,54,
故鄉的父母,蔡雅鈴,台語,,761,,6,
故鄉的路,沈建豪,台語,5,,,65,
故鄉的黃昏,方瑞娥,台語,61,,,,
故鄉迎鬧熱,謝雷,台語,,3,,8,
故鄉雲林,王豐吉 特魯多,台語,5,,,65,
故鄉老爺,,客語,843,,,51,
故里是你,,台語,62,,,38,
敏感,柯以敏,國語,,5,,2,
敏感女人心,甲子慧,台語,55777,,,61,
敏戚女人心,甲子慧,台語,,584,,6,
救い,,華語,,,,51,
救世主,紅豆少女組,國語,503,,,,
救命,蔡秋鳳,台語,8645,,,74,
救姻緣,黃安,國語,591,4,,66; 66; 66; 2,
救贖,,台語,,,,44,
救贖,劉嘉亮,國語,,741,,2,
救贖,林冠吟,國語,,1,,2,
敕田的純情曲,葉敗田,台語,,5,,7,
敖慢與偏見,陳淑樺,國語,,2,,3,
敗犬美魔女,丁國琳,台語,564,4,,61; 61; 6; 61,
敗陣,,華語,6884,,,,
敘世,,華語,64,,,,
教我如何不相,,國語,,9,,3,
教袂乖,上明,台語,,467,,8,
敢不敢,蘇振華,國語,,940,,2,
敢不知阮心意蕭,孋珠,台語,,495,,7,
敢人,戴梅君,台語,,3,,8,
敢傷,蕭亞軒,國語,,5,,2,
敢愛,李翊君,國語,,466,,2,
敢愛不知恨,,華語,,,,98,
敢愛敢恨,江志美,台語,,3,,8,
敢愛的人,南台灣小姑娘,台語,,868,,6,
敢是伊知影,洪榮宏蔡幸娟,台語,,866,,6,
敢是目欠債,曾朝松姍姍,台語,,96582,,6,
敢是相欠債,張凱婷,台語,,392,,6,
敢是相欠債,曾朝松/姍姍 特魯多,台語,1,,,64,
敢是著愛放,邱文智,台語,4,54759,,64; 64; 6; 64,
敢有可能,七方台萍,台語,,4,,6,
敢有可能,七郎/方怡萍 慢迪斯可,台語,55560,,,61,
敢漫,甲子慧,台語,,3,,8,
敢講,,台語,72,,,,
敢陳,雷,台語,,954,,5,
敢黃,思婷,台語,,568,,5,
散了吧,林志炫,國語,,,,,
散了就好,,華語,,,,,
散了巴,林志炫,國語,,8,,2,
散場的擁抱,倪安柬,國語,,577,,3,
散場的空虛,翁立友,台語,,56442,,6,
散場電影,潘氏兄,台語,,399,,6,
散心,趙詠華,國語,,9,,2,
散步在雲頂,羅文聰,台語,,57983,,6,
散霧,,華語,6560,,,38,
散飲,七郎 慢迪斯可,台語,552,,,90,
敫忙過後,張清芳,國語,,4,,3,
敬你,,華語,6581,,,,
敬天下,旺來,台語,568,446,,5; 61; 61; 61,
敬女人,徐若瑄,國語,,844,,9,
敬月方,怡萍,台語,,5,,5,
敬酒蔡,小虎,台語,,585,,5,
敲三下,,國語,,3,,2,
敲敲我的頭,彭佳慧 洛克,國語,,,,,
敲敲門,鳳飛飛,國語,,695,,2,
整個八月,張宇,國語,,564,,3,
整個榮繞著你,銀霞,國語,,882,,3,
整晚的音樂,庾澄慶,國語,4945,,,,
敵人,鄭中基,國語,49,6,,; ; ; 2,
敷衍,迪斯可,國語,,,,61,
數到三就不哭,陳慧琳,國語,,487,,3,
數到五答應我,曹格,國語,,7,,3,
數天數,龔玥,國語,,48483,,2,
數字戀愛,范曉萱,國語,588,7,,3; 61; 61; 61,
數彩虹,Twins,國語,5,,,46,
數羊,葉樹茵,國語,,8,,2,
文愛,賀敬軒/CG,華語,,,,60,
斑點狗,思琪,國語,,7,,9,
斜風斜雨落斜河 胡泉雄/黃玉春 ○,,客語,388,,,51,
斟一杯來安慰,,台語,,991,,7,
斬忙絲娩忙意,沈建豪,台語,,5,,7,
斬情絲斷情意,沈建豪,台語,56682,,,61,
斬斷忙路,王識賢,台語,,0,,6,
斯琴高麗的傷心,斯琴高麗,華語,573,,,61,
新住民新娘(大陸妹),,華語,66,,,40,
新傷舊痕,蘇路,台語,,1,,6,
新兩地寄相思,石琇惠/石喬,台語,553,,,00,
新兩地寄相思,石石,台語,,5,,7,
新台灣斷交夢,曲妀,國語,,464,,1,
新單。身情歌,,國語,,843,,9,
新多少柔情多少涙,王渝,國語,,3,,3,
新女性,吳素卿,台語,,0,,5,
新女性,陳美伶,台語,8,,,66,
新娘,蔡琴,國語,,8,,2,
新娘,錢幽蘭,國語,,494,,2,
新娘不是我,成鳳,台語,,43948,,8,
新娘不是我,程響,國語,,1,,1,
新娘夢,張瀛仁,台語,,49438,,5,
新娘悲歌,文夏,台語,,2,,6,
新娘情涙,陳思安,台語,,440,,6,
新娘歌,劉沛蘭,台語,,6,,5,
新娘淚,,台語,,7,,5,
新娘紗,楊靜,台語,,956,,5,
新娘花,詹雅雯,台語,,574,,5,
新娘花,鄧詠家,台語,,76493,,5,
新娘衫,戴梅君,台語,,9,,5,
新娘衫,王又萱,台語,,54800,,5,
新娘衫,蘇路,台語,,95454,,5,
新娘衫,陳茂豐,台語,559,4,,5; 61; 61; 61,
新娘裳,,台語,,455,,5,
新娘車,楊靜,台語,,7,,5,
新娘鑼鼓聲,劉素娥,台語,,0,,6,
新娘馬車,,台語,,44745,,6,
新婚旅行,陳芬蘭,台語,,4,,6,
新宿,安心亞,國語,,58399,,2,
新市的雨,王江發,台語,56669,,,67,
新年好,林靖恩 特魯多,國語,6,,,68,
新年好 特魯多 ○ 代表【midi無人聲】 ★ 代表【原聲 或 原聲原影】 適用機型：S-(BD.IMSBP系列.N系列.N2系列.W系列),● 代表【midi+人聲伴唱】 利用人如欲使用本產品於「公開場所」使用，請逕洽集管團體或著 ◆ 代表【midi+原聲伴唱】 作財產權人取得「公播授權」後，始得合法使用 1 上述符號為【歌曲類型】依機型及功能而有所不同 發行日期 /,客語,,,,,
新年好運來（舞曲版）,,台語,49,,,53,
新你説下輩子要做,我的,國語,,450,,3,
新怎、受林,良樂,國語,,0,,2,
新怎一忙舊回憶,蔡琴,國語,,3,,3,
新所在舊世界,韓寶儀,台語,,3,,7,
新故事,秀蘭瑪,台語,,3,,5,
新故事,秀蘭瑪雅,台語,68,,,,
新日日眷,龍千玉,台語,,4,,6,
新暗淡的月,蔡秋鳳,台語,,445,,6,
新月,何以奇,國語,,467,,2,
新月,顧莉雅,國語,,9,,2,
新桃花江,,國語,,8,,3,
新歌,唐禹哲,國語,,56756,,2,
新歌試唱,張棟樑,國語,554,6,,82; 82; 82; 3,
新浪人情歌,阿龍正罡,國語,,678,,3,
新淚的小花,成鳳,台語,69,,,,
新滾滾紅塵,鄭源,華語,575,,,63,
新營囝仔,鄭進一,台語,,8,,6,
新男性的復仇,董事長,台語,,7,,7,
新相思雨,葉勝欽,台語,,4,,6,
新竹幸福城,楊偵鈺,台語,964,,,63,
新竹風,陳明章,台語,,0,,5,
新舊情綿綿,傳振輝&,台語,,4,,6,
新舞亻,唐飛,台語,,493,,5,
新貴妃醉酒,李玉剛,國語,,469,,3,
新陳代謝,盧巧音,國語,,57390,,3,
新雨夜花,林子娟,國語,596,442,,68; 68; 68; 3,
新霸王別姬,富博洋莊心妍,國語,,9,,9,
新鮮,梁詠琪,國語,,2,,2,
新年,,客語,2,,,51,
斷了亂了,,台語,89,,,,
斷了亂了,莊心妍,國語,,639,,3,
斷了思念,信樂團,國語,4847,,,,
斷了的弦,周杰倫,國語,5,,,,
斷了線,柯以敏,國語,5,,,38,
斷情,,台語,,96543,,5,
斷情,,客語,0,,,51,
斷情,張國政,台語,55655,,,61,
斷情,陳莉 特魯多,客語,459,,,00,
斷情傷口,,客語,9,,,51,
斷情夜快車,櫻花姊,台語,,447,,7,
斷情歌,王識賢,台語,84,,,57,
斷情歌誰人聽,沈建豪,台語,555,,,55; 55; 55; 52,
斷情淚,蘇宥蓉,台語,,781,,8,
斷情話,邱芸子,台語,85,,,70,
斷橋,,台語,97,,,,
斷片兒,犀牛甜,國語,,798,,1,
斷片兒,犀牛甜心,華語,,,,69,
斷相思,孫淑媚,台語,567,,,61,
斷線',曾怡玲,台語,,782,,8,
斷線的吉他,楊文 特魯多,台語,66,,,,
斷線的吉他,石石,台語,,879,,7,
斷線的風箏,方瑞娥,台語,,4,,7,
斷線的風箏,詹曼鈴,台語,569,893,,65; 65; 65; 8; 8,
斷線的風箏,鄭詠心,台語,56694,,,62,
斷線吉他,陳莉 特魯多,客語,460,,,00,
斷線紙鷂,,客語,3,,,51,
斷翅蝴蝶飛,范逸臣,國語,5946,,,,
斷腸情歌,,華語,71,,,99,
斷腸曲,張用敏,國語,,5,,2,
斷腸酒,邱芸子,台語,87,,,60,
斷點,張敬軒,國語,,564,,2,
方便麵,肖飛,華語,575,,,61,
方便麺,肖飛,國語,,49674,,2,
方候,陳中,台語,,554,,5,
方向,玄樂團,國語,,496,,2,
方待,陳甲,台語,,682,,5,
於心不忍,黄雅泯,國語,,3,,2,
於是,何欣穗,國語,,9,,2,
於是長大了以後,謝和弦,國語,,57460,,3,
施施呀呀哇哇西西,王又萱,台語,,96574,,6,
旁見的人,林良歡,台語,,9,,8,
旅人之歌,姚雅文,國語,,474,,2,
旅伴,上明簡美雀,台語,,448,,5,
旅程,張惠妹,國語,5,,,,
旅行,,華語,,,,99; ; ; ,
旅行就去加利福 劉小樂 尼亞 Bossa Nova ○ 代表【midi無人聲】 ★ 代表【原聲 或 原聲原影】 適用機型：S-(BD/IMSBP系列/N系列/N2系列/W系列),● 代表【midi+人聲伴唱】 利用人如欲使用本產品於「公開場所」使用，請逕洽集管團體或著 ◆ 代表【midi+原聲伴唱】 作財產權人取得「公播授權」後，始得合法使用 1 上述符號為【歌曲類型】依機型及功能而有所不同 發行日期 /,華語,,,,,
旅途,龍千玉,台語,,570,,5,
旅途夜風,吳晉淮對唱,台語,,49488,,6,
旅途戀歌,林峰,台語,,43959,,8,
旋律,楊孝君,國語,,790,,2,
旋渦,晨悠,國語,,1,,2,
旋渦,李雅微,國語,,8,,2,
旋渦,許美靜,國語,,380,,2,
旋渦,高勝美,國語,,7,,2,
旋轉木馬,鄉村二人組,國語,,7,,2,
旋轉門,蘇慧倫,國語,5,546,,85; 85; 85; 2,
旋風,M3,國語,,2,,2,
旗后臨水宮宮歌,,華語,,,,,
旗氵的日落,陳薪喨,台語,,463,,8,
旗津小姑娘,陳雷,台語,568,0,,61; 61; 61; 7,
旗美之戀 劉玉英 歌曲 ○,,國語,,,,93,
旗聖媽出巡 搖滾 吳蕙君,,華語,78,,,54,
既既然然要要愛愛,向蕙玲,台語,,9,,6,
既然你已經不愛我,雨浩楓,華語,571,,,61,
既然你要走,潘美辰,國語,3864,,,,
既然你要走,潘美辰,國語,,9,,3,
既然愛了就不,呂方,國語,,6,,3,
日9十里洋場,揚樺,國語,,49669,,2,
日”愛,ShiGGaShav&系,國語,,675,,2,
日、亠,曾心梅,台語,,2,,5,
日、亠,李碧華,國語,,1,,2,
日、亠,詩雨,國語,,9,,2,
日一月L,鳳飛飛,國語,,465,,2,
日不落,蔡依林,國語,,563,,2,
日久見人心,,客語,882,,,51,
日亻寸,鄭中基,國語,,389,,2,
日仔載,果河科,台語,,496,,5,
日光機場,許茹芸,國語,,4,,2,
日光的流浪客,林慧萍,國語,,4,,3,
日出,孫淑媚,台語,562,044,,5; 61; 61; 61,
日出,張惠妹,國語,,388,,2,
日出光彩,羅時豐海倫清,台語,,96482,,5,
日出常在,龍千玉,國語,,852,,9,
日出愛情,周海媚,國語,,389,,2,
日出日落,蔡小虎林姍,台語,,5,,5,
日出西山水倒流 華爾滋 ◆ 倖妏,,國語,,,,,
日圥,蘇錄綠,國語,,4,,2,
日場夜場,莫文蔚,國語,597,6,,91; 91; 91; 2,
日子,楊靜,台語,,3,,5,
日孤單。夜牽鞋,戴梅君,台語,,5,,7,
日心,王馨平,國語,,387,,2,
日思夜夢,,台語,,5,,5,
日思夜夢,良一/一綾,台語,6846,,,,
日思夜夢,陳念陸,台語,,543,,5,
日思夜夢,陳雷,台語,8384,4,,60; 60; 60; 5,
日想夜夢年年,高向鵬方瑞娥,台語,,98748,,8,
日日夜夜,張揀櫟,國語,,453,,2,
日日思亠亠、,李明洋,台語,,3,,7,
日日思夜夜夢,李明洋/邱芸子,台語,84,,,70,
日日春日日圓,陳雷,台語,8467,,,69,
日日晶晶,鄧麗君,國語,,6,,2,
日日眷日日員,陳雷,台語,,674,,7,
日日紅,洪榮宏,台語,,444,,5,
日暝的雨,小辣椒,台語,,569,,6,
日月心,方順吉,台語,,442,,5,
日月準情歌,張素綾,台語,,855,,8,
日月若相逢,李明洋,台語,,57396,,6,
日樂世界,沈文程,台語,,394,,6,
日牽鞋夜孤單,黄思嬶,台語,,4,,7,
日知影,王建傑,台語,,441,,5,
日落北六城,鳳飛飛,國語,,2,,3,
日落情歌,沈文程,台語,,4,,5,
日落戀星河,,華語,6884,,,,
日落時分,崔苔菁,國語,,1,,2,
日落月昇 詩雨 ◆,,國語,,,,97,
日落的告白 House 李飄飄 ★,,華語,60,,,,
日落西山,,台語,,383,,5,
日落西山,尤雅,台語,,5,,5,
日言己,古巨基,國語,,391,,2,
日記,,華語,6955,,,38,
日記,江志豊,台語,,395,,5,
日記,江志豐,台語,56441,,,61,
日誤的選擇,羅義達,國語,,498,,3,
日讎′も,黄俊雄,台語,,638,,5,
日過的愛,陳隨意,台語,,5,,6,
日過的瞬間,冷顯達,國語,,47639,,3,
日間的味道,林志炫,國語,,5,,3,
日頭伯公,,客語,2,,,51,
日頭困月娘醒,王建傑,台語,,3,,7,
日頭睏月娘醒,王建傑,台語,562,,,61,
日頭若洛山,温翠蘋,台語,,8,,6,
日頭若見天,林玉英,台語,7975,7,,54; 54; 54; 6,
日頭赤炎炎,郭挂彬,台語,,993,,6,
日頭落山出月光,,客語,4,,,51,
日飮一杯,鄧麗君,國語,,4,,3,
旦鄉悲罎夢,,台語,,4,,6,
旧過的風景,冷漠,國語,,49667,,3,
早九,王詩安,國語,,2,,2,
早哪知,王中平,台語,568,077,,5; 61; 61; 61,
早哪知影,蘇又鎔,台語,,880,,6,
早婚,鳳飛飛,國語,,2,,2,
早安寶貝,,華語,68,,,39,
早就明白,景崗山,華語,573,,,61,
早已不順路,,華語,69,,,,
早已遠走,,台語,52,,,,
早應該,,國語,,596,,1,
早日相逢,高向鵬/方怡萍,台語,6890,,,,
早日緊叨返,簡美雀,台語,,577,,6,
早晚,,華語,6382,,,,
早知知道道愛愛,盧學叡,國語,,76790,,2,
早知道.愛,盧學叡,國語,541,,,85,
早若知影,陳茂豐,台語,564,,,61,
昌亡,彭莉,台語,,0,,5,
昌歌吔飲酒,高向鵬方娥,台語,,451,,6,
昌歌家已聽,,台語,,4,,6,
昌首情歌給誰聽,倪賓,國語,,1,,3,
明仔載,廬廣仲,台語,,59586,,8,
明友乾林,王識賢,台語,,570,,6,
明友保重,袁小迪,台語,,44393,,6,
明友娘娘,呉淑敏,台語,,765,,6,
明天,孟庭葦,國語,,5,,2,
明天,江志豐,台語,,569,,5,
明天,蕭亞軒,國語,557,3,,95; 95; 95; 2,
"明天,你好",牛朝珈,國語,,57947,,3,
明天也要作伴,錦繡二重唱,國語,90,,,,
明天二十歲,鳳飛飛,國語,,6,,3,
明天你是否依然,喛我,國語,,2,,3,
明天再擱∕來,玖壹壹,台語,,497,,8,
明天再相會,陳定誠,台語,,968,,6,
明天你會在邪裡,A-show,國語,,76772,,3,
明天我要嫁給你周,華健,國語,,4,,3,
明天晴天,孫燕姿,國語,5,,,61,
明天有你,陳徳容日,國語,,3,,2,
明天的事情,徐佳瑩,國語,,4,,3,
明天的你,顏湘婷,國語,,2,,9,
明天的明天的明天,翆力火,國語,,446,,3,
明天的昨天,代小波,國語,,688,,3,
明天的自己,,國語,,54571,,1,
明天的自己,S.H.E,國語,,3,,1,
明天選是要繼續,蘇苗,國語,,3,,3,
明年今日,是他,華語,69,,,,
明日之歌,,國語,,6,,2,
明日再會,林英美對唱,台語,,5,,6,
明日又天涯,江蕙,台語,,0,,6,
明日君再來,,國語,,3,,3,
明日天涯,周宸慶,台語,582,54747,,61; 61; 6; 61,
明日天涯,紀露霞,台語,,94794,,6,
明日天涯,郭健一,台語,556,485,,61; 61; 6; 61,
明日天涯,青山,國語,,4,,2,
明日擱卡水,王瀅,台語,583,,,61,
明日要出嫁,方瑞娥,台語,,496,,6,
明明愛你,林凡,國語,,9,,2,
明明愛情,,國語,,,,93,
明明是我愛你,林美,台語,551,76552,,92; 92; 92; 7,
明明晋日も,小錬椒,台語,,766,,6,
明明知影,王中平,台語,68,556,,; ; ; 6,
明明知道相思苦,黃安,國語,40,,,,
明明這甲意,林葳陳,台語,,499,,8,
明明這甲意,陳冠霖,台語,,939,,8,
明月上高樓,姚蘇蓉,國語,,549,,3,
明月上高樓,潘秀瓊,國語,,399,,3,
明月始日有,蔡琴,國語,,470,,3,
明月寄相思,許燕,國語,577,,,61,
明月幾時有,崔萍,國語,,763,,3,
明月幾時有,蔡琴,國語,5962,,,41,
明月心,黃明月,台語,584,96588,,5; 61; 61; 61,
明月照西樓,,華語,99,,,,
明白,丁噹,國語,5,,,85,
明白,郭靜,國語,5,56857,,91; 91; 91; 2,
明白你的心,龍飄飄,台語,,897,,6,
明瞭,黃鶯鶯,國語,,3,,2,
明知,李明洋,台語,,443,,5,
明知佇不會來,任妙∕,國語,,6,,1,
明知你不會來,任妙音,華語,576,,,66,
易碎的疲璃,宇桐非,國語,,68459,,3,
昔,錢幽蘭,國語,,391,,2,
昔別基隆港,葉敕田,台語,,0,,6,
昔別火車站,七邱芸子,台語,,4,,6,
昔別的情話,郭健一邱芸子,台語,,485,,6,
昔別的月台,蔡秋鳳,台語,,8,,6,
昔別的機場,,台語,,8,,6,
昔別的海岸,江蕙,台語,,6,,6,
昔別西海岸,七郎,台語,,4,,6,
昔日夢,沈芳如,台語,,7,,8,
昜島白梅,江蕙,台語,,2,,6,
昜心不走詹,雅雯,台語,,7,,6,
昜心再會蔡,秋鳳,台語,,3,,6,
昜心太平洋,任賢齊,國語,,3,,3,
昜心彳,潘玉夏,台語,,541,,5,
昜心手指王孫,識賢系淑媚,台語,,571,,6,
昜心的日子段,千尋,國語,,496,,3,
昜心的聊歩劉,霏玲,國語,,456,,3,
昜心車站孫,淑媚,台語,,397,,6,
昜心車站陳,冠霖,台語,,8,,6,
"星先月貝,",陳建誠簡,台語,,4,,6,
星光,,華語,82,,,49,
星光燦爛,何華,國語,4,,,68,
星光遊樂園,Twins,國語,572,,,,
星圥,SE,國語,,5,,2,
星塵,,華語,68,,,,
星夜的快車,郭大誠,台語,,074,,6,
星夜的離別,蔡琴,國語,,3,,3,
星夜的離別,郭大铖,台語,,6,,6,
星夜的離別,郭金發,台語,,3,,8,
星座,王力宏,國語,585,9,,80; 80; 80; 2,
"星心,相愛",尤雅,國語,,8,,2,
星星之戀,高登,國語,,463,,2,
星星是窮人的鑽石,上華合唱,國語,,387,,3,
星星月亮島,,華語,62,,,,
星星知我心,張琍敏,國語,,5,,3,
星星知我心,蔡幸娟,國語,,386,,3,
星星築夢,王又萱,國語,7,,,69,
星星點燈,鄭智化,國語,,1,,2,
星晴,周杰倫,國語,5,,,,
星月神話,金莎,國語,,467,,2,
星月童話,白娜,國語,,76742,,2,
星有情月有愛,七郎/喬幼,台語,56569,,,65,
星有情月有愛,七郎喬,台語,,578,,7,
星期六,羅百吉,國語,5,766,,2; 60; 60; 60,
星火,F.I.R.LLdia,國語,,46473,,1,
星火,LYdia,國語,,59691,,1,
星火,余荃斌&Live.Me,國語,,664,,1,
星球,林俊傑,國語,,860,,2,
星秀傳亻說,鄭秀文,台語,,573,,6,
星空下,周傳雄,國語,46,,,,
星空下，百花開,,華語,69,,,,
星空戀曲,鄧福如,國語,,4,,2,
星語心願,張拍芝,國語,,5,,9,
星語心願,張柏芝,國語,5,,,41,
星願,甲子慧,台語,565,463,,5; 61; 61; 61,
映望,黃秀美,台語,3,,,68,
映望出頭天,,台語,45,,,,
春,,客語,4,,,51,
春一茜夜曲,洪一年,台語,,4,,6,
春來人不來,姚蘇蓉,國語,,866,,1,
春到人間百花香,,客語,381,,,51,
春匕,庚澄慶,國語,,5,,2,
春去幾時回,于三珊,國語,,4665,,1,
春去幾時回,于珊珊,國語,,,,1,
春去秋又來,張素綾,台語,,8,,8,
春和景明,,華語,6690,,,,
春夢了無痕,蔡淑娟,國語,,6,,1,
春夢了無痕,鳳飛飛,國語,,467,,9,
春夢情已斷,葉啟田,台語,554,,,94,
春天,,華語,61,,,,
春天,謝雷,國語,,568,,2,
春天到咧,,客語,2,,,51,
春天心花開,唐飛,台語,56553,,,66,
春天心花開,田人邱,台語,,784,,8,
春天心花開,田大邱 吉力巴,台語,977,,,63,
春天心芼開,唐飛,台語,,494,,6,
春天百花開,葉啟田,台語,,073,,6,
"春天的化,一",邱芸子,台語,,383,,6,
春天的城市(高雄之歌),洪文斌,台語,555,,,,
春天的太陽,陳建誠簡美雀,台語,,471,,6,
春天的太陽,陳建铖簡美雀,台語,,983,,8,
春天的花蕊,邱芸子 吉力巴,台語,85,,,64,
春已去,勃露斯,台語,06,,,69,
春庭雪,,華語,62,,,,
春晝挽月歌,,華語,69,,,,
春樹暮雲,王識賢,台語,8454,4,,70; 70; 70; 6,
春歸路,于櫻櫻,國語,574,,,89,
春泥,庾澄慶,國語,45,,,,
春滿不夜城,,台語,,4,,6,
春秋閣月夜,張峰子,台語,957,,,63,
春花望露,楊子芸,台語,56897,466,,65; 65; 65; 8; 8,
春花望露水,張秀卿,台語,,58864,,8,
春花秋月,,台語,,,,,
春花秋月,方瑞娥,台語,,43946,,8,
春花秋葉,陳茂豐,台語,56900,886,,65; 65; 65; 8; 8,
春花露水,吳淑敏,台語,551,,,98,
春雨驚春清穀天,,客語,382,,,51,
春風,洪榮宏,台語,,790,,8,
春風,葉素美 特魯多,台語,6,,,63,
春風,詹曼鈴,台語,,9,,5,
春風,詹曼鈴 慢迪斯可,台語,561,,,61,
春風伴花蕊 特魯多 方瑞娥,,台語,,,,48,
春風吹蝴蝶飛 莊長明/莊智強 ◆,,客語,01,,,51,
春風和煦春風寒,,華語,62,,,38,
春風得意,侯貴美,台語,2,,,66,
春風戀歌,蘇世豪/方阡翊,台語,3,,,64,
昨天不小心喝醉的,時候,國語,,389,,3,
昨天今天明天,呉克群候湘婷,國語,,1,,9,
昨天你去叨阿,梅豔芳,國語,,390,,3,
昨天你在那兒過夜,鄺美雲,國語,,646,,3,
昨天我還年輕,康康,國語,5,,,47,
昨日的戀忙,伍寀玉,國語,,540,,3,
昨暝彼場替,,台語,,6,,6,
昨暝的夢,,台語,,,,00,
昨暝的月娘,黃妃,台語,563,,,63,
昨暝的月娘,黄妃,台語,,583,,6,
昨暝的雨,鄭佩伶,台語,,959,,6,
昨暝相思雨,陳隨意,台語,,77549,,8,
昨暝醉過頭,七郎,台語,83,,,59,
"昭一下,",林志穎,國語,,6,,3,
昭君.怨,阿富,台語,,546,,5,
是不日這樣,蘇苗,國語,,2,,3,
是不是一聲再見,以後,國語,,0,,3,
是不是忘了我,鄧妙華,國語,,3,,3,
是不是愛我,閃亮三姊蚌,國語,,467,,3,
是不是愛我,閃亮三姐妹,國語,5,,,68,
是不是愛過一回就,愼得,國語,,3,,3,
是不是我對你太好,徐仲薇,國語,5,,,67,
是不是把你想得太多,高明駿,國語,56,,,,
是不是老了,単時豐,國語,,594441,,1,
是亇,王識賢,台語,,2,,5,
是什麼讓我遇見這,口樣的,國語,,57795,,3,
是他不配,孫盛希,國語,,593,,9,
是你,,華語,61,,,,
是你,鳳娘,台語,558,,,92,
是你不再愛,,華語,6474,,,,
是你不知女人心 別再用謊言溫暖我 中板靈魂樂 樂妍 王強 的手,,台語,,,,52,
是你亻,黃偉霖,台語,,46974,,8,
是你凿不起我,詹雅雯,台語,,754,,8,
是你反背匕我,袁小迪,台語,,1,,6,
是你呀,沈芳如,台語,7,,,61,
是你嗎,,華語,6883,,,,
是你在說抱歉嗎,于台煙,國語,5895,,,,
是你對不起我,詹雅雯,台語,83,,,56,
是你放袂記,陳雪梅,台語,3,,,69,
是你決定我的傷心,張玉華/李聖傑,國語,587,,,99,
是你無別人,林淑姮,台語,395,,,69,
是你答應說要對,我好,國語,,5,,3,
是你違背我,劉育綾 特魯多,台語,55453,,,96,
是友情是愛情,許富凱&斤,台語,,43965,,8,
是否,,華語,6447,,,,
是否你曾經偷偷,的哭,國語,,6,,3,
是否你己經淡心,陳淑樺,國語,,8,,3,
是否愛過我,孫楠,國語,,46466,,1,
是否有愛才完整,沈芳如,國語,556,7,,66; 66; 66; 3,
是否直心如我,黄舒駿,國語,,3,,3,
是否直的愛我,張雨生,國語,,7,,3,
是否還記得,,華語,99,,,,
是喙也是錯,黄妃,台語,,553,,6,
是因為,林俊彥,台語,65,,,,
是因為太愛你,黄偉霖,台語,,98769,,8,
是夢亦是真,方怡萍,台語,6562,,,,
是你乎我的愛,白冰冰,台語,,46751,,8,
是你乎我的愛,白冰冰蔡萬,台語,,982,,8,
是你才有,七郎,台語,,5,,6,
是你是你是你,王傑,國語,,643,,3,
是你決定我的傷心,林隆玻ネ艹,國語,,4,,3,
是你虧欠我,張蓉蓉,台語,,56773,,6,
是你變了嗎,無印良,國語,,938,,3,
是你辜負我,龍千玉,台語,,6,,6,
是你呀,沈芳如,台語,,766,,8,
是你在説抱歉喝,于台煙,國語,,5,,3,
是你帶走我的夢,夏文靜,國語,,664,,3,
是你決定我的傷心,林隆玻,國語,,574,,3,
是你無情,劉玉嬌,台語,,547,,6,
是心碎也是酒醉,+郎,台語,,599,,7,
是心碎也是酒醉,七郎,台語,61,,,,
是悲是喜,張學友,國語,586,,,58,
是愛也是恨,羅茂賢,台語,558,,,00,
是愛亦是恨,江志豐,台語,56856,8,,64; 64; 64; 8; 8,
是愛人還是朋友,張清芳/曹俊鴻,國語,591,,,67,
是愛在敲門喝,度宗華予穎&,國語,,9,,3,
是愛是恨,馬沙,台語,55597,,,61,
是愛是恨攏是你,張瀛仁,台語,,4,,7,
是愛是艮攏是你,李嘉,台語,,5,,7,
是愛還是傷害,岐濮良,國語,,381,,3,
是我不夠好,李毓芬,國語,,597,,9,
是我不好,,華語,6475,,,,
是我不對,王瑞霞,台語,,555,,6,
是我不對,鄭凡,國語,,68445,,2,
是我啦,楊靜,台語,,6,,5,
是我在做多惨種,胡揚林,國語,,57858,,3,
是我太軟心,王瑞霞,台語,,6,,6,
是我愁啝,詹雅雯,台語,,6,,6,
是我甲妳寵,莊振凱,台語,,994,,6,
是我的,蔡義德,台語,,0,,5,
是我的無奈,芭比,國語,,1,,3,
是我的錯,,華語,6547,,,,
是按怎,張清芳,台語,,6,,5,
是按怎,陳百潭,台語,7879,745,,43; 43; 43; 5,
是是非非,邵萱,國語,,8,,2,
是最無清的人周,蓬霖,台語,,444,,7,
是朋友不是情侶,勃露斯,台語,555,,,,
是朋友不是情侶亻,傅振輝&,台語,,56638,,7,
是汝不甘爆,王壹珊,台語,,4,,6,
是涙還是雨,甄妮,國語,,766,,3,
是直的,詹雅雯,台語,,4,,5,
是緣也是錯,上明,台語,6480,,,,
是要怎樣好,張詠湄,台語,3,,,66,
是要靠誰人,張秀卿,台語,,2,,6,
是誰偷了誰的心,,台語,86,,,48,
是誰喚走了你,楊小萍,國語,,7,,3,
是誰在改變,庾澄慶,國語,,1,,9,
是誰搶走了我的,愛人,國語,,383,,3,
是誰搶走我的愛人,江蕾,國語,,664,,3,
是酒也是涙,,台語,,4,,6,
是阮,楊哲,台語,,472,,5,
是雨不是涙,藍雨,國語,,497,,3,
是雨亦是涙,陳思安,台語,,45439,,6,
是雨還是你,蔡幸娟,國語,,3,,3,
是非題,范瑋琪,國語,5,,,89,
是風是月是你,,華語,6639,,,,
显相的甜蜜,芭比,國語,,470,,3,
時也命也運也,葉敕田,台語,,764,,7,
時事變遷的社,陳建安,台語,,491,,7,
時代佳人,龍千玉,台語,,494,,8,
時代男兒,洪一峰,台語,,447,,6,
時代的女人,向蕙玲,台語,,59561,,8,
時光倒流,林志炫,國語,,8,,2,
時光列車,藍雨,國語,,49787,,2,
時光匆匆,詹曼鈴,國語,573,,,63,
時光戀人,,客語,61,,,,
時光戀人,夏之,國語,,4645,,1,
時光機,周杰倫,國語,,56483,,2,
時光機器,夏如芝,國語,,3,,2,
時光洪流,,國語,6383,,,38,
時光與夢 抒情搖滾 利用人如欲使用本產品於「公開場所」使用，請逕洽集管團體或,,華語,67,,,,
時尚工業,,國語,,759,,2,
時機,黒色餅,國語,,4,,2,
時空寄情,黃鶯鶯,國語,,3,,2,
時空旅人,機動現,國語,,990,,2,
時空物語,,華語,65,,,,
時空的交界處,陳艾湄,國語,,974,,3,
時速500里,的過 梭 梭 ◆ 藍詠思/葉上輝 ◆,台語,46,,,,
時間,大麥,國語,,,,61,
時間仍然繼續在走,萬芳,國語,3993,,,,
時間啊 你慢些離開吧,,華語,67,,,38,
時間快轉,戴佩妮,國語,574,,,42,
時間有淚,張學友,國語,,4663,,1,
時間煮雨,郁可唯,國語,,4,,2,
時間的手鍊,王中平,台語,6839,,,,
時間的距離,林子娟,國語,5,7,,3; 67; 67; 67,
時間硬化,夏天Alex,國語,,49565,,2,
晃點,豬段桃,國語,64,,,,
晚了嗎，我們,,華語,68,,,,
晚依然還是世界的晚 中板靈魂樂 魚閃閃 BLING,,華語,67,,,38,
晚婚,江蕙,國語,39,974,,; ; ; 2,
晚安,,華語,68,,,,
晚安吾愛,張學友,國語,542,8,,2; 61; 61; 61,
晚春,陳盈潔,台語,,9,,5,
晚睡,,華語,63,,,,
晚雲,歐陽菲,國語,,6,,1,
晚霞,蔡幸娟,國語,,8,,2,
晚頓,,台語,,,,42,
晚風,伍佰,國語,,938,,2,
晚風,劉家昌,國語,,796,,2,
晚風的顏色(說唱版),,華語,6691,,,,
晨到一昏,,國語,,3,,3,
晨鐘,歐陽菲,國語,,8770,,2,
晨霧,鳳飛飛,國語,,7,,2,
晨露,,台語,,,,,
晩霞滿漁船,劉文正,國語,,5,,3,
晩頭的水蛙,金門王李炳輝,台語,,4,,6,
普通情歌,,台語,88,,,,
景德鎮的女人,江淑娜,國語,,5,,3,
晴天,周杰倫,國語,5,472,,; ; ; 2,
晴天,朱孝天,國語,,1,,2,
晴天娃娃,黑澀會美眉,國語,5,,,89,
晴天霹靂,蕭承祥,台語,,653,,6,
晴空萬里,,台語,,4,,6,
智慧,高佳群,台語,,862,,8,
智者不入愛河 Hip-Hop coco這個李文 ★,,華語,62,,,,
智者不入愛河(DJ沈念版),,華語,64,,,38,
暈眩,林志炫,國語,,4,,2,
暈船余,夭龍,台語,,44467,,5,
暖心,郁可唯,國語,,573,,2,
暖暖,梁靜茹,國語,,563,,2,
暖暖愛,江惠儀,台語,,439,,5,
暖暖的依靠,莊心妍,華語,576,,,65,
暖花開,謝金燕,台語,,6,,6,
暖風,小剛,國語,,8,,2,
暗傷,郎軍,國語,,850,,9,
暗光鳥,江蕙,台語,,57955,,5,
暗哺夜愛飲醉,,客語,2,,,51,
暗戀,,華語,6495,,,,
暗戀,羅百吉,國語,5,,,69,
暗戀,黄曉明,國語,,566,,2,
暗戀伊,莊淑君,台語,,492,,5,
暗戀你,劉佳軒,台語,83,,,60,
暗戀你謝,麗金,國語,,6,,2,
暗戀快樂,,華語,61,,,,
暗戀的代價,草蜢,國語,,7,,3,
暗會,,台語,59,,,55,
暗歡喜,,客語,9,,,51,
暗淡夜街巷,林春福,台語,,574,,6,
暗爽在心內,七郎,台語,6478,,,,
暗相思,江蕙,台語,,2,,5,
暗示分離,,華語,63,,,53,
暗號,周杰倫,國語,506,,,,
暗香,沙寶亮,國語,,461,,2,
暝暝雨水滴,賴國永,台語,,8,,7,
暝那會這呢短,陳信凱/黃暄雅,台語,568,,,00,
暢一首歌,鄭元暢,國語,,688,,3,
暢到袂記得老 搖滾 ◆ 龍哥,,台語,92,,,41,
暢飮帝國,玄県團,國語,,496,,3,
暦邊頭尾,陳一郎,台語,,960,,6,
暫停鍵,,華語,60,,,,
暫時再會啝,洪榮宏,台語,,7,,7,
暫時的愛,陳隨意,台語,,495,,6,
暫時的男朋友,嚴爵,國語,,577,,3,
暫時離開,陳盈潔,台語,556,,,96,
暮光,范瑋琪,國語,,57469,,2,
暮情,黃思婷,國語,,4,,2,
暴雨紀念日,胡靈,華語,572,,,61,
暴風雨,TorO,國語,,8,,2,
暴風雨,陳奕迅,國語,,6,,2,
暴風雪,李佳薇,國語,,58997,,9,
曇花,李素專,台語,567,,,61,
曇花,秀蘭瑪雅,台語,554,,,61,
曇花之戀,,台語,51,,,38,
曇芼一現,甄妮,國語,,879,,3,
曇華一夢,蔡佳瑩,台語,,48944,,6,
曑、習,川島茉樹代,國語,,2,,2,
曖昧,侯湘婷,國語,3985,2,,; ; ; 2,
曖昧,羅時豊,台語,,2,,5,
曖昧,薛之謙,國語,,464,,1,
曖昧,黃鶯鶯,國語,551,,,45,
曖昧林檎,李千那,台語,,59773,,8,
曖昧關係,芭比,國語,,695,,3,
曙光,李翊君,國語,,469,,2,
曙光,梁詠琪,國語,,1,,2,
曰亻勺士局,鄭君威芾育君,台語,,596,,6,
曰亻勺裁判,羅時豐,台語,,853,,6,
曰亻甫、一回,唐銘良,台語,,6,,6,
曰亻的勇氣,荒山亮,台語,,969,,6,
曰亻的溫柔、,施文彬,台語,,576,,6,
曰亻的舞伴,孫淑媚,台語,,856,,6,
曰亻的雨聲,王識賢,台語,,2,,6,
曰今天最可愛,陳淑樺,國語,,800,,3,
曰叚寞巴!我相,何家勁,國語,,9,,3,
曰後一首歌,童安格,國語,,6,,3,
曰後的山盟,方瑞娥,台語,,557,,6,
曰後的溫柔,原始林,國語,,8,,3,
曰後的選擇,李茂山,國語,,9,,3,
曰想念的秊節,,國語,,9,,3,
曰近乚較煩,李宗盛0,國語,,3,,3,
曰這歌,郭富城,國語,,563,,2,
曲終人亦散,,華語,61,,,,
曲終人未散,,華語,62,,,,
曲終何必人散,石衛,華語,576,,,61,
曲終終人人,張宇,國語,,483,,2,
曲終終人人散,鄭凡,國語,,459,,2,
更上一層樓,林智惠,國語,,542,,3,
更好,斯琴高,國語,,457,,2,
更好的人,,台語,55,,,,
更寬的肩膀,,國語,,4,,3,
更深的布魯斯,賴政宏,台語,,542,,7,
更罙仅月,李芊慧,台語,,658,,8,
更美麗,燕子,國語,1,,,66,
曷不完的荟,齦霞,國語,,891,,3,
書我的愛忙,陳淑萍,台語,,7,,6,
曼卞灣梭羅,紀露霞,台語,,472,,6,
曼波忙歌,謝金燕,台語,,9,,6,
曼陀羅,龍千玉,台語,,468,,8,
曽、亠夂廴,張信哲,國語,,382,,2,
曽經愛你永亠土,你小伍思凱,國語,,381,,3,
曽經的愛,李琳,國語,,49878,,2,
曽輕是我最愛,人陳偉,國語,,0,,3,
曾,,華語,68,,,,
曾幾過往,,華語,6498,,,,
曾愛過的誰,,華語,6850,,,,
曾經,曾心梅,台語,564,,,61,
曾經,詩雨,國語,5,,,00,
曾經愛過的你,沈志仲,華語,575,,,61,
曾經我的女人,石衛,華語,579,,,61,
曾經雍有,謝謝,台語,,7,,8,
替,張宇,國語,,384,,2,
替女友小A給你的,刂書,國語,,584,,3,
替我南下,,華語,6878,,,,
替裡都是你,費翔,國語,,3,,3,
替身的情人,向蕙玲,台語,,961,,6,
替醒不了情,揚小萍,國語,,653,,3,
最亻勺扌戈,向蕙玲,台語,,5,,6,
最亻勺扌戈,黃乙玲,台語,,4,,6,
最亻的出帆,,台語,,851,,6,
最亻的出帆,尤君,台語,,050,,6,
最亻的情人,朱海君,台語,,457,,6,
最亻的情批,秀蘭瑪,台語,,457,,6,
最亻的愛人,陳雷,台語,,5,,6,
最亻的目屎,櫻花姊,台語,,2,,6,
最亻的相逢,詹雅雯,台語,,486,,6,
最亻的約定,吳漢書,台語,,499,,6,
最亻的酒杯,沈文程盈潔,台語,,852,,6,
最佳,,華語,65,,,39,
最佳配角,,華語,62,,,,
最佳默契,,華語,60,,,,
最初,張信哲,國語,,572,,2,
最初的夢想,范瑋琪,國語,3947,,,,
最初的心動,,華語,,,,,
最初的記憶,徐佳瑩,國語,,595,,1,
最口,谷雲龍,國語,,683,,2,
最可愛女孩 梭 ★ 糯米 Nomi,,華語,69,,,,
最后的約定,吳漢書,台語,,962,,6,
最壞的寶貝,王靜瑩,國語,,6,,3,
最大的福氣,陳建誠,台語,,46382,,8,
最大的福氣,陳建誠/丁香,台語,1,,,63,
最好不相見,李漠,國語,,597,,9,
最好的愛,王力宏,國語,591,,,91,
最好的時代,,華語,,,,99,
最好的時刻,謝安琪,台語,,57864,,6,
最好的相遇,陶鈺玉,華語,,,,60,
最孤獨的人,,台語,44,,,97,
最寒心的不是雪和冰 Hip-Hop 王佳音,,華語,6671,,,,
最幸福的人,曾春年,華語,570,,,61,
最幸福的人,林雪美,台語,6,,,64,
最幸福的遇見,,國語,,,,,
最後一個口口,藍雨,國語,,495,,3,
最後一個情人孑,系露,國語,,3,,3,
最後一個擁抱,,華語,66,,,39,
最後一吹,薛曉楓,國語,,454,,2,
最後一塊粿,飄香香,台語,,473,,6,
最後一夜,鳳琴/蕭承祥,台語,6,,,66,
最後一封信,郭金發,台語,,9,,6,
最後一小時,俞隆華,台語,,785,,6,
最後一張批,陳淑萍,台語,558,947,,76; 76; 76; 6,
最後一擺想妳,王莱,台語,,44574,,7,
最後一次分手,趙薇,國語,,5,,3,
最後一次攜手,陳淑樺,國語,,881,,3,
最後一次的溫杀,藍雨,國語,,497,,3,
最後一滴淚,易欣,國語,,49879,,3,
最後一滴眼淚,楊克強,國語,546,3,,81; 81; 81; 3,
最後一班夜快車,葉啟田 慢迪斯可,台語,88,,,48,
最後一站,,台語,,7,,6,
最後列車,詹雅雯,台語,,450,,6,
最後尾班車,許富凱,台語,,57982,,6,
最後我們,林嘉欣,國語,,9,,2,
最後我們沒在一,自小台,國語,,59467,,1,
最後才來後悔,黄晉徳,台語,,3,,8,
最後才知影,沈定豪,台語,,46879,,8,
最後才知影,沈建豪,台語,,,,61,
最後探戈,堂娜,國語,,0,,2,
最後最愛的人,曹雅雯,台語,,57838,,7,
最後的人,,華語,64,,,,
最後的勇氣,荒山亮,台語,55955,,,61,
最後的吻,沈芳如,台語,564,9,,61; 61; 6; 61,
最後的夜,楊欣樺李明洋,台語,,1,,8,
最後的夜 華爾滋 ◆ 沈建豪 ◆ 盧麒宇,,華語,,,,,
最後的情批,秀蘭瑪雅,台語,554,,,61,
最後的情歌,王鍵,華語,573,,,61,
最後的戰役,周杰倫,國語,500,,,39,
最後的捷運站,黃乙玲,台語,55576,,,61,
最後的探戈,何華,台語,3,,,68,
最後的火車站,方瑞娥,台語,,2,,7,
最後的約定,吳漢書,台語,6783,,,,
最後的舞伴,龍千玉,台語,,8,,8,
最後的雨聲,王識賢,台語,8587,,,75,
最後的青紅燈,董育君,台語,,779,,8,
最後的風度,羅志祥,國語,,56555,,3,
最後還是會,熊天平,國語,,1,,3,
最快樂那一年,梁靜茹,國語,543,,,61,
最快的速度,羅百吉,國語,5,,,67,
最怕你跟別人睡,劉德華,國語,64,,,,
最怕你跟別人睡,劉徳華,國語,,3,,3,
最怕看到你哭泣,黃大煒,國語,,954,,3,
最想念的季節,品冠,國語,51,,,,
最想念的愛,,台語,74,,,40,
最想環遊的世界,梁靜茹,國語,,,,,
最愛,周蕙,國語,543,,,79,
最愛,張秀庭,台語,,49397,,5,
最愛,林盈焜単玉女,台語,,548,,5,
最愛,甲子慧,台語,56488,4,,5; 61; 61; 61,
最愛,謝莉婷林文律,台語,,3,,5,
最愛你,,台語,,,,,
最愛你的人,許富凱,台語,556,,,50; 50; 50; 52,
最愛就是你,蕭玉芬,台語,,497,,6,
最愛你的人,許富凱,台語,,987,,8,
最愛是你,游家順/劉惠芬,台語,55688,,,61,
最愛是你,游家順劉芬,台語,,987,,8,
最愛是你,K&ONE,國語,,8,,2,
最愛月亮照沙灘,田路路,國語,,772,,3,
最愛永遠是你,詹曼鈴,台語,60,,,,
最愛的人,林俊吉,台語,,093,,6,
最愛的人,王大文季千娜,台語,,598,,8,
最愛的人,王建傑&江,台語,,2,,6,
最愛的人,禮海辰,國語,,683,,2,
最愛的人,秀蘭瑪,台語,,856,,6,
最愛的人,翁立友,台語,,9,,6,
最愛的人不是日你小,鄭中基,國語,,4,,3,
最愛的人旨我,張雨生冰乖,國語,,5,,3,
最愛的人最是,害韓晶,國語,,5,,3,
最愛的人最陌生,,台語,46,,,97,
最愛的伴侶,廖淑君,台語,,8,,8,
最愛的你,冷漠,國語,,7,,9,
最愛的你,吳蕙君,台語,,46847,,8,
最愛的妳,陳隨意,台語,,468,,8,
最愛的媽媽,,華語,50,,,94,
最愛的你,陳隨意,台語,,974,,8,
最愛的情歌,李婭莎,台語,,575,,6,
最愛笑的人,譚詠麟,國語,,5,,3,
最愛聽你唱歌,黃文星,台語,,8,,7,
最愛聽你唱歌,黄文星,台語,,7,,8,
最愛這一天,那英,國語,,6,,3,
最愛還是你,唐禹哲,國語,,560,,3,
最懂得愛你,曾寶儀,國語,3885,,,,
最晚的風,,華語,65,,,,
最曰亻勺戀歌,李慶榮,台語,,549,,6,
最曰亻勺扌戈,葉啟田,台語,,9,,6,
最曰後火車站,黃乙玲,台語,,5,,6,
最曰負英雄,阿爍,台語,,448,,6,
最最好的朋友,,華語,68,,,,
最深的承諾,張學友,國語,,3,,3,
最炫民族風,,華語,83,,,,
最炫民族風,鳳凰傳,國語,,57748,,3,
最炫的青春,,台語,,,,,
最炫的青春,工会心,國語,,3,,1,
最熟悉的生侖,李明洋,台語,,444,,7,
最熟悉的陌生人,蕭亞軒,國語,,7,,3,
最爛的理由,梁靜茹,國語,59,,,,
最疼我的你,,華語,6672,,,,
最痛不是分開那一刻,,華語,61,,,,
最痛的愛,陳梨水,台語,742,95668,,; ; ; 6,
最癡清的人,蔡小虎,台語,,556,,6,
最真的夢,周華健,國語,,2,,2,
最真的心,夢然,Unknown,,46488,,1,
最真的愛,楊克強,國語,5,,,81,
最真的承諾,鴻偉/樂萱,華語,579,,,68,
最真的承諾,鴻樂,國語,,883,,9,
最笨的人是我,方泂鑌,Unknown,,59564,,1,
最終劇情,起,華語,6960,,,,
最終幻想,古巨基,國語,39,,,,
最終還是分手陳,黎明,國語,,49751,,3,
最美勺嫁妝,莊振凱向玲,台語,,5,,6,
最美好的時光,王中平,國語,5,,,61,
最美婚禮,白小白,國語,,9,,1,
最美婚禮,白小白,華語,,,,61,
最美的回憶,,國語,,855,,9,
最美的情歌,,台語,41,,,52,
最美的瞬間,,華語,6553,,,,
最美的紀念,勃露斯,華語,57390,,,72,
最美的遇見,発佳瑩,國語,,597,,1,
最美的風景,鄭國鋒,國語,,495,,3,
最美閨蜜,,台語,,,,00,
最美麗的溫柔,楊克強,國語,5,,,78,
最親夂的人,詹雅雯,台語,,573,,6,
最親愛的,梁文音,國語,,4,,2,
最親愛的你,范瑋琪,國語,,462,,3,
最近,李聖傑,國語,5,,,47,
最近刪除,,華語,64,,,,
最近好嗎,張韶涵,國語,,57772,,2,
最近情緒有點亂,,華語,65,,,,
最近我有沒有說過,我愛,國語,,3,,3,
最重要的小事,五月天,國語,568,,,47,
最重要的決定氵,巳瑋琪,國語,,573,,3,
最難亡的人,龍千玉,台語,,3,,6,
最難忘的人,王芷蕾,國語,,453,,3,
會不會,,華語,,,,96,
會呼吸的痛,梁靜茹,國語,,561,,3,
會哭的人不一定流,淚,國語,,9,,3,
會嗎,,華語,60,,,,
會好嘛無一定,阿吉仔,台語,,98687,,8,
會有人懂我的認真,,華語,6843,,,,
會痛的石頭,蕭敬騰,國語,,689,,3,
會痛的笑,,華語,,,,,
會記你在心中 中板靈魂樂 ◆ 米克斯樂團,,台語,,,,41,
會説話的唖巴,劉徳華,國語,,1,,3,
會過去的,梁靜茹,國語,,9,,3,
會飛的豬,,華語,,,,,
月/く,唐飛,台語,,494,,5,
"月日,AngelPubPubtf*",許志安,國語,,0,,3,
月上心頭,,華語,65,,,,
月下佳人,美黛,國語,,591,,2,
月下對口,,國語,,392,,2,
月下對口,王人川&孔藺董,國語,,972,,2,
月下少女心,尤君,台語,,559,,6,
月下待杜鵑不,,Unknown,,59681,,1,
月下忙歌,鄧麗君,國語,,985,,2,
月下情歌,美對,國語,,464,,2,
月下流浪浪兒兒,方瑞娥,台語,,0,,6,
月下的告白,,國語,,,,,
月下的流浪兒,名月赤铖山,台語,,447,,7,
月下祝福,甄妃,國語,,7,,2,
月下蜚口,張琪對,國語,,5,,2,
月下誓言,陳雷,台語,,3,,5,
月下戀情,,客語,1,,,51,
月中圓,張蓉蓉,台語,,565,,5,
月之海,王冰洋,國語,,68386,,2,
月亮之傷,,台語,,,,00,
月亮叫阮醒,張瀛仁,台語,,494,,6,
月亮可以代表我的,楊蕭,國語,,895,,9,
月亮對我說她累了,,華語,66,,,,
月亮弓,黄思婷,國語,,550,,2,
月亮愛情故事,陶鈺玉,華語,,,,60,
月亮照會著的所在,江宏恩/林子娟,台語,8,,,61,
月亮照會著的所在,江宏恩林”,Unknown,,767,,8,
月亮照著的所,江蕙,台語,,5,,7,
月亮的目睭,沈芳如,台語,,4,,8,
月亮航班,,華語,65,,,39,
月你帶走,葉璦菱,國語,,381,,3,
月侊思情,李少鈺,台語,,54467,,5,
月傷,冷顯達,國語,,49594,,2,
月先,劉依純,台語,,574,,5,
月先,梅鎧芳,國語,,394,,2,
月光,劉錫明,國語,,4,,2,
月光,孫淑媚,台語,56981,3,,69; 69; 69; 8; 8,
月光,月傑倫栉代,國語,,56460,,2,
月光,楊培安,國語,,958,,2,
月光,秀蘭瑪,國語,,4,,2,
月光,秀蘭瑪雅,台語,84,,,65,
月光,羽泉,國語,,994,,9,
月光不答（DJAh版）,,華語,6451,,,,
月光光,于櫻櫻,台語,62,,,,
月光光,周華健,國語,,395,,2,
月光光,江志豐,台語,,57638,,5,
月光光心慌慌,林智惠,國語,,540,,3,
月光啊,蔡佳瑩,台語,,467,,8,
月光圓,,台語,,,,48,
月光圓,陳雷,台語,,56657,,5,
月光思親曲,,客語,8,,,51,
月光暗暝,陳盈潔,台語,554,561,,86; 86; 86; 5,
月光暝,謝莉婷,台語,,888,,8,
月光曲,鳳飛飛,國語,,965,,2,
月光河,芝龍,國語,,4,,2,
月光河,豪記大,台語,,686,,5,
月光笑,,客語,,,,,
月光酒,吳俊宏,台語,,595,,8,
月光酒,夏國興,國語,,463,,2,
月光酒林,簫玉芬,台語,,5,,5,
月光雪,李翊君,國語,,770,,2,
月光露水,,台語,,,,51,
月兒圓,鳳飛飛,國語,,3,,9,
月兒彎彎,蕭蕭,國語,5,,,82,
月兒高,,華語,6760,,,,
月半彎糹,張學友,國語,,393,,2,
月卷星河,勃露斯,華語,,,,61,
月友,,國語,,3,,2,
月友,周華健,國語,,599,,2,
月友,方文琳,國語,,3,,2,
月友,杜奕衡,國語,,0,,2,
月友情,陳一郎,台語,,5,,5,
月友阿,袁小迪,台語,,44539,,5,
月台,江蕙,台語,,3,,5,
月啊月,徐紫淇,台語,3,,,63,
月回,高向鵬,台語,,574,,5,
月圓人也圓,何華,台語,,,,60,
月圓人也圓,陳小龍,台語,,441,,6,
月圓人團圓,上明,台語,6445,,,,
月圓人袂圓,王建傑,台語,562,,,61,
月圓圓情深深,蘇玉珍,台語,973,,,63,
月圓夢也圓,七郎,台語,,490,,6,
月圓彼一暝,,客語,,,,,
月圓思情,林俊彦陳盈潔,台語,,1,,5,
月圓情,,國語,,,,,
月圓情,蔡麗津王中平,台語,,46798,,8,
月圓情人夢,上明/林玉英,台語,567,,,62,
月圓情人夢,上林玉英,台語,,58456,,6,
月圓相思,,台語,51,,,,
月圥旺,陳盈潔,台語,,2,,5,
月圥每,王又萱,國語,,3,,9,
月夜,費玉清,國語,,554,,2,
月夜之戀,張蓉蓉呉俊宏,台語,,4,,5,
月夜伴相思,甲子慧,台語,56861,8,,64; 64; 64; 8; 8,
月夜嘆,,台語,,0,,5,
月夜思情,特魯多,台語,450,,,64,
月夜情,鳳飛飛,台語,,441,,5,
月夜情歌,,客語,2,,,51,
月夜情歌,陳甲子慧,台語,,0,,5,
月夜情歌,陳雷/甲子慧 特魯多,台語,566,,,61,
月夜愁,文夏,台語,,971,,5,
月夜愁,江蕙,台語,,5,,5,
月夜暝,陳盈潔,台語,68,,,,
月夜深更,,台語,,,,95,
月夜琴聲,林英美,台語,,3,,5,
月夜相思曲,陳小雲,台語,,3,,6,
月娘。阿!聽我嚇,熊天益江蕙,台語,,2,,7,
月娘ロ阿,丁千洲,台語,,442,,5,
月娘伴天星,蔡淳云 特魯多,台語,5,,,66,
月娘光,石喬,台語,,7,,5,
月娘光光,洪玲,台語,,48545,,5,
月娘半…屏圓,豪記大,台語,,48874,,6,
月娘呦,,台語,92,,,,
月娘啊,謝金燕,台語,,594,,5,
月娘啊!你敢知影,鄧世維,台語,451,,,64,
月娘啊!聽我講,江蕙/熊天益,台語,7600,,,43,
月娘在天臭,沈文程,台語,,4,,6,
月娘在故鄉,葉啟田,台語,,76446,,6,
月娘媽媽的心,湯梅真,台語,,98743,,8,
月娘島有我在等你,林晏如,台語,,2,,7,
月娘彼呢水,廖婉妤,台語,,8,,8,
月娘我問你,唐儷,台語,,778,,8,
月娘我問你,阿吉仔,台語,6595,,,,
月娘我問你,阿吉仔,台語,,455,,6,
月娘替阮牽紅線,,華語,67,,,40,
月娘月圓時,林姍,台語,,4,,6,
月娘的心肝,謝金品,台語,,46765,,8,
月娘的心肝,謝金燕,台語,,1,,6,
月娘的情話,翁立友謝金品,台語,,59648,,8,
月娘的情話,謝金品翁立表,台語,,3,,8,
月娘的眼涙,向蕙玲,台語,,585,,6,
月娘的祝福,謝莉嬶,台語,,9,,6,
月娘的背影,向蕙玲,台語,,447,,6,
月娘知我心,文夏,台語,,5,,6,
月娘若知,蘇錦煌,台語,,46977,,8,
月娘荼,鄭進一,台語,,2,,5,
月娘請你想看,蔡小虎,台語,,562,,7,
月娘酒,良倖,台語,,3,,8,
月娘金金看,唐儷,台語,,43886,,8,
月娘阿!珎甘知,鄧世錐,台語,,95651,,7,
月娘阿月娘,鳳娘,台語,,98768,,8,
月弓焉,謝金燕,台語,,2,,5,
月彎彎,謝金燕,台語,558,,,61,
月影,久登,台語,5,,,60,
月心方,陳蘭麗,國語,,9,,2,
月心等,鄧麗君,國語,,944,,2,
月日就像一把刀獅,吼凱,國語,,590,,3,
月日晴加桑,田佳,國語,,940,,3,
月明就,周杰倫,國語,,952,,2,
月是故鄉明,林戈,台語,,675,,6,
月暦頂頭的記,于台煙,台語,,575,,7,
月曆頂頭的記號,于台煙,台語,560,,,61,
月月光光相相思思忙忙,余夭龍謝莉婦,台語,,443,,6,
月月光光透透鏆暝暝,余夭,台語,,4,,6,
月月千里。相思孔,蘭薫,國語,,3,,3,
月月台台癡癡忙情人人,江蕙,台語,,2,,6,
月月桃桃花,,國語,,3,,2,
月月色色照照深深更更,上明,台語,,695,,6,
月朦朧鳥朦朧,鳳飛飛,國語,,3,,3,
月桃花,姚蘇蓉,國語,,958,,2,
月滿西樓,劉家昌,國語,,76645,,2,
月滿誓言,,台語,95,,,55,
月牙泉,游艾迪,國語,500,,,,
月牙灣,F.I.R,國語,,565,,2,
月珡,鄭怡,國語,,3,,2,
月球引動潮汐,,華語,69,,,,
月甲夜,良一/方阡翊,台語,56657,,,67,
月甲夜,良方阡翊,台語,,0,,5,
月知道,李翊君,國語,,462,,2,
月知道,許美靜,國語,,3,,2,
月老,蔡亞玲,台語,8500,,,72,
月老,蔡雅鈴,台語,,769,,5,
月老偏心 梭 祥嘞嘞,,華語,68,,,,
月老掉線,,華語,64,,,,
月色照深更,上明,台語,6443,,,,
月落,江蕙,台語,,56647,,5,
月落心河,,華語,6842,,,38,
月落烏啼 抒情搖滾 承桓 ★,,華語,6993,,,,
月黑風高夜,,華語,6673,,,,
有一有,韋禮安,國語,,9,,2,
有一種心跳跟微矢,花世紀,國語,,844,,3,
有一種悲傷,A-Li,國語,,597,,1,
有一種愛,辦桌阿,台語,,56451,,6,
有一種愛叫做滿足,冷漠,國語,,7,,3,
有一顆星星叫故鄉,,華語,6542,,,,
有些事現在不做一,輩子,國語,,3,,3,
有些人注定錯過,,台語,61,,,,
有些人註定錯,,Unknown,,8,,1,
有人告訴我,崔苔菁,國語,560,,,52,
有人對我說,姚蘇蓉,國語,,4,,9,
有什麼比你閣卡重要,曹雅雯,台語,,46696,,8,
有份愛情放不下,,華語,,,,54,
有你 有我,,華語,,,,,
有你人生才美麗,陳雷,台語,567,,,61,
有你作伙,林子娟,台語,564,071,,61; 61; 6; 61,
有你作伴,,台語,89,,,,
有你作伴,,華語,,,,,
有你作伴,李素專,台語,,46988,,8,
有你來作伴,林慶源淑慎,台語,,98944,,8,
有你卡好,洪百慧/王江發 特魯多,台語,7396,,,80,
有你卡好,洪百慧王江,台語,,4,,6,
有你卡好,王江發洪百慧,台語,,6,,8,
有你尚好,,台語,00,,,40,
有你尚水,李明洋,台語,,46575,,8,
有你尚水,李明洋/一綾,台語,56963,,,60,
有你就、有我,鄒兆邦,台語,,049,,6,
有你就有我,一綾/大衛,台語,56974,,,71,
有你就有我,方順吉魏嘉,台語,,590,,8,
有你就足夠,王中平/余皓然,國語,5,,,61,
有你就足夠,祁隆,國語,,668,,3,
有你才完美,李建衡/王冠,華語,575,,,61,
有你有我,王建傑,台語,,0,,6,
有你有我,蔡一州&,台語,,764,,6,
有你有我,蔡一州/林美莉,台語,83,,,59,
有你的夜 親愛的你可知我有 梭 周林楓 程響 多麼思念你,,華語,61,,,,
有你真好,陳雷,台語,8553,657,,74; 74; 74; 6,
有你袂孤單,小辣椒,台語,,768,,6,
有你陪伴一生幸畐,陳建誠簡美雀,台語,,98757,,8,
有信心的生命,陳一郎,台語,,476,,7,
有個人一直在等你,,華語,6456,,,,
有個傻瓜愛著她,,台語,,,,00,
有個傻瓜愛過你,唐古,國語,,9,,9,
有個性,洪玲,台語,,2,,5,
有個愛你的人不容,那英,國語,,8,,9,
有個我有個你,鄧麗君,國語,,3,,9,
有力的關懷,李茂山,台語,,3,,6,
有句話,吳秀珠,國語,,784,,2,
有可能,游美玉,台語,7,,,64,
有啥路用,謝莉婷,台語,,46597,,8,
有喙千里來相會,李晨,台語,,878,,8,
有喙熟悉無分相愛,詹曼玲,台語,,95467,,7,
有多少人值得去,劉艹亮,國語,,963,,9,
有多少人值得去愛,劉嘉亮,華語,575,,,67,
有多少愛可以重來,黃仲崑,國語,5,399,,3; 61; 61; 61,
有多愛你就有多根,你,國語,,685,,3,
有夠傷啦,陳隨意,台語,,445,,6,
有夠辣,王智君,台語,6666,,,00,
有夢一路陪,,台語,,475,,8,
有夢一路陪,談詩玲,台語,,989,,8,
有夢你會紅,吳宗憲,台語,6976,,,,
有夢尚美,蔡小虎,台語,,4,,6,
有夢就能實現,陳奕晴,國語,583,,,61,
有夢有朋友,伍思凱,國語,,7,,3,
有夢的人,任賢齊,國語,48,,,,
有太多人,,國語,,59381,,1,
有太多人,高進,華語,57570,,,65,
有太多的過去,陳豪,台語,,442,,7,
有好山歌冇好聲,,客語,4,,,51,
有妳尚價值,楊能協,台語,5,,,61,
有妳就好,陳雷,國語,5,,,61,
有妳有夢,蘇世豪,台語,,7,,6,
有妳有我,蔡英和,台語,,545,,6,
有孝兒,江銘,台語,6665,,,00,
有孝子,七郎,台語,55558,,,61,
有孝趁這寺,蘇錦煌,台語,,7,,6,
有孝趁這時,蘇錦煌,台語,568,,,63,
有你∕來加油,痞克四,國語,,843,,3,
有你塊身邊,,台語,,7,,6,
有你的戸在,董育君,台語,,7,,6,
有你的日子,莊振凱二,台語,,996,,6,
有你的日記,楊峻榮,國語,,3,,3,
有你來作伴,孫協志,台語,,961,,6,
有你做伏,FS(Fuyi吅Sa1,國語,,466,,9,
有你塊身邊,林玉英,台語,,5,,6,
有你就鉤了,李玟,國語,,1,,3,
有你的城市,文陽,台語,,2,,6,
有你的戚覺真正,陳小龍…,台語,,43846,,8,
有你置身邊,鄭進一,台語,,762,,6,
有你陪阮一,劉依純,台語,,583,,6,
有形的翅膀,張韶涵,國語,,960,,3,
有影美,陳雷,台語,,5,,5,
有心,林子娟,台語,56788,57596,,5; 63; 63; 63,
有心人痴情夢,方怡萍,台語,,44571,,7,
有心無尾巷,蔡佳麟,台語,,576,,6,
有志氣,Peter楊,台語,991,,,64,
有忙天地無忙人,大台風,Unknown,,897,,8,
有恁尚好,王淑如,台語,2,54787,,65; 65; 6; 65,
有悲傷也有淚水,法璦,國語,52,,,,
有情人,,台語,42,,,,
有情人,張蓉蓉,台語,,5,,5,
有情人,林柵,台語,,76880,,5,
有情人,秀蘭瑪,台語,,5,,5,
有情人,秀蘭瑪雅,台語,63,,,,
有情人攏甲意,張秀卿,台語,,960,,7,
有情人有情夢,蘇莉欣,台語,,494,,7,
有情人總被無情傷,歐陽菲,國語,,1,,3,
有情兄弟,良一/王萊,台語,56639,,,67,
有情天,翁立友,台語,,883,,8,
有情天地無情人,大台風樂團 搖滾,台語,5,,,72,
有情有義,江銘,台語,,8,,8,
有情有義的好兄弟 梭 ○ 代表【midi無人聲】 ★ 代表【原聲 或 原聲原影】 適用機型：S-(BD.IMSBP系列.N系列.N2系列.W系列),● 代表【midi+人聲伴唱】 利用人如欲使用本產品於「公開場所」使用，請逕洽集管團體或著 ◆ 代表【midi+原聲伴唱】 作財產權人取得「公播授權」後，始得合法使用 1 上述符號為【歌曲類型】依機型及功能而有所不同 發行日期 /,華語,71,,,,
有情無份,陳凱欣,台語,,4,,8,
有情的人愛著無喙,人林晏如,台語,,5,,7,
有情的城市,謝莉嬶,台語,,4,,6,
有情花無情水,怡君,台語,,988,,7,
有情花無情水,詹雅雯,台語,,5,,7,
有情若無情,陳百潭,台語,63,,,,
有情變無情,,華語,67,,,38,
有情郎,黎明,國語,4952,,,,
有情驚拆散.無情驚,磨王中平向玲,台語,,5,,7,
有意愛作你來,大衛/一綾,台語,56952,,,68,
有意愛作你來,大衛一,台語,,479,,8,
有愛不哭,畫天,國語,,682,,2,
有愛到就好,蕭亞軒,國語,,973,,3,
有愛就不怕,莊心妍,國語,,3,,1,
有愛就不怕,莊心妍,華語,57387,,,72,
有愛無膽,謝金燕,台語,,1,,6,
有愛若無愛,王瑞霞,台語,66,,,,
有我你免驚,,華語,99,,,,
有我就有你,,國語,,0,,3,
有我就有你,羅錦碧 特魯多,台語,5,,,60,
有我就有你,致伶,台語,,2,,6,
有我陪伴“你,,台語,,44494,,6,
有擔當的好男兒 華爾滋 邱四湖.張愛蔆 ◆,,華語,93,,,40,
有故事的人,周苹健,國語,,2,,3,
有時候,梁詠琪,國語,5,,,47,
有時候男人比女入,人更脆,國語,,955,,3,
有段往事在我心中,小畢,國語,,570,,3,
有沒有,薛之謙,國語,,463,,9,
有沒有一種幸福可,以讓,國語,,580,,3,
有沒有搞錯,宇桐非,國語,,681,,3,
有沒有搞錯,高登,國語,,469,,3,
有涙的女人,談詩玲,台語,,3,,8,
有淚盡情流,林憶蓮,國語,3978,,,,
有無伴,伍浩哲,台語,,3,,6,
有生之戀,,華語,68,,,,
有目屎的男性,七郎,台語,,948,,7,
有真情有活力,鳳飛飛,國語,,0,,3,
有種離開叫捨不,莊心妍,國語,,649,,1,
有笑容的目,,台語,,2,,7,
有緣作伙,莊振凱,台語,,46989,,8,
有緣來作伴,沈建豪/徐紫淇,台語,8,,,63,
有緣來做夥,侯貴美 特魯多,台語,9,,,,
有緣做兄弟,,華語,,,,51,
有緣就有福氣,高峰 森巴,台語,566,,,61,
有緣無份,,台語,,,,97,
有緣無份,余天龍,台語,,851,,8,
有緣無份,方怡萍,台語,,3,,6,
有緣無份,江蕙,台語,76,,,,
有緣無份,陳怡婷,台語,,59757,,8,
有緣無份的人,曾心梅,台語,6896,,,,
有緣熟悉無份相愛,詹曼鈴,台語,564,,,67,
有緣血份,丁鈴,台語,,764,,6,
有茜亠能匕實王',陳奕晴,國語,,49700,,3,
有茜你會紅,,台語,,2,,6,
有話你就講啦,陳亞蘭,台語,68,977,,; ; ; 7,
有話無塊言,,台語,,2,,6,
有過一段,游鴻明,國語,548,,,61,
有酒矸通賣無,葉啟田,台語,,7,,7,
有量就有福,許清和 特魯多,台語,5,,,61,
有錢後,,台語,,,,95,
有錢正行有路,,客語,8,,,51,
有錢為好漢,,客語,3,,,51,
有閒來人坐,黃妃,台語,,56572,,6,
有閒來坐,黃妃,台語,565,,,61,
有閒來撩,,客語,,,,,
有閒時節唱山歌,,客語,6,,,51,
有風,,華語,63,,,,
有骨氣的人,江蕙 特魯多,台語,7388,,,,
有骨氣年輕人,,客語,4,,,51,
有點甜,汪蘇瀧&BY2,國語,,57969,,2,
朋友,,台語,,,,95,
朋友,李明洋辰凱,台語,,0,,5,
朋友,林玉英,台語,,6,,5,
朋友,陳雷,台語,,56582,,5,
朋友,陳雷 吉力巴,台語,55852,,,63,
朋友,高向鵬啊辰,台語,,8,,5,
朋友!乎乾啦,何泳毅,台語,2,,,64,
朋友.同學.唱吧.跳吧 梭 利用人如欲使用本產品於「公開場所」使用，請逕洽集管團體或,,客語,60,,,56,
朋友乾杯,王識賢/揚哲,台語,554,,,97,
朋友啊,楊詠棋,台語,,,,61,
朋友啊朋友,劉嘉亮vs馬智,國語,,3,,9,
朋友娘娘,吳淑敏,台語,559,,,84,
朋友尚可貴,魏嘉榆礻君,台語,,467,,8,
朋友情,林清國,台語,68,,,,
朋友情,陳一郎,台語,67,,,,
朋友我挺你,羅文聰,台語,,7,,6,
朋友最珍亠,宋偉峰,國語,,876,,3,
朋友無塊買,葉敕田,台語,,5,,6,
朋友的酒,李曉杰,國語,,462,,9,
朋友若兄弟,,客語,,,,46,
朋友若兄弟,李晨,台語,,880,,8,
朋友要互相,兪隆華,台語,,9,,6,
朋友變情人再變朋友,品冠,國語,540,,,85,
朋友！天無絕人之路,七郎,台語,62,,,,
朋山潰貝,藍雨,國語,,49845,,2,
朋潰貝,于台煙,國語,,7,,2,
朋潰貝,鄭倫境,國語,,565,,2,
服輸,,華語,67,,,,
朗待,林志穎,國語,,385,,2,
望中情,洪榮宏,台語,,471,,8,
望伊了解,方琪,台語,,494,,6,
望伊來痛疼,李嘉,台語,,4,,6,
望你了解我的心,詹曼鈴,台語,60,,,,
望你來牽成,李小飛,台語,,43950,,8,
望你再回頭,方順吉,台語,55698,,,61,
望你堅心等待我,上明,台語,83,,,64,
望你早歸,江蕙,台語,,2,,6,
望你會了解,邱芸子 特魯多,台語,55395,,,61,
望你牽成,陳建誠,台語,567,45491,,62; 62; 6; 62,
望你甲阮疼,,台語,00,,,51,
望你甲阮疼,邱芸子 吉力巴,台語,554,,,87,
望你知,孫淑媚,台語,568,,,64,
望你等待,七郎,台語,,997,,6,
望你體會,吳麗鳳,台語,7,,,66,
望君在閣樓 抒情搖滾 ★ 黎林添嬌,,華語,69,,,,
望哥來,,客語,6,,,51,
望天再安排,王建傑,台語,563,1,,61; 61; 6; 61,
望天好牽成,蕭玉芬,台語,,496,,6,
望天有情,,台語,,,,,
望天有情,蔡麗津,台語,,46797,,8,
望天望地望自己,許燕,國語,576,,,61,
望天疼惜,林姍,台語,,4,,6,
望天草,張秀卿,台語,,6,,5,
望夫崖,高勝美,國語,95,,,,
望夫樓,傅振輝,台語,,468,,8,
望妳了解,潘嘉猶,台語,,,,61,
望妳知影,謝鴻基,台語,,541,,6,
望子成龍父母心 ○ 胡泉雄,,客語,389,,,51,
望你了解阮的心,詹曼鈴,台語,,4,,7,
望你來關心,,台語,,4,,6,
望你回頭天也崩,刁辣椒,台語,,490,,7,
望你甲阮疼,邱芸子,台語,,465,,6,
望你真心,林秀梅,台語,,961,,8,
望你知,孫淑媚,台語,,686,,5,
望川,林俊吉葉諾凡,台語,,944,,8,
望川,林俊吉葉諾帆,台語,,439,,8,
望你來關懷,江蕙,台語,,4,,6,
望你再回頭,方瑞娥,台語,,468,,6,
望你再回頭,方順吉,台語,,6,,6,
望你好好疼惜我,黄偉霖,台語,,43894,,8,
望你平安,洪榮宏,台語,,874,,8,
望你會了解,邱芸子,台語,,484,,6,
望你聽我勸,洪榮宏,台語,,7,,6,
望你逗牽成,唐飛,台語,,492,,6,
望你逗相工,陳明仁,台語,,654,,6,
望恁鬥牽成,余天龍,台語,,449,,6,
望情花,,台語,,,,41,
望情雨,翁立友,台語,,4,,5,
望惦你邊林,子娟,台語,,585,,7,
望愛,楊淑慎,台語,,954,,5,
望愛了對時,沈建豪詹曼鈐,台語,,968,,6,
望愛了對時,詹曼鈴/沈建豪,台語,55964,,,61,
望故鄉,蔡秋鳳,台語,83,,,53,
望早歸,尤雅,台語,,5,,6,
望星空,鐵源,國語,,984,,2,
望春,秀蘭瑪雅,台語,8591,,,73,
望春天,張蓉蓉,台語,,2,,5,
望春風 Funk 王怡文,,台語,,,,49,
望月,林為音,台語,,4,,8,
望月問天星,林良歡,台語,,3,,6,
望月問天星,袁小迪,台語,,59696,,8,
望月圓,,台語,77,,,,
望月圓,,華語,,,,99,
望月圓,方順吉,台語,,96561,,5,
望月圓,陳夏蓮,台語,,445,,5,
望月思鄉,,台語,,398,,6,
望月想你,蔡小虎,台語,,572,,6,
望月想愛人,洪榮宏,台語,,4,,6,
望月話相思,鄭君威王秀琪,台語,,465,,6,
望望你你作作亻一,高向鵬,台語,,8,,6,
望望你你疼疼惜惜,林郁庭,台語,,547,,6,
望無夢中那個人,,華語,,,,,
望眷天,王瑞霞,台語,,8,,5,
望眷天,鄭君臧董育焄,台語,,5,,5,
望眷風,李碧華,台語,,7,,5,
望眷風,陶喆,台語,,6,,5,
望秋風,詹曼鈴,台語,,469,,61; 61; 61; 8; 8,
望美夢,張蓉蓉,台語,,759,,5,
望著山望著海,余天,國語,,7,,3,
望著珎揮手,洪榮宏,國語,,1,,3,
望血中人,白冰冰,台語,,2,,6,
望這回,甲子慧,台語,56859,8,,64; 64; 64; 8; 8,
望鄉,羅時豐,台語,,573,,5,
望鄉思情,王識賢秀蘭瑪,台語,,488,,6,
望鄉思情,秀蘭瑪雅/王識賢,台語,556,,,70,
望鄉的列車,陳夏蓮,台語,,46967,,8,
望酒來作膽,羅時豐,台語,,4,,6,
望露的春花,朱海一,台語,,892,,8,
朝川調,劉福助&,台語,,94791,,5,
朝拜,姜鵬,國語,,681,,2,
朝暮裡,像太陽一樣陪著你,華語,67,,,,
朝朝暮暮情,蔡幸娟,國語,,9,,3,
期吩,大豪,國語,,986,,2,
期待,洪百慧,台語,,9,,5,
期待,王瑞霞,台語,,2,,5,
期待下雪還是期待你,,華語,66,,,,
期待你的愛,林俊傑,國語,,56751,,3,
期待你返來,方怡萍,台語,553,,,75,
期待再期待,成鳳,台語,,870,,6,
期待再相會,吳玉珍,台語,9,,,66,
期待再相逢,,客語,3,,,51,
期待再相逢,李惠蓁/游竣傑 特魯多,台語,8,,,66,
期待再相逢,洪榮宏曾小萍,台語,,869,,6,
期待再相逢,詹雅雯,台語,,389,,6,
期待再礻逢,林美惠,台語,,641,,6,
期待夢中相見,,台語,684,,,,
期待你的愛,素蘭,台語,,0,,6,
期待你返來,方怡萍,台語,,5,,6,
期待擱再相逢,,台語,,,,97,
期待早日回故,張小玲,台語,,871,,7,
期待春天,陳思安,台語,64,,,,
期待有緣,蔡小虎/張秀卿,台語,6649,,,,
期待有緣再相會,,台語,,,,00,
期待甲阮疼,甲子慧,台語,55873,6,,61; 61; 6; 61,
期待的晩暝,陳建誠,台語,,44597,,6,
期待的秋暝,王定傑,台語,,6,,6,
期待的秋暝,王建傑,台語,560,,,61,
期待的花欉,程安,台語,,796,,8,
期待變悲哀,袁小迪郐玉豎,台語,,764,,6,
期待雪的理由,,華語,65,,,39,
朦朦又想起,李惠樺,國語,,870,,3,
朦朧小路,陳盈潔,國語,,762,,3,
朦朧的燈光,龍飄飄,國語,,5,,3,
木,魏如昀,國語,,590,,9,
木乃伊,林俊傑,國語,,8,,2,
木內,舌巨基,國語,,3,,2,
木利亻匕,,國語,,2,,2,
木木愛小許,志豪,台語,,44485,,6,
木木的愛,余天,台語,,7,,6,
木木的愛,林姍,台語,,975,,8,
木木誤會謝,莉婷,台語,,9,,6,
木深愛過劉,育綾,台語,,563,,6,
木蘭忙,孫熱姿,國語,,4,,2,
木頭人,陳冠霖,國語,,9,,2,
木頭的心,,華語,6674,,,,
未來,,國語,,4,,2,
未來很美,古巨基,國語,4963,,,,
未來的你,王瑞霞,台語,,763,,6,
未來等你挑戰,孟子焱,華語,572,,,61,
未出現傳聞,,華語,6454,,,,
未單身,,國語,,594,,1,
未完待續,杜德偉/Lara,國語,566,,,,
未完成,孫燕姿,國語,5,,,,
未完成的夢,錢幽蘭,國語,,8,,3,
未完成的愛情,光良,國語,,6,,3,
未完的承諾,羅志祥,國語,,48493,,3,
未拆的禮物,品冠,國語,,57558,,3,
未滿,梁一貞,國語,,465,,2,
未知,蘇芮,國語,,3,,2,
未知數,劉德華,國語,5,,,82,
未知的精彩,孫燕姿,國語,,6,,3,
未知的精采,孫燕姿,國語,58,,,,
未織綺羅香,陳蘭麗,國語,,5,,3,
未遠,,華語,45,,,99,
未遠,戚穎,國語,,474,,1,
末日之戀,張智成,國語,,56549,,2,
末日快雫,倪安東,國語,,0,,2,
末班車,蕭煌奇,國語,,570,,2,
本才道,王夢麟,國語,,1,,2,
本草綱目,周杰倫,國語,501,,,,
本來想分人知,,客語,439,,,51,
术利的心願,錢幽蘭,國語,,6,,3,
术莉化匕,蔡麗津,台語,,43899,,8,
朱了喙,龍千玉,台語,,448,,5,
朱了情,洪榮宏,台語,,4,,5,
朱了情,莊振凱,台語,,8,,5,
朱來的氧氣,杜忻恬,國語,,956,,9,
朱接來電,楊乃文,國語,,485,,2,
朱暈船,陳雷,台語,,5,,5,
朵朵流雲,張琍敏,國語,,9,,9,
朿亠,顧曉宇,國語,,682,,2,
朿田,溫嵐,國語,,579,,2,
杀情月影,陳茂豐,台語,,456,,6,
杀腸一寸熬千縷,麥,國語,,3,,3,
权奌飞仃,江美琪,國語,,2,,2,
李白,李榮浩,國語,,58575,,2,
李白的酒蘇軾的柳,,華語,62,,,,
李邪叱,唐銘良,台語,,8,,8,
杏匕奚之戀,蔡幸娟,國語,,3,,3,
杏化溪之戀,姚蘇蓉,國語,,548,,3,
杏某人,林強,台語,,639,,5,
杏花溪之戀,青婉曲,國語,,3,,3,
杙心,沈芳如,台語,,573,,5,
杜鵑花,唐飛,台語,563,492,,5; 63; 63; 63,
杜鵑鳥的黃昏,凡人二重唱,國語,5,,,45,
来北風,王建傑,台語,,8,,5,
来區来區,八三夭,國語,,576,,2,
来居的朵,柯以敏,國語,,398,,3,
来方之味,羅大佑,國語,,6,,2,
来方女孩,蔡幸娟,國語,,9,,2,
来方的太陽,大台風,台語,,6,,6,
来方神話,李菲菲,國語,,8,,2,
来海岸之戀,王又萱,台語,,96576,,6,
来港朱了忙,阿吉仔,台語,,948,,6,
来風吹,秀蘭瑪,台語,,952,,5,
杯中戀情,江蕙,台語,8983,7,,; ; ; 6,
杯底毋通飼金,林文隆,台語,,5,,7,
杯水情歌,龐龍,國語,,2,,2,
東京之戀 鍾惠芳 歌曲 ◆,,台語,51,,,96,
東京戀人,七郎,台語,56655,,,67,
東京戀歌,,台語,,,,50,
東京鐵塔的幸福,江美琪,國語,38,,,,
東北風,王建傑,台語,8540,,,71,
東山再起,,華語,,,,43,
東山再起,文宏,台語,63,,,00,
東嶽大帝 黃飛虎,,客語,,,,49,
東海岸之戀,王又萱,台語,585,,,61,
東港戀歌,,台語,,,,,
東石港的戀歌,蔡一州,台語,85,,,60,
東西,,華語,58,,,,
東風破,周杰倫,國語,5,,,,
杵歌,溫梅桂,國語,,847,,2,
松礻的低語,鳳飛飛,國語,,1,,3,
松花江邊,夏天Aex,國語,,49850,,2,
枉費,羅時豐,台語,,5,,5,
枉費啝、,培琳,台語,,95679,,5,
枉費啦,培琳,台語,586,,,,
枉費愛過,林美,台語,556,76553,,92; 92; 92; 6,
枉費我的用心,楊宗憲,台語,,6,,7,
枉費真心對待,羅時豐,台語,,5,,7,
枉鹃花,美黛,國語,,2,,2,
枋寮海底針 蔡姍燕 ◆,,國語,,,,94,
枕冘頭,夏天Alex,國語,,49849,,2,
枕畔留香,龍飄飄,國語,,4,,2,
枕邊聽的雨,,華語,6683,,,,
枕頭涙,王江發,台語,,748,,5,
枕頭香,,台語,76,477,,43; 43; 43; 8; 8,
林投葉、色青青,陳芬蘭,台語,,575,,7,
林桑,阿良偉,台語,,881,,5,
林酒高歌,,國語,,3,,2,
林黛玉玩ＤＪ,,華語,6971,,,,
枯木也會逢春開花,,華語,66,,,,
枯木怎麼開花,,華語,6876,,,,
枯樹下,楊小萍,國語,,678,,2,
枯萎的花會開,胡雯,國語,,684,,3,
枯葉,詩雨,國語,5,,,00,
某天某月,,華語,6500,,,,
某年某月某日,,華語,69,,,,
染色的頭欒,陳雷,台語,,48892,,6,
柔情月影,陳茂豐,台語,565,,,61,
柔腸寸斷,,客語,0,,,51,
柚見猛侖 House 王雲鵬,,華語,6566,,,,
查囡仔,李千那,台語,,597,,8,
查埔子,林少興,台語,,499,,5,
查某∕人查埔人,郭忠祐,Unknown,,59665,,8,
查某人,林強,台語,65,,,,
查某人是黑咖啡,王識賢,台語,,56774,,7,
查某兄弟,林美,台語,559,,,86,
查某囝仔的美麗孑,系淑媚,台語,,694,,7,
查某囡仔的美麗,孫淑媚,台語,55858,,,67,
查某囡仔的美麗孫,淑媚,台語,,583,,7,
查某子,,台語,70,,,40,
查甫人是黑咖啡,王識賢,台語,55759,,,61,
查甫仔,沈建豪,台語,566,0,,5; 61; 61; 61,
柳暗花明,曾慶瑜,國語,,572,,2,
柳條長,,國語,,395,,2,
査一某人的心,高向鵬千玉,台語,,4,,6,
査圃国仔,,台語,,392,,6,
査埔人的心忙,阿吉仔,台語,,948,,7,
査基一兄弟,林美,台語,,76499,,6,
査某人査埔人,曹雅安阝忠祐,台語,,3,,8,
査某人的心声,陳秀玲,台語,,442,,7,
査某人的心肝,小錬椒,台語,,948,,7,
査某人的話,李愛綺,台語,,57464,,6,
査某国仔嬰,豪記之,台語,,6,,6,
根,王芷蕾,國語,,997,,2,
桂花,孫淑媚,台語,55951,4,,5; 61; 61; 61,
桂花巷,潘越雲,台語,,7,,5,
桂花香,,台語,,,,45,
桂花香,孫淑媚,台語,56898,884,,65; 65; 65; 8; 8,
桂花香,陳思安,台語,,46689,,8,
桂莅釀,張宇,國語,,4,,2,
桃園好地方,林靖恩,國語,959,,,63,
桃園縣花蓮同鄉會會歌,大合唱 特魯多,台語,55648,,,61,
桃園車站的戀情 華爾滋 ◆ 許吉本,,華語,66,,,,
桃園鎮撫宮 梭 周小玲,,台語,,,,50,
桃花旗袍,2,國語,,591,,1,
桃花村,逸陽,國語,,882,,2,
桃花渡,,台語,,,,97,
桃花緊來,林姍,台語,,748,,6,
桃花苑的女孩,甜美真/命中註定,華語,574,,,68,
桃花諾,鄧紫棋,國語,,466,,1,
桃花運,潘秀瓊,國語,,9,,2,
桃花過渡,吳晉淮,台語,,7,,6,
桃花過渡交情歌 林展逸/楊咩咩 ◆,,客語,8,,,51,
桃花開搖搖擺,信,台語,,574,,7,
框金的愛严,李明洋,台語,,560,,6,
桐同林鳥,沈芳如,國語,,1,,2,
桐林鳥,沈芳如,國語,5,,,61,
桐舟共渡客家情 林涵/阿 Ben ◆,,客語,8,,,51,
桐花戀,過我,客語,,,,38,
桐花鄉桐花香,范美敏,客語,574,,,61,
桐花開,,客語,73,,,,
桿籃仔假燒金,唐飛,台語,,492,,7,
梁山伯與茱麗,曹卓文萱,國語,,563,,3,
梁祝,林冠吟,國語,,692,,2,
梅君子,西卿,台語,,667,,5,
梅花匕,劉家昌一,國語,,9,,2,
梅花進行曲,,國語,,1,,3,
梅雨,傅振輝,台語,56579,,,65,
梅鶴山莊之歌,,台語,83,,,,
條線,尃振輝,台語,,7,,5,
梟雄天下,荒山亮,台語,,1,,6,
梧桐樹,,華語,62,,,38,
梨山之眷,林英美,台語,,5,,6,
梨山癡情花,李秀玲,國語,,0,,3,
梨花涙,,台語,,1,,5,
梨花淚,于櫻櫻,國語,,2,,2,
梨花滿人間,,華語,67,,,38,
梳妝,,台語,,,,49,
梳妝台,快樂二世代,台語,,56570,,5,
梵谷的左耳,阿沁,國語,,940,,3,
棄佛入魔,,華語,68,,,,
棉仔花,,華語,53,,,,
棉花糖,胡白,華語,574,,,61,
棋子,張燕清,台語,,,,61,
棋子,王菲,國語,3847,4,,; ; ; 2,
森巴我甲你,王瑞霞,台語,,949,,6,
森林之歌,青山,國語,,559,,2,
椰林大道,黃舒駿,國語,,6,,3,
楓,周杰倫,國語,38,,,,
楓林小橋,李碧華,國語,,9,,3,
楓林橋,劉燕燕,台語,,599,,5,
楓林橋畔,張用敏,國語,,3,,9,
楓葉,佰百,國語,,9,,2,
楓葉滿山紅,,客語,856,,,51,
業餘音樂家,,台語,90,,,,
極光戀著銀河,,華語,65,,,,
極光的愛,黃馨怡,國語,,76781,,3,
極地之歌,伍佰,國語,,796,,3,
極速,鄭伊健,國語,,3,,2,
極速的愛,謝金燕,國語,5,683,,61; 61; 61; 3,
極限,徐佳瑩,國語,,570,,2,
榮華富貴,林淑姮 吉力巴,台語,8,,,63,
榮華富貴,王建傑,台語,,465,,6,
槌心,袁小迪,台語,,7,,5,
槌心的戀夢,黃金星,台語,9,,,66,
槌心的戀歹,黄金星,台語,,786,,8,
槍口,,華語,63,,,,
槍與玫瑰,南拳媽媽,國語,5,,,50,
槐花殤,阿輪,台語,,2,,5,
樂園,庾澄慶,國語,4944,,,,
樂在其中,,華語,87,,,,
樂天清人,李慧珍,國語,,973,,3,
樂暢的人生,,華語,,,,,
樂此不疲,阿蘭,國語,,498,,1,
樂觀的歌手,,台語,662,,,,
樂透夢,方瑞娥,台語,,448,,5,
樂透樂樂透,江鳳,國語,,987,,3,
樂透狂想曲,鄭進一.許效舜,台語,67,,,,
樓,蔡琴,國語,,9,,2,
樓上樓下,鄧麗君,國語,,785,,3,
樓仔暦,伍佰,台語,,961,,5,
樓台會,鄧麗君,國語,,5,,2,
樓梯門,黃立行,國語,,0,,9,
樓窗,小辣椒,台語,,390,,5,
標卆的愛人,截梅君,台語,,566,,7,
標準情人,金城武,國語,,0,,3,
模樣,張懸,國語,582,,,91,
模特,李榮浩,國語,,589,,2,
樣得你人情過 楊咩咩 ◆,,客語,842,,,51,
樣樣可愛,楊美蓮,國語,,2,,3,
樣樣紅,黃安,國語,,9,,2,
樹上開花 Hip-Hop 杉和.大布,,華語,6640,,,,
樹子脚,方順吉,台語,,44572,,5,
樹枝化匕み十,謝張玉宋,台語,,76439,,6,
樹枝孤鳥,,台語,,,,51,
樹葉仔,鄒兆邦&簧育君,台語,,692,,5,
樹頂的月娘,秀蘭瑪雅,台語,551,,,75,
橄欖樹,齊豫,國語,,6,,2,
橄欖球,吳梵,國語,5,,,77,
橋邊姑娘,,華語,69,,,,
橋頂橋聊都日寺,石石琇,台語,,5,,7,
橋頂橋腳都是茄,石琇惠/石喬,台語,553,,,00,
橋頂的約定,,華語,50,,,,
機,于台煙,國語,,3,,2,
機器娃娃,羅志祥,國語,72,938,,; ; ; 3,
機場,邱賢桂,台語,,43961,,8,
機密,大台風樂團 Funk,國語,06,,,69,
機會,侯貴美,台語,858,,,64,
機會,潘偉柏,國語,500,,,,
機會機會,葉敕田,台語,,76447,,6,
機藏治倉鄭,君威&,台語,,492,,7,
機車與芭樂,蔡安蕎小春,國語,,6,,3,
檢恨,董育君,台語,,496,,5,
檳榔姑娘,葉啟田,台語,7968,,,48,
檳榔姑娘,陳淑芬,台語,,992,,6,
檳榔姑良,葉啟田,台語,,845,,6,
檳榔米酒維士比,林美惠,台語,,6,,7,
檳榔西施,余俊,台語,,4,,6,
檸檬愛玉,方炯鑌&江蕙,台語,,566,,6,
櫻化夢,沈建豪,台語,,0,,5,
櫻化戀,,台語,,9,,5,
櫻化戀,良誠宛,台語,,479,,8,
櫻日冫も,挑姐,台語,,6,,5,
櫻桃妹妹 Techno 郭澤洋,,台語,63,,,,
櫻花,蕭玉芬,台語,,7,,5,
櫻花,陳思安,台語,,45458,,5,
櫻花夢,沈建豪/裴琳,台語,555,,,55; 55; 55; 52,
櫻花戀夢,一綾/李明洋,台語,56973,,,60,
櫻花戀夢,李明洋,台語,,58595,,6,
櫻花樹下的約定 梭 ★ 寂悸,,華語,6489,,,,
櫻花的秘密,竇智孔,國語,599,,,61,
櫻花節人生,葉勝釻,台語,,491,,7,
櫻花舞,胡楊林,國語,,49546,,2,
櫻花草,Sweety,國語,5947,,,,
櫻花謠,尤雅,國語,,1,,2,
櫻花雪,七郎,台語,,8,,8,
櫻莅戀,,國語,,3,,2,
欖雲,曾心梅,台語,,2,,5,
欝多夜船,白櫻,台語,,96948,,6,
欠一個擁抱,大豪,國語,,6,,3,
欠乎茫茫醉落地李,冫山,台語,,9,,7,
欠你一聲對不起,,台語,,,,47,
欠你的歌 見你,,華語,62,,,,
欠到你醉我也醉,,台語,,499,,7,
欠子的債,唐飛,台語,,496,,5,
欠你一价人忙,黄乙玲,台語,,688,,7,
欠尪的債,唐飛,台語,565,,,61,
欠情歌,詹雅雯,台語,,575,,5,
欠来風,謝雷,台語,,976,,5,
欠某的情,唐飛,台語,565,,,61,
欠酒消愁愁更愁,,台語,,440,,7,
欠阮一世人,林晟,台語,,386,,8,
欣賞,秀蘭瑪,台語,,9,,5,
欲乎你好命,王尚宏/林芝卉,台語,567,,,61,
欲乎你好命,王尚宏抃芝卉,台語,,446,,6,
欲叨找,林良歡俊宏,台語,,98759,,8,
欲哭喝無目犀,李秀蘭,台語,,8,,7,
欲哭無目屎,陳美伶,台語,6,,,65,
"欲哭無目犀,",陳美伶,台語,,547,,6,
欲唱乎你聽,李嘉,台語,554,,,,
欲問菩提,,華語,6398,,,,
欲怎樣,江蕙,台語,,2,,5,
欲走還留,凌峰,國語,558,,,52,
欺負我,董育君,台語,,473,,5,
欺騙的倫巴,蔡秋鳳,台語,,4,,6,
欺騙的詛咒,蔡小虎,台語,,585,,6,
歌,李嘉,台語,551,76557,,92; 92; 92; 5,
歌中情 類型 林育茲 談靜 ◆ ◆,,國語,,,,93,
歌之來作伴,羅欣,台語,,2,,8,
歌仔戲,秀蘭瑪雅,台語,558,,,93,
歌名曲,,客語,0,,,51,
歌唱人生 羅青森 ○,◆,華語,,,,93,
歌唱忙侶,男女對,國語,,639,,3,
歌唱祖國,王萃,國語,,986,,3,
歌星夢,林海,台語,,841,,5,
歌星淚,廖玲玲,台語,,547,,5,
歌聲三合一,蔡一川,台語,,1,,8,
歌聲伴青春 類型 吉力巴 蔡姍燕 莊心妍 ◆ ◆,,華語,,,,,
歌聲冠天下 梭 蕭清文,,客語,,,,46,
歌聲心影,詹雅雯,台語,551,566,,88; 88; 88; 6,
歌聲淚痕,,台語,,,,,
歌聲舞台,周慧璇 吉力巴,台語,559,,,92,
歌聲舞台,慧璇,台語,,581,,6,
歌藝人生,蕭釣黛,台語,,783,,8,
歌藝人生,蕭鈞黛,台語,8,,,63,
歌謠班心聲,,客語,9,,,51,
歎情緣,祁隆,國語,,9,,9,
歎情緣,祁隆,華語,57452,,,61,
歎紅顏,冷漠,國語,,797,,1,
歐十桑,袁小迪,台語,,761,,5,
歐多寇一匹,,台語,,3,,7,
歐巴,,台語,,,,96,
歐显寇,楊哲,台語,,466,,8,
歐若拉,張韶涵,國語,44,557,,; ; ; 2,
歡唱恰恰,楊繡惠,台語,,444,,6,
歡喜乾一杯,葉敕田,台語,,0,,7,
歡喜乾一杯,陳雷,台語,84,,,60,
歡喜來乾杯 中板靈魂樂 利用人如欲使用本產品於「公開場所」使用，請逕洽集管團體或,,華語,,,,51,
歡喜來作伙,劉育綾 吉力巴,台語,554,,,98,
歡喜來作伙,蔡國義,台語,561,,,00,
歡喜來做伏,葉諾帆鳳娘,台語,,43895,,8,
歡喜來做夥,林雲/家鳳,台語,6,,,64,
歡喜來做夥,林雲家,台語,,547,,7,
歡喜來做狄,鳳黄,台語,,456,,7,
歡喜來恰恰,金四喜,台語,,4,,7,
歡喜來相會,張清芳,台語,85,,,64,
歡喜來相逢,沈騰峰呉彩鳳,台語,,541,,7,
歡喜來鬥陣,楊喬,台語,,800,,8,
歡喜做好代 梭 張峯子,,台語,,,,50,
歡喜做新娘,陳莉,客語,461,,,00,
歡喜再相逢,洪榮宏江蕙,台語,,3,,7,
歡喜再相逢,陳盈潔,台語,,2,,7,
歡喜咱相會,七郎/一綾,台語,83,,,65,
歡喜唱歸暝,江蕙,台語,,9,,7,
歡喜四界行 吉力巴 謝弘易 沈丹丹 ◆ ◆,,華語,45,,,38,
歡喜媽祖來相會 House 王定明 甜心大美,,客語,80,,,55,
歡喜就好,陳雷,台語,,4,,6,
歡喜心,阿本嫂,台語,,549,,5,
歡喜心 探戈 ◆ 艾莉 ◆ T.R.Y,,華語,,,,,
歡喜才通醉,張蓉蓉,台語,,445,,7,
歡喜有緣,,台語,,780,,6,
歡喜甘願的憨尪水某,蔡佳麟婷筠,Unknown,,4,,8,
歡喜甘願的憨尪水竿,蔡佳麟&阝婷筠,Unknown,,59700,,8,
歡喜的春天,,華語,,,,,
歡喜迎熱鬧,林姍,台語,,77553,,8,
歡喜過新年 林展逸 ◆,,客語,8,,,51,
歡喜過日子,王金英 特魯多,台語,,,,60,
歡喜酒,陳百潭,台語,,594,,8,
歡喜酒,陳聖崴/王銘鈴 吉力巴,台語,565,,,61,
歡喜醉落去,陳德一/陳麗卉,台語,892,,,,
歡樂年華,崔苔菁,國語,,4,,3,
歡樂獻給你,燕子,國語,3,,,66,
歡迎,夏國星系珮林,國語,,563,,2,
歡迎來后里,惜惜 特魯多,台語,3,,,66,
歡顏,齊豫,國語,,59000,,9,
止寂,,華語,6448,,,,
止戰之殤,周杰倫,國語,5,,,,
正合我意,李心琪,國語,,767,,2,
正妹,羅百吉,國語,595,,,69,
正式分手NO,丁胡,國語,,684,,3,
正港ㄟ好男兒,七郎 吉力巴,台語,82,,,59,
正港弋好男兒,七郎,台語,,7,,7,
正港的男兒,柯受良,台語,,7,,6,
正港的英雄,江得勝,台語,,5,,6,
正牌查某朋友,安琪,台語,557,,,98,
正牌査某朋友,安琪,台語,,488,,7,
正牌的查朋友,安琪,台語,,56699,,7,
正確的路,鄭琇月,台語,,9,,6,
正覺道,,台語,,,,,
正訸,羅百吉,國語,,4,,2,
正面衝突,李亞明,國語,4954,,,,
此刻你心裡想起誰,王力宏,國語,,744,,3,
此刻你聽好了,劉嘉亮,華語,57600,,,63,
此刻時分,,台語,,,,,
此刻真的好想你,,華語,65,,,,
此夜定有鬼,,華語,6597,,,,
此情可問天,吳秀珠,國語,3860,,,,
此情可問天,呉秀珠,國語,,851,,3,
此情永不移,,客語,6,,,51,
此時快樂的代,一許茹芸,國語,,5,,9,
此生不見,陳瑞,華語,576,,,66,
此生過半(DJ阿卓版),,華語,62,,,,
步步,五月天,國語,,9,,2,
步步為營,傅振輝,台語,56581,,,65,
武、士,五月天,國語,,6,,2,
武装的薔薇,神木與,國語,,56769,,3,
歩歩為營,傅振輝,台語,,889,,6,
歪腰,五月天,國語,,8,,9,
歲月,,客語,7,,,51,
歲月,那王,國語,,59400,,1,
歲月悠悠,,華語,6574,,,39,
歲月悠悠,吳晉淮,台語,,559,,6,
歲月的批,翁立友,台語,,444,,6,
歲月的歌,周治平,國語,,7,,3,
歲月的歌,周治平 快華爾滋,國語,549,,,46,
歲歲念,,華語,6478,,,,
歳月,夏筱暗,國語,,458,,2,
歳月沈,文程,台語,,442,,5,
歳月這把刀,林凡,國語,,7,,3,
歳月龍,千玉,台語,,695,,5,
歳歳月月年年,李碧華,國語,,4,,3,
歸,,華語,6474,,,,
歸人,江玲,國語,,5,,2,
歸人,潘安邦,國語,,878,,2,
歸人沙城,施孝榮,國語,,6,,3,
歸來,,華語,67,,,38,
歸來,江玲,國語,,985,,2,
歸來,葉佳修,國語,,5,,2,
歸來,鳳飛飛,國語,,385,,2,
歸去來兮,,華語,,,,93,
歸叢好好,豬哥亮,台語,,572,,6,
歸堆歸堆,陳信凱,台語,563,,,00,
歸宿,劉德華,國語,,564,,2,
歸屬感,梁詠琪,國語,5759,,,,
歸年落雪,羅文聰,台語,,3,,6,
歸情,銀霞,國語,,798,,2,
歸途,姚莉,國語,,992,,2,
歸途恨晚,妞妞,華語,575,,,67,
歸途恨晩,妞妞,國語,,3,,3,
歹事嘸通做,,台語,,,,,
歹勢,施文彬,台語,,7,,5,
歹勢,林俊吉,台語,,088,,5,
歹勢啝,謝金燕,台語,,6,,5,
歹勢啦,謝金燕,台語,68,,,,
歹命囝仔,阿吉仔,台語,6700,488,,; ; ; 6,
歹命子,陳一郎,台語,,1,,5,
歹命阿狗兄,良山,台語,,6,,6,
歹心的人,黃乙玲,台語,,3,,6,
歹歹仔時機,黄西田,台語,,2,,6,
歹物仔緊閃,張文綺,台語,,775,,8,
歹生心碎,吳金寶,台語,,3,,8,
歹竹出好筍,阿吉仔,台語,,2,,6,
歹虚賢抱棚,秀美,台語,,5,,6,
歹逗陣,江蕙&Ella,台語,,578,,5,
死了心,阿龍正,國語,,677,,2,
死了的心還會愛上誰,,華語,,,,00,
死了的心還會愛上誰,徐一鸣,國語,,8,,9,
死了都要愛,言樂團,國語,,56558,,3,
死心了沒有,蕭煌奇,國語,,959,,9,
死心塌地愛著你,段千尋,國語,,49765,,3,
死心的理由,下I.R,國語,,8,,3,
死心眼,彭佳慧,國語,,,,,
殊途,S.H.E,國語,,965,,9,
殖空,家一,國語,,57750,,2,
殘夢,林玉英,國語,,776,,2,
殘忍的藉口,呂雯,國語,,49990,,3,
殘留的溫柔,,華語,65,,,39,
殘缺的溫杀,葉璦菱,國語,,6,,3,
殘酷的溫柔,齊秦,國語,,386,,3,
殘酷童話,清源,國語,,68438,,2,
殳類張,宇,台語,,56569,,5,
殺很大,芭比,國語,,483,,2,
殺手輓歌,張洪量,國語,,6,,2,
殺手驪歌,伍佰,台語,,963,,6,
殺破狼,JS,國語,,577,,2,
毀滅愛忙,林冠吟,國語,,7,,3,
毋,蕭玉芬,台語,,495,,5,
毋係無愛你,,客語,438,,,51,
毋知幾時,,客語,2,,,51,
毋通,曾瑋中,台語,,8,,8,
毋通忘記我,楊哲,台語,,595,,8,
毋通惹我寂寞,詹曼鈴,台語,,469,,7,
毋通惹我寂寞心,詹曼鈴,台語,557,,,61,
毋通惹我麻煩,王思佳,台語,,443,,7,
毋通放棄,,台語,,,,,
毋通講你愛我,戴梅君,台語,,970,,7,
毋願,莊振凱,台語,,988,,5,
母子兩姉妹,陳盈潔乖鳳娘,台語,,98740,,8,
母子情,陳堯堦/許以慈,國語,569,,,61,
母子情,陸杰裡,台語,9,842,,; 8,
母子情淚,陳雷,台語,56984,3,,69; 8,
母子情深,丁童力威,台語,,762,,6,
母子情深,方順吉魏嘉惀,台語,,6,,6,
母子情深,邱蘭芬口曰,台語,,442,,6,
母淚滴滴愛,方瑞娥,台語,7983,,,53,
母糸社會,張惠妹,國語,,6,,2,
母老虎,MC&HOTDOG,國語,,686,,2,
母親,,國語,,892,,2,
母親,阿吉仔,台語,,2,,5,
母親你在和方,顧媚,國語,,6,,3,
母親免悲傷,,台語,,8,,6,
母親的名叫台灣,蔡振南,台語,,6,,7,
母親的手,蔡幸娟,國語,,979,,2,
母親花,阿吉,台語,,3,,5,
母親請主多保重,倪寊,國語,,5,,3,
母親請安,詹雅雯,台語,,445,,6,
母親，我抹給您失望,吳秀珠,台語,7386,,,,
毎一吹喊你,無印良0,國語,,9,,3,
毎一吹想起,宇桐非,國語,,682,,3,
毎一次冫夊,梁文音,國語,,2,,3,
毎吹醒來,劉徳苹,國語,,3,,2,
毎天的毎夜,黄義達,國語,,3,,3,
毎日等待你,詹曼鈴,台語,,697,,6,
每,蟑螂合唱團,國語,,9,,2,
每一分每一秒都紿,給你,國語,,3,,3,
每一天,SHI,國語,,2,,9,
每一天,大台風樂團,國語,575,,,61,
每一天都不同,郭靜,國語,,3,,3,
每一天都想念,陳曉求,國語,,3,,3,
每一次的吻,,國語,,6,,1,
每一次的吻,羅百吉/寶貝,國語,543,,,60,
每個人都像一顆星,蕭全,華語,,,,69,
每個地方都有光,,華語,68,,,,
每個夜裡都會思,念你,國語,,8,,3,
每個愛情都危,周華健,國語,,8,,3,
每天,陳明仁,國語,,845,,2,
每天想你一遍も,林志炫,國語,,3,,3,
每天抱我一分鐘,,華語,,,,99,
每日等待你,詹曼鈴,台語,55696,,,61,
每次都想呼喊你的名字,永邦,國語,45,,,,
每洋,陳建年,國語,,4,,2,
每浪,劉家昌,國語,,677,,2,
每浪,黄品源,國語,,394,,2,
每當你流淚,許志安,國語,51,,,,
每風,楊小萍,國語,,758,,2,
每鵋,劉家昌,國語,,76640,,2,
毒問何時再相會,郭金發,台語,,966,,7,
毒你將阮放抹記,辯桌二人組,台語,,9,,7,
比伊卡無忙,張,台語,,494,,6,
比宇宙浪漫,,華語,6638,,,,
比愛更愛,邱暐議,國語,598,,,77,
比我幸福,陳曉東,國語,,986,,2,
比永遠還要久,庾澄慶,國語,38,,,,
比翼雙飛,林良歡許志牽,台語,,58686,,6,
比舜歩,謝金熱,台語,,4,,5,
比霜,崔子格,國語,,59693,,1,
毛毛歌,張帝,國語,,546,,2,
毛毛的相思雨,白冰冰,台語,,4,,7,
毛豆,一綾,台語,56976,,,66,
氏糊的心,朱海君,台語,,570,,6,
民雄歌唱協會一會歌,大合唱,台語,,95390,,7,
氣吞天下,欒克勇,台語,560,041,,61; 61; 6; 61,
氣李,俊龍,台語,,544,,5,
氣象站台,,華語,60,,,,
氣身魯命,許效舜,台語,,494,,6,
氣魄,王中平,台語,56876,8,,65; 65; 65; 8; 8,
水中,陳中,台語,,499,,5,
水中夢,翁立友,台語,,575,,5,
水中天,江志豐,台語,0,862,,71; 8,
水中央,截佩媚,國語,,9,,2,
水中影,,台語,91,,,,
水中影,張安勝,台語,454,54468,,5; 60; 60; 60,
水中影,詹曼鈴,台語,,5,,5,
水中月,黄乙玲,台語,,0,,5,
水中月圓,方怡萍,台語,,96560,,6,
水中煙,楊宗憲,台語,,6,,5,
水中的你,蔡小虎,台語,,894,,8,
水中的月,陳百潭,台語,,46979,,8,
水中艶,龍千玉,台語,,44668,,5,
水中花,,台語,,,,,
水中花,簡銘興,國語,578,,,64,
水中花,譚詠麟,國語,46,,,,
水中花,邱芸子,台語,,47672,,8,
水乂、,MATZKA,國語,,484,,2,
水仙,李碧華,國語,,3,,2,
水仙,費玉清,國語,,3,,2,
水仙花,藍雨,國語,,49974,,2,
水冬冬,江銘,台語,,9,,5,
水嘴當,楊惠絜,台語,,443,,5,
水噹噹,楊惠絜,台語,55653,,,61,
水噹噹,香香公主 吉力巴,台語,456,,,60,
水嚆當,朱海君,台語,,974,,5,
水嚆當,秀蘭瑪,台語,,4,,5,
水姑娘,,國語,,,,,
水姑娘,陳夏蓮,台語,,591,,8,
水底鴛鴦夢,洪榮宏.劉依純,台語,64,,,,
水影,邱芸子,台語,55497,400,,; ; ; 5,
水悠悠,李碧苹,國語,,6,,2,
水手,迪克牛,國語,,3,,2,
水手,鄭智化,國語,,3,,2,
水摻沙,,台語,,,,,
水摻沙,李明洋,台語,,46754,,8,
水果,,台語,,,,94,
水果人生,水生,台語,0,,,65,
水果情歌,趙默,華語,575,,,66,
水果西施,,台語,,952,,6,
水果西施,一綾/周慧璇,台語,556,,,96,
水果西施,鄭怡萍,台語,7691,,,84,
水查某,阿弟仔 Twist,台語,64,,,,
水査基,阿弟仔,台語,,9,,5,
水水姑娘,陳思安,台語,,46700,,8,
水水水,黄妃,台語,,5,,5,
水水的人生季,張秀卿明洋,台語,,7,,6,
水水的目周,翁立友,台語,,56577,,6,
水汪汪,費玉清,國語,,9,,2,
水溌落地難收,黃乙玲,台語,,2,,7,
水溌落地難收回,妃蚣松,國語,,483,,3,
水溌落地難收回,紀佳松BlueJ,國語,,4,,3,
水漣漪,,國語,,3,,2,
水漣漪,鄧麗君,國語,,6,,2,
水火心,莊振凱,台語,,487,,5,
水琉璃,黄思娉,國語,,566,,2,
水蓮天,馮偉傑,台語,,3,,8,
水蜜桃輓歌,旺福,國語,,9,,3,
水袖雲間,沐婷,國語,,461,,2,
水車,羅吉鎮,國語,,9,,2,
水車姑娘,方瑞娥,台語,,2,,6,
水迎匕,張秀鉀,台語,,2,,5,
水鄉的月光,,台語,,,,50,
水雲煙,吳紹輝 特魯多,台語,455,,,60,
水雲煙,葉敕田,台語,,76440,,5,
水雲間,鳳凰傳,國語,,6,,2,
水雲間,鳳凰傳奇,華語,575,,,67,
氵2人生就是這回,陳建誠簡美雀,台語,,462,,7,
氵2痴情債,呉蕙君,台語,,2,,8,
氵3你的淚光,李翊君,國語,,463,,2,
氵8傷心趕袂走,陳中,台語,,49468,,6,
氵8告別的年代,羅大佑,國語,,868,,3,
氵8流水年華,鳳飛飛,國語,,8,,2,
氵8親愛的我愛你,祁隆,國語,,8,,9,
氵~冫又,夏天Alex,國語,,499,,2,
氵世間情路,邱芸子邱賢,台語,,47466,,8,
氵乎你飛,蔡茗淇,台語,,46946,,8,
氵伴相隨,蔡麗津,台語,,43868,,8,
氵台灣姑娘,林英美,台語,,466,,8,
氵情人的眼淚(變奏),會,國語,,986,,9,
氵有情天,蔡柱枝,台語,,43863,,8,
氵气求,許哲珮,國語,,4,,2,
氵泊,陳明仁,國語,,943,,2,
氵漫長路,江蕙,台語,,761,,6,
氵皿然,葩珒琪,國語,,5,,1,
氵良花乚,劉徳華,國語,,9,,2,
永、遠不回頭,王傑,國語,,8,,3,
永、遠愛小,辦桌阿龍又,台語,,8,,6,
永、遠無後悔,陳小龍吳妏,台語,,58465,,6,
永、遠的亻,蘇錦煌林鈺茄,台語,,444,,6,
永、遠的快樂,張惠妹,國語,,566,,3,
永、遠醉置你身邊,蔡小虎,台語,,564,,7,
永不停止,朱孝天,國語,500,,,91,
永不分離,艾琪,國語,,552,,2,
永不結来的馬拉,松潘裕文,國語,,58550,,3,
永不結的故事,許茹芸阮廾青,國語,,445,,3,
永丷愛河,龍千玉,台語,,445,,6,
永久懷念你,,客語,3,,,51,
永久的城,蔡琴,國語,,889,,2,
永保安衆,呉宗憲,國語,,651,,2,
永和扶輪社歌,大合唱,台語,564,446,,61; 61; 61; 7,
永夜,,國語,,,,95,
永康幸福城,,華語,49,,,,
永恆之塔,藍雨,國語,,49843,,2,
永恆情歌,秀蘭瑪,國語,,1,,2,
永恆火焰,吳梵,國語,597,,,82,
永恆的愛,歐陽菲,國語,,8,,2,
永恒的愛,西單女,國語,,451,,2,
永溒的戀人,張宇,國語,,380,,3,
永溒袂後忄,蘇錦煌,台語,,8,,6,
永袁的戀人,許紹洋林,國語,,892,,3,
永袁的第一天,王力宏,國語,,4,,3,
永袁相信你,王建傑,台語,,3,,6,
永逗夢袂醒,陳百潭傅瀅瀅,台語,,96566,,6,
永逗祝福你,高向鵬方瑞娥,台語,,9,,6,
永遠、的舞伴,沈芳如,台語,,762,,6,
永遠不再愛你,陳盈潔,國語,,441,,3,
永遠不分開,,台語,,,,00,
永遠不分開,,國語,,,,94,
永遠不變的愛,陳雷,台語,,9,,7,
永遠不跟你聯絡,胡雯,國語,,687,,3,
永遠乎咱作伙,王識賢 Rumba,台語,66,,,,
永遠乎自做伏,王識賢,台語,,964,,7,
永遠伴相隨,呉俊宏唐儷,台語,,56977,,6,
永遠伴相隨,陳美珠,台語,,547,,6,
永遠來作夥,,台語,,,,42,
永遠來做堆,淑雲,台語,,5,,8,
永遠再會,邵大倫,台語,,442,,6,
永遠唱抹煞,白冰冰,台語,,6,,6,
永遠嘜分開,陳茂豐,台語,564,96549,,61; 61; 6; 61,
永遠坐同船,良一/佳虹 特魯多,台語,566,,,67,
永遠坐同船,良佳,台語,,1,,6,
永遠垮不扌,EQ群星,國語,,680,,3,
永遠將妳攬,王江發,台語,,442,,6,
永遠將妳攬,王江發/小璇,台語,56668,,,67,
永遠尚麻吉,侯貴美,台語,990,,,64,
永遠心袂清,詹曼鈴,台語,8445,661,,72; 72; 72; 6,
永遠思念你,郭美青 特魯多,台語,477,,,63,
永遠思念你,郭美青,台語,,782,,8,
永遠愛你,,台語,40,,,38,
永遠愛你,謝金燕,台語,8580,,,71,
永遠愛你,鄭寬助/許惠華 特魯多,台語,7,,,67,
永遠愛你的我,祁隆,國語,,858,,9,
永遠愛你的我,祁隆,華語,57454,,,61,
永遠愛小,翁立友,台語,,56438,,6,
永遠愛你一個,楊哲,台語,,761,,7,
永遠愛者小,謝莉婷,台語,,480,,6,
永遠愛著他,謝宜君,台語,,970,,6,
永遠愛著你,,華語,,,,99,
永遠愛著你,郭健一蕭玉,台語,,94851,,6,
永遠懷念你,張蓉蓉,台語,,661,,6,
永遠抹後悔,蘇錦煌,台語,,765,,6,
永遠抺冫親像你,賴國永,台語,,5,,7,
永遠攏共款,黃品源,台語,76,9,,; ; ; 6,
永遠放你在心底,晨照徏,國語,,464,,1,
永遠是你的,洪榮宏,台語,,9,,6,
永遠會己得,阿富,國語,,542,,3,
永遠會記得,,台語,69,,,56,
永遠永袁不變,蔡琴,國語,,8,,3,
永遠活在青眷期,泰迪羅,國語,,4,,3,
永遠牽作伙,,台語,,,,,
永遠牽作伙,傑張,台語,,58981,,8,
永遠牽作伙,張瀛仁,台語,,455,,6,
永遠甭提起,陳小雲 慢迪斯可,台語,83,,,49,
永遠的一對,一綾/李明洋,台語,56945,,,68,
永遠的一對,李明洋,台語,,440,,6,
永遠的伴,亠錦煌林鈺茹,台語,,5,,8,
永遠的伴,陳燕月 特魯多,台語,55651,,,51; 51; 51; 52,
永遠的伴侶,林春忠/呂淑惠 特魯多,台語,2,,,65,
永遠的兄弟,,台語,,,,50,
永遠的兄弟,林玉英,台語,,6,,6,
永遠的初戀,楊錦皇高秀眉,台語,,544,,6,
永遠的好兄弟,謝雷謝小能,台語,,97643,,7,
永遠的微笑,,國語,,9,,3,
永遠的快樂,張惠妹,國語,551,,,85,
永遠的思念,王瑞霞,台語,64,,,,
永遠的情歌,辦桌二人組,台語,,577,,6,
永遠的愛,唐飛,台語,,570,,6,
永遠的愛,邱芸子 慢迪斯可,台語,554,,,61,
永遠的戀人,許紹洋/林寶,國語,94,,,,
永遠的最愛,高向鵬台萍,台語,,3,,6,
永遠的朋友,辦桌二人組,台語,,564,,6,
永遠的期待,王識賢謝金燕,台語,,48541,,6,
永遠的期待,謝金燕/王識賢,台語,8386,,,73,
永遠的知己,丁姵均郭筠,台語,,438,,8,
永遠的第一天,王力宏,國語,5,,,67,
永遠的等待,黃乙玲,台語,67,7,,; ; ; 6,
永遠的舞伴,沈芳如,台語,562,,,68,
永遠相信,,國語,,0,,2,
永遠相信,翁倩玉,國語,,6,,2,
永遠相信你,王建傑,台語,55700,,,61,
永遠相信愛情,王傑,國語,,381,,3,
永遠等待你,,客語,5,,,51,
永遠等待你,鄭琇月,台語,,858,,6,
永遠等置遐,許富凱,台語,556,,,50; 50; 50; 52,
永遠給自己機日,高仕群張誌家,台語,,9,,8,
永遠行同齋,黄西田方鵐娥,台語,,94900,,6,
永遠行逗陣,王識賢,台語,8453,0,,70; 70; 70; 6,
永遠袁甭提起,陳小雲,台語,,6,,6,
永遠袁的微笑,紫薇,國語,,573,,3,
永遠袂後悔,秀美,台語,,540,,6,
永遠袂後悔,蘇錦煌,台語,6984,,,00,
永遠記得誓言,,客語,4,,,51,
永遠都不鉤,鄭秀文,國語,,2,,3,
永遠都在,S.H.ㄦE,國語,,592,,9,
永遠陪伴你,林子娟,台語,557,,,63,
永遠陪伴妳,朱永良 特魯多,台語,9,,,64,
永遠陪伴阮身邊,,台語,,493,,7,
永遠難再會,西卿,台語,,648,,6,
永遠鬪陣行,陳曉涵/老公 特魯多,台語,900,,,60,
永遠黏相偎,良陳美伶,台語,,543,,6,
永遠黏相偎,陳美伶/良一,台語,1,,,65,
永遠黏相偎,高榮裕,台語,5,54470,,64; 64; 6; 64,
求佛,,國語,,681,,2,
求佛,誓言,華語,576,,,61,
求你讓我走,呂碧華,國語,5,,,61,
求天成全,一綾,台語,56975,,,71,
求婚,周華健,國語,,7,,2,
求婚,詹雅雯,台語,,555,,5,
求婚,趙詠華,國語,,7,,2,
求婚,郭忠祐,台語,,468,,8,
求你原諒,紀露霞,台語,,5,,6,
求你讓我走,呂碧華,國語,,54744,,3,
求你離開我,楊美蓮,國語,,3,,3,
求愛一首歌,,華語,,,,98,
求愛的人,郭金發,台語,,544,,6,
求愛瞎胼摸,陳小春,國語,,3,,3,
求求你我的愛,鳳飛飛,Unknown,,661,,1,
求籤,翁立友,台語,,2,,5,
求籤,蔡曉,國語,,939,,9,
求縳,龍千玉,台語,,58484,,5,
求魔,,華語,6567,,,,
汒霧之戀,俞隆華,台語,,754,,6,
汗水的重量,倪安東,國語,,48500,,3,
汗水變甘露,,台語,,,,51,
江南多雨時,,華語,64,,,,
江南好,陳蘭麗,國語,,573,,2,
江南情,陸杰裡 特魯多,國語,9,,,60,
江南情歌,,華語,,,,,
江南煙雨,阿涵,華語,57586,,,65,
江山樓影,風采輪,台語,,46693,,8,
江山美人,袁小迪千玉,台語,,577,,6,
江歸江山歸山(戲腔版),,華語,6494,,,,
江水向来月,潘秀瓊,國語,,9,,3,
江水悠悠,,華語,64,,,,
江水悠悠,鐘家華,國語,,463,,9,
江水悠悠淚長流,鄧麗君,國語,,775,,3,
江海不渡你,,華語,6457,,,,
江湖,,華語,,,,,
江湖,蔡秋鳳,台語,,576,,5,
江湖,鄭君威,台語,,493,,5,
江湖之間,,華語,6458,,,,
江湖啊江湖,,客語,,,,98,
江湖啊江湖,小忱,國語,,7,,1,
江湖大道,,華語,48,,,99,
江湖太深我太嫩,,華語,69,,,,
江湖少年游,,華語,6969,,,,
江湖戲子,荒山亮,台語,,4,,6,
江湖浪子命,葉啟田,台語,,7,,6,
江湖淚,阿吉仔,台語,,7,,5,
江湖笑,周華健,國語,,644,,2,
江湖賣唱生,方瑞娥,台語,,56447,,6,
江郎,,華語,68,,,,
江離說,,華語,6877,,,,
汪洋中的一隻船,石喬,台語,6762,,,,
決宍做工人,黄西田,台語,,44768,,6,
決定,巫啟賢,國語,49,,,,
決定,李明洋,台語,,454,,5,
決定,江宏恩,台語,562,4,,5; 61; 61; 61,
決定去愛,林佳儀,國語,,7,,2,
決定愛你,徐若瑄,國語,579,,,55,
決定無後悔,王建傑&,台語,,2,,6,
決定要愛你,庚澄慶,國語,,8,,3,
決心,廖秋濟,台語,8,543,,5; 65; 65; 65,
決心,沈文程,台語,,473,,5,
決心,王志忠 特魯多,台語,5,,,64,
決心,許富凱,台語,,57683,,5,
決心做好子,沈文程,台語,,651,,6,
決心將你來看破,石喬,台語,,563,,7,
決心將你放,王瑞霞,台語,,4,,6,
決心愛你,,台語,,,,97,
決心愛徹底,蘇錦煌阿寘,台語,,455,,6,
決心放你離開,謝金燕,台語,562,571,,61; 61; 61; 7,
決心放你去,黄千芸,台語,,76469,,6,
決心無愛你,董育君,台語,,493,,6,
決心要愛,林良歡,台語,,445,,6,
決心要愛你,黃西田,台語,,989,,8,
決心要離開,王瑞霞,台語,,389,,6,
決戰時刻,黄立炯,台語,,444,,6,
決提的愛情,尚芸菲,國語,,6,,3,
決樂的感覺永遠一,樣,國語,,98400,,3,
決樂的計程車,,台語,,8,,7,
決樂粗工人,吳宗和,台語,,495,,6,
決樂過日子,王秋菊,台語,,545,,6,
決決心心擱攔出出帆帆,陳一郎,台語,,8,,8,
決點來愛我,李玖哲,國語,,76791,,3,
沂夜人生林,俊吉,台語,,590,,6,
沂娘陳謝,隨意宜君,台語,,58398,,5,
沂歌董,育君,台語,,0,,5,
沂蒙山小調,謝雷,國語,,5,,3,
沈重的心聲,謝雷,台語,,649,,6,
沈重的愛,陳小龍,台語,,9,,6,
沈默的母親,蘇苗,國語,,5,,3,
沉迷,李翊君,國語,,4,,2,
沉默留言,,國語,,,,93,
沉默的眼淚為誰流,張星唯,國語,,469,,9,
沉默的瞬間,張揀樑,國語,,56853,,3,
沉默著再見,,華語,62,,,,
沒カ有愛,葉瓊菱,國語,,2,,2,
沒事,溫嵐,國語,,8,,9,
沒人懂我的苦,,華語,6463,,,,
沒人沒小,胡瓜,國語,,9,,2,
沒人疼的心,林婀,台語,,577,,6,
沒什麼了不起,北原山貓,國語,560,,,61,
沒什麼了不起,北源山,國語,,8,,3,
沒什麼我願意,謝金燕,台語,,565,,7,
沒伴孑,孫淑媚,台語,,967,,5,
沒你我沒差,玖壹壹,台語,,59439,,8,
沒你的世界,陳凱欣,台語,,59385,,8,
沒你的日子,劉育綾 特魯多,台語,83,,,59,
沒大沒小,胡瓜,國語,598,,,61,
沒妳的城車,呉不憲,台語,,4,,6,
沒你我怎樣快活,,台語,,8,,8,
沒你的歌沒你,我羅時豐龍千王,台語,,57684,,7,
沒你的相思,王瑞霞辦桌阿,台語,,76392,,6,
沒想到,黃嘉千,國語,,,,,
沒想到,黄嘉千,國語,,58,,2,
沒愛尚大,吳淑敏,台語,558,,,00,
沒感情的人,劉依純,台語,555,,,94,
沒懂愛,,台語,,,,,
沒成為你的妻,,華語,66,,,,
沒我你沒娶,張秀卿,台語,,594,,8,
沒戚情的人,劉依純,台語,,76570,,6,
沒抓緊的愛,,華語,6874,,,,
沒有人心疼,,台語,,,,48,
沒有人心疼,,國語,,9,,3,
沒有人抽煙,林憶蓮,國語,,6,,3,
沒有人會留著我的照片反復觀看 Hip-Hop 利用人如欲使用本產品於「公開場所」使用，請逕洽集管團體,,華語,6794,,,,
沒有你小傷心,周華健,國語,,8,,3,
沒有你我很不好,,華語,,,,,
沒有你我怎能獨自,流浪,國語,,5,,3,
沒有你的夢,,客語,,,,98,
沒有你陪伴真的好,孤單,國語,,487,,3,
沒有你陪伴真的好孤單,夢然,華語,57599,,,63,
沒有共産掌,火星,國語,,988,,3,
沒有喝夠,,華語,6565,,,,
沒有回頭的愛情,,台語,46,,,,
沒有天生的好命,,華語,61,,,,
沒有如果的如果,,華語,,,,,
沒有你怎麼辦,嚴爵,國語,,4,,3,
沒有你的我,林佳儀,國語,,7,,3,
沒有你的日子我,真的好,國語,,751,,3,
沒有你的月台,凡人,國語,,4,,3,
沒有你的明天,,國語,,47979,,1,
沒有心忙説再,“梅,國語,,5,,3,
沒有愛叨有恨,王傑,國語,,1,,3,
沒有攻瑰的日,金素梅,國語,,3,,3,
沒有星月的夜,謝雷,國語,,6,,3,
沒有月亮的晩,姚蘇蓉,國語,,5,,3,
沒有留下地址,甄妮,國語,,673,,3,
沒有留下地址,鳳飛飛,國語,,98395,,3,
沒有眼涙的童,東來東,國語,,49789,,3,
沒有祢的日子,范忻,國語,,689,,3,
沒有車沒有房,孫輝,國語,,496,,3,
沒有車沒有房,孫輝,華語,579,,,61,
沒有醜女人,順子,國語,,7,,3,
沒有魚,,華語,62,,,38,
沒法度,朱海君,台語,,565,,5,
沒結果的愛,陳凱欣,台語,,4,,8,
沒詞ㄟ戀歌,詹曼鈴,台語,56745,,,62,
沒詞弋戀歌,詹曼鈴,台語,,566,,6,
沒資格讓你再愛我,雨浩楓,華語,576,,,61,
沒道理,劉若英,國語,,9,,9,
沒那麼堅強,,華語,66,,,,
沒那麼堅強,程響,國語,,758,,1,
沒那麼愛他,范瑋琪,國語,42,,,,
沒那麼脆弱,李玉璽,國語,,59662,,1,
沒關係,,華語,38,,,98,
沒關係,張宇,國語,,5,,2,
沖淡回憶,陳淑萍,國語,583,,,68,
沙,,台語,,,,51,
沙K喲,廖秋濟,台語,5,543,,5; 64; 64; 64,
沙喲娜拉,余錦玟,台語,3,,,66,
沙崙之戀,翁立友,台語,,58856,,8,
沙文,五月天林,國語,,59763,,1,
沙浪嘿,黃妃,台語,565,56573,,5; 61; 61; 61,
沙漏,,國語,,498,,2,
沙漏,夏天AIA,國語,,499,,2,
沙漏,許茹芸,國語,,4,,2,
沙漠中的政瑰,青山,國語,,4,,3,
沙漠之足,黄鶯鷽,國語,,3,,2,
沙漠寂寞,李翊君,國語,,3,,2,
沙漠海,張宇,國語,,3,,2,
沙漠海,江淑娜,國語,,984,,2,
沙漠駱駝,展展/羅羅 搖滾,華語,57596,,,63,
沙灘上的回憶,夏國星抃玉英,國語,,764,,3,
沙灘上的情書,紫薇,國語,,498,,3,
沙灘上的月亮,田路路,國語,,745,,3,
沙聲的情歌,豬哥亮,台語,,466,,6,
沙郎嘿悠,,台語,,,,,
沙里紅巴,閻荷婷,國語,,4,,2,
沫粉點因脂,南台灣小姑娘,台語,,4,,6,
河,,華語,65,,,,
河厈,伊能靜,國語,,0,,2,
河堤仅語,林玉英,國語,,0,,2,
河濱公園,S.H.E,國語,39,,,,
河邊又眷夢,洪榮宏乖,台語,,4,,8,
河邊夜嘆,洪一峰,台語,,486,,6,
河邊月光,揚嘯惠,台語,,440,,6,
河邊月色,,國語,,1,,2,
河邊月色,揚小萍,國語,,592,,2,
河邊柳樹,陳一郎,台語,,2,,6,
河邊的寺寺,方怡萍,台語,,44465,,6,
河邊的花蕊,方怡萍,台語,87,,,64,
河邊眷夢,江蕙,台語,,4,,6,
河邊舊夢,文夏,台語,,448,,6,
沸騰,戴愛玲,國語,,56894,,2,
油桐同花,徐立鴻洪百慧,台語,,57564,,5,
油桐樹下說情話,,客語,4,,,51,
油桐花,,客語,1,,,51,
油桐花之戀,,客語,3,,,51,
油菜花 梭 ◆ 劉玉芳,,客語,,,,,
油麻菜粁,李宗盛,國語,,3,,2,
治頭一下看,蔡振南,台語,,5,,6,
沾沾自喜,林寶,國語,59,,,,
沿海地帶,弦子,國語,,56745,,2,
沿過水無痕蔡,秋鳳,台語,,8,,6,
沿過水無痕黄,乙玲,台語,,9,,6,
沿頂的小姐,,台語,,8,,6,
況默的祝福,李翊君,國語,,6,,3,
況默的等候,段千尋,國語,,498,,3,
泅泳,,華語,6879,,,,
法云口,談詩玲,台語,,996,,8,
法克這個人,蕭艹仁,國語,,56893,,3,
泛泛之友,,華語,6476,,,,
泛泛之單,呉克群,國語,,0,,2,
泡包沐,王韻嬋,國語,,9,,2,
泡包沫,鄧紫棋,國語,,5,,2,
泡包沫A,夏天Alex,國語,,49847,,2,
泡沫珍珠茶,閃亮三姐妹,台語,8396,,,54,
泡沫疹味茶,閃亮三,台語,,389,,6,
泡芙女孩,劉亦菲,國語,,6,,9,
泡芙女孩,劉亦菲 洛克,國語,44,,,,
泡茶,傅振輝,台語,,555,,5,
泡茶,羅時豐,台語,,5,,5,
波情網,游麗紅,台語,,54797,,5,
波斯貓,S.H.E,國語,5,,,42,
波波的苶,謝金燕,台語,,4,,6,
波浪的人生,江蕙,台語,,9,,6,
波浪的愛情,謝沛琳,台語,,493,,6,
注定,吳勇濱,台語,,44891,,5,
泰國情哥,黄明志!NAMEWEE,國語,,460,,9,
洋蔥,楊宗緯,國語,590,,,58,
洖會,龍千玉,台語,,97568,,8,
洗不掉的記憶,,華語,6956,,,38,
洗涮涮,安苡葳,台語,,486,,8,
洗澡,林欣彤,台語,,57975,,5,
洗盡鉛華,張秀卿,台語,,465,,6,
洗衣機,朱茵,國語,,0,,2,
洗衫坑之戀 梭 林永祥 ◆,,客語,,,,39,
洗髪精,季欣霈,國語,,843,,2,
洛克公園,,華語,67,,,,
洛花乚情,鳳飛飛,國語,,5,,2,
洛葉、,戴梅君,台語,,5,,5,
洪爐地之戀,施文彬,台語,,57486,,6,
洶湧,西卿,台語,,767,,5,
活iå*VIVA著*VIVAVIVAA,謝霆蜂,國語,,560,,2,
活一天胼一天,陳偉,國語,,2,,3,
活到老愛到老,孫淑媚,台語,,6,,7,
活在替中,陳曽,台語,,6,,6,
活在當下,田帥,台語,,4,,8,
活在當下就好 不要預支煩惱,,華語,66,,,,
活溌變裝送歡笑,燕子,國語,,542,,3,
活潑變裝送歡笑,燕子,國語,8,,,66,
活著,柯有倫,國語,,,,,
活該,,台語,,,,,
活該,信樂團,國語,59,,,,
活該你被抛棄,姜育恆,國語,,1,,3,
派大星,蔡依林,國語,,694,,2,
派對動物,五月天,國語,,5,,9,
派莉派莉,劉福助,台語,,4,,6,
流人手心,王力宏,國語,,448,,2,
流年渡口,,客語,77,,,,
流戀草,蔡小虎,台語,74,,,,
流星,林素秋,台語,56764,,,62,
流星,陳曉涵,台語,6,,,64,
流星.森林.雨,陳曉柬,國語,,396,,3,
流星下的約定,,台語,,,,43,
流星之戀,張帝,國語,,994,,2,
流星墜落我的心,藍富民,台語,,966,,8,
流星森林雨,陳曉東,國語,587,,,58,
流星歲月,李瑞嬌,國語,6,,,63,
流星落葉,,台語,01,,,51,
流星蝴蝶夢,曾朝松/姍姍,台語,1,,,64,
流星雨,F4,國語,47,,,,
流星雨,孫淑媚,台語,55952,,,61,
流水不戀花,,華語,6888,,,,
流水情,林玉英,台語,,5,,5,
流水情,陳思安,台語,,4,,5,
流水情,韓寶儀,台語,79,,,43,
流沙,容祖兒,國語,539,,,95,
流沙,王芷蕾,國語,,,,,
流浪,江志豐,台語,,565,,5,
流浪,阿吉仔,台語,,2,,5,
流浪三兄弟黄,三元,台語,,0,,6,
流浪三兄琴詹,雅霓,台語,,444,,6,
流浪中的腳歩,楊峻榮,國語,,498,,3,
流浪他郷的人,洪榮宏,台語,,587,,7,
流浪兄弟,,華語,64,,,,
流浪兒,,台語,,,,56,
流浪兒,卓依婷,台語,,6,,5,
流浪到何時江,銘,台語,,4,,6,
流浪到淡水金,門王炳輝,台語,,2,,6,
流浪口中車歐,禮全,台語,,558,,6,
流浪地圖,孫燕姿,國語,5,,,81,
流浪天上,林玉崋,台語,,844,,6,
流浪天涯,王建傑,台語,55692,6,,61; 61; 6; 61,
流浪姉妹花陳,芬蘭,台語,,560,,6,
流浪愛河邊,,華語,48,,,94,
流浪我愛人林,翠萍,台語,,494,,6,
流浪我頭路葉,敗田,台語,,2,,6,
流浪歌,卓依嬶,國語,,58581,,2,
流浪漢,良山,台語,,444,,5,
流浪漢,葉啟田 特魯多,台語,69,,,,
流浪狗,帥霖,國語,,1,,9,
流浪狗,游鴻明,國語,,5,,2,
流浪的人,,華語,67,,,,
流浪的人生,,台語,,0,,6,
流浪的人生,韓寶儀,台語,6743,,,00,
流浪的吉他 張燕清 ◆,◆,華語,,,,94,
流浪的命運,陳一元,台語,,439,,6,
流浪的小歌女,陳芬蘭,台語,,4,,7,
流浪的感情,張秀卿,台語,,4,,6,
流浪的樂士,七郎,台語,,1,,6,
流浪的男兒,唐飛 慢迪斯可,台語,563,,,63,
流浪的美少年,文夏,台語,,2,,7,
流浪的背影,,華語,85,,,,
流浪的雲,成威,台語,67,,,,
流浪者之歌,F.I.R,國語,,0,,3,
流浪者的獨白,姜育恆,國語,,7,,3,
流浪者的獨白,葉佳修,國語,,585,,3,
流浪者的獨白,蔡琴,國語,,960,,3,
流浪者的聊印,余天,台語,,9,,7,
流浪者的腳印,余天,台語,84,,,57,
流淚手心,王力宏,國語,39,,,,
流淚的感覺心知道,海洋,華語,570,,,61,
流淚的紅燭,祁隆/阿斯滿,華語,57450,,,61,
流生,林素秋,台語,,444,,5,
流生,蕭玉芬,台語,,57796,,5,
流生雨,F4,國語,,397,,2,
流生雨,孫淑媚,台語,,57545,,5,
流著淚說再見,,台語,54,,,,
流著淚說分手,小文,國語,,682,,3,
流血的承諾,王冰洋,國語,,499,,3,
流逝的戀情,夏文靜,國語,,9,,3,
流離人生,許景淳,國語,,9,,2,
浐P,鄭君威,台語,,494,,5,
浦雨的心情,邱芸子,台語,,453,,6,
浦雨的滋味,七郎,台語,,4,,6,
浩瀚我心,庹丹丹,國語,,49760,,2,
浩瀚星海,,華語,62,,,,
浪人歌聲,七郎,台語,567,587,,62; 62; 6; 62,
浪叟情話,林久登徐紫淇,台語,,444,,6,
浪子,,台語,47,,,,
浪子,七郎鄧詠家,台語,,444,,5,
浪子,七鄧,台語,,795,,8,
浪子命,揚哲,台語,,4,,5,
浪子啊,林俊吉,台語,,7,,5,
浪子回鄉,陳一郎,台語,,498,,6,
浪子回頭,茄子蛋,台語,,59462,,8,
浪子回頭,郭桂彬,台語,,5,,6,
浪子回頭,陳一郎,台語,,438,,6,
浪子回頭,陳盈潔,台語,,7,,6,
浪子回頭,顏塗樟,台語,3,,,66,
浪子回頭金不換,,客語,39,,,,
浪子心,七郎,台語,64,7,,; ; ; 5,
浪子心,陳雷 特魯多,台語,558,,,61,
浪子心聲,葉啟田,台語,,4,,6,
浪子心聲涙,高向鵬,台語,,7,,6,
浪子悲歌,王識賢,台語,,7,,6,
浪子情,王識賢,台語,,2,,5,
浪子情歌,揚哲,台語,,6,,6,
浪子情深,余天 吉力巴,國語,567,,,52,
浪子情深,蔡小虎,台語,,555,,6,
浪子情鎖,方瑞娥,台語,,571,,6,
浪子歌聲,方順吉,台語,,445,,6,
浪子涙,袁小迪,台語,,0,,8,
浪子淚,成威 特魯多,台語,67,,,,
浪子淚,陳雷,台語,551,8,,86; 86; 86; 5,
浪子深情,七郎/麗玉 特魯多,台語,555,,,88,
浪子深情,七郐,台語,,573,,6,
浪子的心聲,侖隆華,台語,,9,,6,
浪子的情涙,黄克林,台語,,7,,6,
浪子的愛,,台語,,396,,6,
浪子的愛,林珈漳,台語,5,,,65,
浪子的愛,陳建誠,台語,,577,,6,
浪子的懺悔,蔡義德,台語,64,,,,
浪子的歌聲,,台語,,4,,6,
浪子的真情,七黄漢杰,台語,,770,,6,
浪子的祈祷,七郎,台語,,2,,6,
浪子的郷愁,七郎,台語,,400,,6,
浪子的鎖疎,高向鵬,台語,,9,,6,
浪子英雄涙,林晏如,台語,,7,,6,
浪子變英雄,翁立友,台語,,4,,6,
浪子走天涯,陳一郎,台語,,96645,,6,
浪子阿回郷里,陳文生,台語,,2,,7,
浪流連,茄子蛋,台語,,59667,,8,
浪漫,謝雷,台語,64,,,,
浪漫一生,王又萱,國語,,54791,,2,
浪漫來襲,蕭亞軒,國語,,464,,9,
浪漫女人心,台冰冰,台語,,469,,6,
浪漫女人心,白冰冰 吉力巴,台語,6748,,,,
浪漫情人節,依稀,華語,571,,,61,
浪漫情人街,畫天,國語,,455,,3,
浪漫情緣,,台語,82,,,53,
浪漫情緣,,國語,,,,94,
浪漫愛情,棠星琪,國語,547,,,61,
浪漫手機,周杰倫,國語,503,,,,
浪漫歌單,,華語,63,,,,
浪漫的不太滿足,高子洋,國語,,,,,
浪漫的邂逅,曽寶玉,台語,,789,,8,
浪漫的邂逅,曾寶玉 特魯多,國語,664,,,,
浪漫聖誕節,孫益程,國語,,49867,,3,
浪漫血液,林俊傑,國語,,469,,2,
浪良花乚,李翊君,國語,,7,,2,
浪良花乚,江惠儀,台語,,443,,5,
浪花,崔苔菁,國語,3899,,,,
浪花一尕尕,任賢齊弄良,國語,,9,,3,
浪花上的人,鍾欣桐,台語,,579,,6,
浪花人生,,國語,,1,,2,
浪花的帆 搖滾 肖楊,,華語,65,,,,
浪花節人生,,台語,,7,,6,
浪花節人生,洪榮宏,台語,,9,,6,
浪莅晩霞與我,陳盈潔,國語,,7,,3,
浪費眼淚,Ella,國語,,662,,2,
浮世夢,,華語,6392,,,,
浮世如夢,一綾/周慧璇,台語,557,,,96,
浮世情懷,鳳飛飛,國語,,7,,2,
浮城,陳奕迅,國語,554,,,78,
浮爭世如夢,一綾,台語,,674,,6,
浮生不念,,華語,6544,,,,
浮生千山路,潘越雲,國語,,4645,,1,
浮生右歹,謝莉娉,國語,,872,,9,
浮生如夢,DJ Black仔哥,國語,5,,,61,
浮生如夢,DJ&BLAC仔开,國語,,894,,2,
浮生未歇,畢書盡,國語,,582,,2,
浮生記,,華語,67,,,,
浮雲,張韶涵,國語,,9,,2,
浮雲遊子,陳明韶,國語,,700,,2,
浱尸曲一林酒,,國語,,6,,3,
浴亻匕涙,蔡小虎龍千玉,台語,,571,,5,
海,FSFuyingsam),國語,,463,,9,
海,方季惟,國語,,387,,2,
海一樣的戀情,陳淑樺,國語,,756,,3,
海上濃霧 抒情搖滾 魚兒七,,華語,64,,,,
海上男兒,曾明煌,台語,,4,,8,
海上男兒,王識賢,台語,,6,,6,
海上的島,伍佰&范,台語,,3,,6,
海上的月亮,李宇春,國語,,57770,,3,
海上的男兒,洪榮宏,台語,,7,,6,
海上的男兒,王識賢,台語,,762,,6,
海上的男兒,王識賢 慢迪斯可,台語,558,,,73,
海上的男兒,王首承,台語,7682,98674,,53; 53; 53; 8; 8,
海上艮宵,,國語,,0,,2,
海上良宵,陳蘭麗,國語,,887,,2,
海之焰,,華語,65,,,,
海人戀唄,,國語,,997,,2,
海北畠,夏天Alex,國語,,476,,2,
海口人,曾小萍,台語,,7,,5,
海口兄歌,康丁,台語,,96555,,6,
海口媽媽,,台語,79,,,95,
海口子,王建傑,台語,,0,,5,
海口英雄,施文彬,台語,,9,,8,
海和天空,齊秦,國語,,2,,2,
海嘯,庚澄慶,國語,,576,,2,
海外一封信,洪一峰,台語,,068,,6,
海外一封信,顏華,台語,,560,,6,
海天一色,吳秀珠,國語,,572,,2,
海岸,蕭玉芬,台語,,385,,5,
海市蜃樓,于楓,國語,,1,,2,
海市蜃樓,蔡依林,國語,,9,,2,
海底摸釒,朱海君,台語,,445,,6,
海底摸針,豪記大對唱,台語,,48871,,6,
海底針,楊明錕,台語,665,,,61,
海底針,洪榮宏,台語,,9,,5,
海底飛凌機,佰百,台語,,967,,6,
海枯石,OIivia&&On,國語,,574,,2,
海枯石爛的謊言,,台語,62,,,40,
海棠前,,華語,6960,,,38,
海棠淚,,華語,66,,,,
海波浪,黃乙玲,台語,,7,,5,
海浪,袁小迪龍千玉,台語,,8,,5,
海浪情,葉復台,台語,,4,,5,
海灘,溫嵐,國語,38,,,,
海産,HE有激,國語,,4,,2,
海盜,蔡依林,國語,5,,,44,
海綿寶寶,回音哥,華語,576,,,65,
海花,,華語,69,,,,
海草舞,蕭全,國語,,468,,1,
海草舞,蕭全,華語,57597,,,63,
海葬,,華語,69,,,,
海螺溝之戀,華政雙,華語,572,,,61,
海裡來的沙,韓培娟,國語,,5,,3,
海角信號,七郎,台語,,56942,,6,
海角信號,七郎 特魯多,台語,553,,,88,
海角共天涯 秦媗/林鴻銘 ◆,,華語,,,,93,
海角天涯,王識賢,台語,8543,567,,70; 70; 70; 6,
海角天涯淚,,華語,,,,,
海角天涯淚,李明洋,台語,,9,,8,
海角天涯淚,蔡麗津明洋,台語,,438,,8,
海角天邊,李素專,台語,,8,,6,
海邊情長,,客語,853,,,51,
海邊的歌聲,洪榮宏 特魯多,台語,6778,,,,
海闊天空,信樂團,國語,40,5,,; ; ; 2,
海闊天空,周華健,國語,,8,,2,
海闊天空,黃思婷,國語,,442,,2,
海難,温嵐,國語,,574,,2,
海韻,鄧麗君,國語,,5,,2,
海風吹,黃妃,台語,,44447,,5,
海風吹心肝,,台語,,4,,6,
海風海湧海茫,張秀卿,台語,,7,,7,
海鳥,阿錡,台語,,492,,5,
海鳥請你來陪伴我,,台語,,9,,7,
海鴎飛阿飛,方惟准,國語,,383,,3,
海鷗在飛翔,甄秀珍,國語,,596,,3,
海鷗飛,呉筱蜻,國語,,559,,2,
消失的光,,台語,,,,49,
消失的情侶,呉晉淮,台語,,540,,6,
消失的戀情,,華語,,,,94,
消息,張宇,國語,,3,,2,
消遣,秀蘭瑪,台語,,555,,5,
消風的氣球,陳百潭,台語,7988,,,49,
涙光中的笑容,高明駿,國語,,943,,3,
涙和酒,甲子慧,台語,,856,,8,
涙就這樣一直,阿龍正者寵,國語,,7,,3,
涙廘一愛河橋,郭大誠,台語,,041,,6,
涙灑愛河橋,龍飄飆,國語,,6,,3,
涼、涼,楊宗緯碧晨,國語,,592,,9,
淅瀝雨夜 Hip-Hop ★ 羊羊,,華語,68,,,,
淋雨一直走,張韶涵,國語,,976,,3,
淒凉固定弋,蔡振南,台語,,953,,6,
淒凉的雨中,余帝,台語,,442,,6,
淒痴癡 華爾滋 邱芸子,,台語,,,,46,
淚,余帝,國語,551,,,50,
淚中花,,台語,94,,,,
淚傷,信,國語,,3,,1,
淚光,張韶涵,國語,5,,,89,
淚光閃垛,&FI.R,國語,,383,,2,
淚從喜中來,,華語,68,,,,
淚流心痛,大台風樂團 搖滾,國語,,,,60,
淚灑太陽,文香,台語,,2,,6,
淚狂奔,陳思涵,國語,,452,,2,
淚的小花,青山,國語,,2,,2,
淚的眼睛,甲子慧,台語,5,,,68,
淚的衣裳,,國語,,389,,2,
淚相思,慕容婕,台語,,758,,8,
淚雨,施志興,台語,565,,,61,
淡墨紅塵 詩雨 ◆,,國語,,,,97,
淡忘,,華語,6453,,,,
淡水之吆,陳隨意,台語,,4,,6,
淡水夜色,許恩何,台語,,8,,8,
淡水夜色,許恩何 特魯多,台語,9,,,,
淡水情歌,張秀卿林宏銘,台語,,465,,6,
淡水戀情,,華語,,,,51,
淡水河邊,,國語,,1,,2,
淡水河邊,葉啟田,台語,,2,,6,
淡水的雨,詹雅雯,台語,,4,,6,
淡水舊情,楊哲,台語,,474,,8,
淡薄仔,黄妃,台語,,573,,5,
淡薄仔酸,盧繹棋,台語,563,,,00,
淡黄色捲髪,段千尋,國語,,49748,,3,
淪陷,,台語,,,,,
淪陷,,華語,66,,,53,
深不見底的悲,,華語,63,,,,
深信不疑,蔡健雅,國語,538,4,,41; 41; 41; 2,
深冰愛者你,邱芸子,台語,,4,,6,
深呼吸,范曉萱,國語,,485,,2,
深呼吸,鄭虹,國語,,3,,1,
深夜,,華語,65,,,,
深夜地下鐵,祹鈺玉,國語,,642,,3,
深夜地下鐵,陶鈺玉,華語,575,,,63,
深夜孤單暝 探戈 ◆ 陳俐菁/周傑米,,華語,54,,,,
深山的牧場,洪一峰,台語,,439,,6,
深山的牧昜,文夏,台語,,573,,6,
深情,談芳兵,國語,39,,,00,
深情不改,譚詠麟,國語,,1,,2,
深情到永遠,侯志堅,國語,,3,,3,
深情北海岸,明哥/文麗,台語,7,,,,
深情北海岸,明哥文,台語,,54443,,6,
深情在心内,邱芸子,台語,,4,,6,
深情對你,王瑞霞對唱,台語,,2,,6,
深情對你,王瑞霞羅,台語,,6,,6,
深情戀歌,廖秋濟,台語,8,543,,65; 65; 6; 65,
深情換心冷,陳秀瓊,台語,5,,,65,
深情款款的一生,,國語,,,,,
深情歌,IIMON,國語,,8,,2,
深情比酒濃農,林楚麒,國語,,2,,3,
深情海,林俊吉洪百慧,台語,,793,,5,
深情海岸,詹雅雯,台語,,566,,6,
深情海岸,詹雅雯 特魯多,台語,554,,,98,
深情烙印在心裡,,台語,76,,,,
深情的戀歌,張景星,台語,,546,,6,
深情的所在,江済蓉,台語,,8,,6,
深情的探戈,劉玉英,台語,2,,,65,
深情的歌聲,林靖恩,台語,995,,,64,
深情的花蕊,鳳琴,台語,5,,,66,
深情看世界,南方二,國語,,4,,3,
深情種子,,華語,6457,,,,
深情脈脈,劉家昌,國語,,9,,2,
深情難捨,,台語,,0,,6,
深情難捨,洪湘淇,台語,969,785,,63; 8,
深情鴛鴦,",林慶源楊真",台語,,549,,6,
深情鴛鴦,郭煌池/高麗絹,台語,3,,,69,
深愛你的豬,閆寒,國語,,687,,3,
深愛的人,慕容婕鈴,國語,5,,,63,
深更,陳茂豐,台語,56758,589,,5; 62; 62; 62,
深更伴孤燈,文夏,台語,,042,,6,
深更的吉他,佚名,台語,,448,,6,
深木显會吳,秀女,台語,,54789,,6,
深海,張學友,國語,,0,,2,
深深不了情,翁立友,台語,,46858,,8,
深深塊愛你,潘氏兄,台語,,4,,6,
深深庭院,洪榮宏,國語,,4,,2,
深深心田訁羅秀,建豪蘭瑪,台語,,557,,6,
深深思念你,同班同學,台語,68,,,,
深深愛,,華語,,,,,
深深愛你,施文彬,國語,,5,,2,
深深愛你,葉子瑄昔力,國語,,7,,2,
深深愛著你,游家順 勃露斯,台語,55488,,,57; 57; 57; 52,
深深愛著你,邱芸子,台語,55397,,,,
深深愛著妳,蕭承祥,台語,1,,,64,
深深愛過,劉育綾 特魯多,台語,84,,,57,
深深戀情 探戈 ◆ 方瑞娥,,台語,75,,,,
深深的情,謝莉婷,台語,,443,,6,
深深的戀情,謝雷,國語,,681,,3,
深深等待你,王秀琪,台語,,860,,8,
深深迷醉,王建傑,台語,568,,,61,
深深體會,吳秀女,台語,7,,,,
深淵,王萊,台語,56587,,,66,
深清的探戈,陳且潔,台語,,4,,6,
深秋楓紅,,國語,,9,,2,
深秋的黎明,黎明,國語,,8,,3,
深藍色的海,,華語,6770,,,,
深藏不露,山風點,國語,,6,,2,
深邃與甜蜜,張清芳,國語,3846,988,,; ; ; 3,
深閨夢裡人,鳳飛飛,國語,,988,,3,
深雪,張文綺,國語,,463,,9,
混沌的世界,,華語,84,,,53,
淺.血深木監,伍思凱,國語,,573,,2,
添丁發財,王俊傑,台語,567,,,62,
添丁發財王,俊傑,台語,,3,,6,
添油加醋吳林,俊宏,台語,,5,,6,
清人的黄襯衫,謝雷,國語,,1,,3,
清人變成朋友,小剛,國語,,2,,3,
清夢情網,石喬,台語,,987,,8,
清宮訁,陳明仁,國語,,666,,2,
清平調,,國語,,4,,2,
清平調,五品,國語,,543,,2,
清平調,張蜊敏,國語,,568,,2,
清平調,潘安邦,國語,,682,,2,
清敵,霍正奇,國語,,390,,2,
清是啥物件,王建傑,台語,,5,,8,
清晨五點,劉虹嬅,國語,,6,,2,
清晨有粥 黃昏有酒,,華語,6978,,,,
清歌唱盡,阿吉仔,國語,,48477,,2,
清殤,段千尋,國語,,49776,,2,
清水河往事,,華語,6554,,,,
清水祖師 梭 趙小國 T.R.Y,,華語,,,,45,
清流,,華語,68,,,,
清海一條龍,陳一郎,台語,,1,,6,
清海沐沐泅,李嘉,台語,,493,,6,
清海網中人,江蕙,台語,,2,,6,
清涼在心田,于楓,國語,,2,,3,
清涼歌,蓮歌子,台語,,441,,5,
清淚放叼位,邱芸子,台語,,473,,6,
清淨平等,,台語,,,,,
清深似海,陳雷&孫淑媚,台語,,98381,,8,
清瘤感菌,陳小春,國語,,392,,2,
清空,,華語,63,,,53,
清網,李明德,國語,,389,,2,
清緣,錢幽蘭,國語,,493,,2,
清緣,黃思婷,國語,,4,,2,
清繭,藍雨,國語,,495,,2,
清那要斷就斷乎離,李茂山,台語,,799,,7,
清醒,小錬椒,台語,,497,,5,
清醒,林慶源,台語,,44663,,5,
清鎖,蔡琴,國語,,9,,2,
清關,陳淑樺,國語,,393,,2,
清關難過情夢抹醒,唐儷,台語,,6,,7,
清難由衷,何方,國語,,394,,2,
清雨亂亂飛,陳亞蘭,台語,,1,,6,
清願,張學友,國語,,397,,2,
清願受傷,,國語,,388,,2,
清香的花蕊,李嘉,台語,551,76558,,94; 94; 94; 6,
渇了張,張惠妹,國語,,5,,2,
渇望,郭富城,國語,,9,,2,
渇望愛情,劉嘉亮,Unknown,,4,,1,
渇望明天好天氣,李翊君,國語,,8,,3,
渡冷月,蔡秋鳳,台語,,578,,5,
渡口,蔡琴,國語,,8,,2,
渡情,高勝美,國語,,387,,2,
渡時機,陳雷,台語,8597,680,,73; 73; 73; 5,
渡船人,高向鵬,台語,,6,,5,
渡過多少寂寞黃昏,成威/麗君,台語,67,,,,
渥雨,,台語,42,,,94,
温存的求縛,陳淑樺,國語,,599,,3,
温暖的暦内,王中平,台語,,573,,6,
温暖的秋天,鳳飛飛,國語,,7,,3,
温暖自的情,洪榮宏,台語,,8,,6,
温杀高林,向鵬&,台語,,577,,5,
温柔,五月夭,國語,,488,,2,
"温柔的慈悲,",南方二,國語,,3,,3,
温柔的拒絶,薛岳,國語,,8,,3,
温柔的査甫人,趙傳,台語,,948,,7,
温汞于,台煙,台語,,761,,5,
"温汞壞男人,",柯受良,國語,,0,,3,
温温的酒杯,蔡小虎王瑞霤,台語,,7,,6,
温讠、白慈悲,林良県,國語,,9,,3,
温馨的回憶,,國語,,48400,,3,
港口,謝黄小菁,台語,,456,,5,
港口悲歌,楊義東,台語,3,54491,,64; 64; 6; 64,
港口清影,上明簡,台語,,985,,8,
港口的好男兒,阿明,台語,,95695,,7,
港口純情,朱紅紅,台語,,497,,6,
港口船螺聲,七郎,台語,,948,,6,
港岸,歐禮全,台語,,869,,5,
港町十三番地,,台語,,49492,,7,
港町十三番地,沈芳如,台語,,873,,7,
港臭悲戀艹,張凱娉,台語,,49493,,6,
港臱悲糹夢,,台語,,4,,6,
港邊乾林,文夏,台語,,6,,6,
港邊傷心曲,黄俊雄,台語,,448,,6,
港邊夜月,洪一峰,台語,,4,,6,
港邊思念伊,陳莉,台語,556,,,61,
港邊情綿綿,鄭淑芬,台語,,3,,6,
港邊戀情,陳一郎,台語,7599,,,,
港邊甘是男性傷心的,在羅時豐,台語,,5,,7,
港邊男兒,廬廣仲,台語,,574,,6,
港邊的吉他,洪一年,台語,,475,,6,
港邊相思曲,文夏,台語,,4,,6,
港邊等愛人,素蘭,台語,,583,,6,
港邊純情夢,陳稜韻,台語,6,,,65,
港都夜快平,,台語,,98676,,8,
港都夜快車,王首承 吉力巴,台語,7684,,,49,
港都夜曲,洪榮宏,台語,,874,,6,
港都思戀夢,南峰,台語,748,,,,
港都思戀夢,南崋,台語,,54492,,6,
港都戀歌,江蕙,台語,,2,,6,
港都的月,七郎,台語,6861,5,,; ; ; 6,
港都秋夜暝,,國語,,,,,
港都船螺聲,陳盈潔,台語,6785,,,,
港都賣花姑娘,鄭淑玲,台語,,447,,7,
渴望愛情,劉嘉亮,華語,57495,,,71,
湄洲媽祖,邱芸子,台語,85,,,70,
湖塗的裁縫師,郭大誠,台語,,059,,7,
湳雨的心情,邱芸子,台語,55456,,,97,
源諒我一吹,歡子,國語,,9,,3,
準備好抹,蘇路,台語,,58480,,6,
溜溜的情歌,,華語,83,,,51,
溝壑,,華語,66,,,,
溝酒話,沈文程,台語,,8,,5,
溝醉話,荒山亮,台語,,973,,5,
溪中月,談詩玲,台語,,77560,,8,
溪水情,龍千玉,台語,,3,,5,
溪頭之戀,,台語,,4,,6,
溫暖,蔡柱枝,台語,,43861,,8,
溫暖你的心,蔡一川&甲子莍,台語,,764,,6,
溫暖你的心,蔡一州/林美莉,台語,80,,,60,
溫暖的偎靠,蘇錦煌,台語,,8,,6,
溫暖的偎靠,蘇錦煌 特魯多,台語,568,,,63,
溫暖的厝,唐飛,台語,56385,578,,66; 66; 6; 66,
溫暖的厝內,王中平,台語,56752,,,62,
溫暖的家,羅百吉,國語,5,676,,3; 60; 60; 60,
溫暖的山雪,洪榮宏,台語,,9,,6,
溫暖的故鄉,,台語,,,,52,
溫暖的笑容,陳盈潔,台語,,4,,6,
溫暖的逗,蘇錦煌/林鈺茹,台語,56777,,,62,
溫暖的逗,蘇錦煌林鈺茹,台語,,43988,,6,
溫杀城市,王識賢,台語,,9,,6,
溫杀女人心,唐飛,台語,,444,,6,
溫杀車站,的人,台語,,9,,6,
溫杀車站,荒山亮,台語,,972,,6,
溫杀鄉,陳雅森,國語,,2,,1,
溫柔,于台煙,台語,568,,,67,
溫柔,高進,華語,,,,69,
溫柔名片,洪百慧,台語,,8,,6,
溫柔女人心,唐飛,台語,565,,,61,
溫柔女孩,潘瑋柏,國語,,9,,3,
溫柔心機,,台語,,,,,
溫柔白賊話,邱芸子,台語,554,,,,
溫柔的傷悲,向蕙玲,台語,,9,,8,
溫柔的力量 潘益群 ◆,,華語,43,,,94,
溫柔的愛,龍飄飄,國語,,8,,3,
溫柔的慈悲,李嘉,台語,,7,,6,
溫柔的海嘯,,華語,60,,,,
溫柔的陷阱,施志興,台語,567,,,61,
溫柔累了,A-LA-Lin,國語,,57956,,3,
溫柔車站,荒山亮,台語,55960,,,61,
溫柔鄉,謝雷,台語,,43978,,8,
溫柔鄉的吉他,王俊傑 特魯多,台語,567,,,62,
溫泉悲歌,永田,台語,,4,,6,
溫泉鄉之戀,吳詩涵 吉力巴,台語,3,,,61,
溫泉鄉之戀,張振霖,台語,3,,,66,
溫泉鄉的情歌,楊哲,台語,,466,,8,
溫泉鄉的流浪,方瑞娥,台語,,4,,7,
溫皿柔、花匕,林俊彥&二,台語,,494,,5,
滄海一聲笑,黄霑,國語,,1,,3,
滄海任我闖,,華語,6545,,,,
滄海演歌 特魯多 葉冠成.廖鳳英,,台語,48,,,53,
滋呠,林俊吉,台語,,790,,5,
滑步向左,王雪娥,國語,5,,,61,
滲淚的酒,方仟翊,台語,,7,,6,
滲著一目的愛,荒山亮,台語,,577,,7,
滲著目屎的愛,甲子慧/荒山亮,台語,55878,,,61,
滴滴情戾攏是,李芊慧,台語,,4,,7,
滴滴情淚,沈芳如,台語,559,,,61,
滴滴眼淚都是,倪賓,國語,,6,,3,
滴滴答答的落,聲陳思安,台語,,6,,7,
滴答滴,秀蘭瑪,台語,,43956,,8,
滴答的落寞,,華語,,,,99,
滾滾煙塵塵後面,黎亞,國語,,458,,3,
滾滾紅塵,羅大佑&卑淑槿,國語,,661,,3,
滾滾紅塵,陳淑樺,Unknown,,381,,,
滿城絮,所困,華語,6389,,,,
滿場飛,鳳飛飛,國語,,5,,2,
滿天星,孫奇,國語,,3,,1,
滿天星,黃思婷,台語,,578,,5,
滿天淚,文豪,台語,,,,69,
滿山色,鳳飛飛,台語,,6,,6,
滿山花開放,費玉清,國語,,845,,3,
滿川姑娘,李香蘭,國語,,651,,3,
滿座,李榮浩,國語,,45775,,9,
滿懷希望向前進,羅富騰/連秀敏 吉力巴,國語,567,,,61,
滿是紅色 抒情搖滾 趙希予,,華語,68,,,,
滿月,溫嵐,國語,506,,,44,
滿月,陳思思,國語,,468,,9,
滿杯,彭立,國語,,6,,2,
滿滿口袋,玄樂團,國語,,49568,,3,
滿滿幸福送給你,蔡一州,台語,,1,,8,
滿滿的祝福,林玉蕊,台語,,54768,,7,
滿滿的祝福,林玉蕊 慢迪斯可,台語,8,,,63,
滿滿相思,林良歡,台語,,44580,,6,
滿田禾串像黃金,,客語,393,,,51,
滿穗稻仔,王中平,台語,565,,,61,
滿腹的相思,陳秀玲,台語,,795,,8,
滿足,唐稚白,台語,8,,,,
滿足,蘇慧倫,國語,,1,,2,
滿載而歸夕陽裡,徐淳蓁/游茗淓/余美玲,國語,574,,,61,
滿面春風,林偏靜,台語,8,,,63,
滿面春風,鳳飛飛,台語,,49478,,6,
漁宀姑娘在海,美黛,國語,,975,,3,
漁浪,,台語,,6,,5,
漁港之戀,洪彬朝,台語,,541,,6,
漂丿男人,唐飛,台語,568,,,66,
漂手的鋩亠口,ENERGY,國語,,685,,3,
漂撇七逃人沈,文程,台語,,2,,7,
漂泊,沈文程,台語,,759,,5,
漂泊,沈文程,國語,,9,,9,
漂泊少年兄,余瑞昌,台語,56741,,,63,
漂泊男人,唐飛,台語,,554,,6,
漂泊的七逃人,沈文程,台語,,3,,7,
漂泊的人生,莊振凱,台語,,850,,7,
漂泊的你是阮的所愛,石喬,台語,553,,,00,
漂泊的你是阮的所愛,石琇惠/石喬,台語,553,,,00,
漂泊的你是阮的,石石夊琇惠,台語,,5,,7,
漂泊的愛,蔡小虎,台語,,1,,6,
漂泊的愛,袁小迪向蕙玲,台語,,545,,6,
漂泊的男兒,,台語,44,,,94,
漂泊的男兒,蘇錦煌 特魯多,台語,568,,,63,
漂泊的男子漢,施文彬,台語,,4,,7,
漂泊的風度對,豪記大唱,台語,,655,,7,
"漂泊風聲,",龍千玉,台語,,468,,8,
漂流在一片思念的海,陳辰,華語,573,,,61,
漂流的命運,揚哲,台語,557,,,87,
漂浪之女,文香,台語,,5,,6,
漂浪人生,謝莉婷,台語,,9,,6,
漂浪深,袁小迪,台語,,555,,6,
漂浪的我,陳建誠,台語,,4,,6,
漂浪的歌,風采輪,台語,,443,,6,
漂浪的海沙,詹雅雯,台語,55440,,,96,
漂浪的海沙詹,雅雯,台語,,567,,7,
漂浪的靈魂邵,冫倫,台語,,544,,7,
漂浪行船人,葉啟田 慢迪斯可,台語,82,,,60,
演員,薛之謙,國語,,463,,9,
演藝人生,,台語,88,,,,
演藝舞台,龍千玉,台語,,4,,6,
演袂落去,江蕙,台語,,5,,6,
漢寶恰恰,阿堂,台語,,,,69,
漣漪朵朵,周雅芳,國語,5,,,67,
漩渦,張清芳,國語,589,,,,
漩渦,晨悠,國語,510,,,61,
漫慢,張張學友,國語,,2,,2,
漫步人生路,,台語,,,,56,
漫步夕陽下,,台語,,2,,7,
漫步月光,余哲,華語,57542,,,67,
漫漫來,嫚嫚,國語,,54743,,2,
漫漫等,韋禮安,國語,,571,,2,
漫漫長夜,蔡琴,國語,,7,,3,
漫舞,杜忻恬,國語,,6,,9,
漫長的旅途劉,沛蘭,台語,,976,,7,
漫靈魂,盧廣仲,國語,,57490,,2,
漸冷,,華語,62,,,53,
漸漸,趙薇/No Name,國語,5,,,51,
漸漸天會光詹,雅雯,台語,,766,,7,
漸漸的,,華語,69,,,,
漸逝的夢 你的心為我痛過嗎,,華語,69,,,,
漾漾睡唔得,,客語,855,,,51,
潑婦的懲罰,力郎,國語,,683,,3,
潑水歌,水蜜桃姐姐,國語,,948,,2,
潔廦,嚴五月天,國語,,57991,,2,
潘尕拉,謝金燕,國語,,457,,2,
潘朵拉,張韶涵,國語,45,,,,
潘朵拉,謝金燕,國語,5,,,66,
潛入深海裡,黃湘怡,國語,598,,,61,
潛意識失憶,鄭國鋒,國語,,49561,,3,
潛龍勿用,謝霆鋒,國語,,563,,3,
潦落去,唐甄小瑄,台語,,6,,8,
潮,金素梅,國語,,1,,2,
潮水,趙薇,國語,,9,,2,
潮汐,吳梵,國語,500,,,82,
潮汐向月,,華語,6594,,,,
潮起潮落,詩雨,國語,5,0,,00; 00; 00; 3,
潮騷,許景淳,國語,,1,,2,
潰散,,華語,6868,,,,
澄清湖之戀,林海,台語,,852,,7,
澎湖冬天冷吱吱,,台語,,,,42,
澎湖戀歌,詹雅雯,台語,554,567,,00; 00; 00; 6,
澹心肝,,台語,77,,,,
濁水溪岸,唐儷,台語,,5,,8,
濁水溪戀情 特魯多 方瑞娥,,台語,,,,44,
濃情,,國語,,5,,1,
濃情蜜語,,客語,2,,,51,
濃情長相憶,,客語,5,,,51,
濃濃的一杯酒,洪榮宏,國語,,0,,3,
濃眉毛,孫燕姿,國語,5,,,41,
濛朧中你 吳如意 ◆,,客語,839,,,51,
濟公,,台語,00,,,56,
濟公,亞賜,台語,82,,,59,
濟公,林済賜,台語,,764,,5,
濤聲依舊,陳小奇,國語,,4,,3,
瀏瀏去,阿吉仔,台語,,8,,5,
瀟洒的走,鳳飛飛,國語,,3,,3,
瀟灑男兒,陳冠霖,台語,,46772,,8,
瀟灑的背後,霍正奇,國語,,3,,3,
瀟麗走一回,葉蒨文,國語,,8,,3,
瀧關橋的呼聲,卓依婷,台語,,968,,7,
灌漑愛,郭釆潔,國語,,576,,2,
灑灑雨,蔡一州,台語,84,,,59,
火,張惠妹,國語,,0,,2,
火了愛,,台語,54,,,,
火了愛,,國語,,3,,1,
火冫夂,謝金燕,台語,,6,,5,
火冫糹、夂.脫,拉庫,國語,,2,,2,
火力全開,王力宏,國語,,4,,2,
火化,張學友,國語,,3,,2,
火名,歐陽菲,國語,,687,,2,
火柴天堂,熊天平,國語,,3,,2,
火海,,華語,60,,,,
火火蟲蟲,張傑,國語,,3,,2,
火熱時光,,華語,,,,,
火熱的心,林志穎,國語,,3,,2,
火燒山,黄小菁,台語,,486,,5,
火燒心,謝莉嬶,台語,,44669,,5,
火燒心,鄭君威,台語,,492,,5,
火燒心肝,蔡麗津,台語,564,94875,,65; 65; 6; 65,
火燒的寂寞,,國語,,56955,,3,
火生,林冠吟,國語,,4,,2,
火種,楊莊辰凱,台語,,682,,5,
火紅的花兒,張啟靚,華語,576,,,61,
火與冰,黎亞,國語,,499,,2,
火花,,台語,,,,95,
火苗,格格,華語,57000,,,61,
火車叨位去,周杰倫,台語,6992,,,,
火車快飛,夏天,國語,574,9,,2; 61; 61; 61,
火車情,田帥,台語,,3,,8,
火車袂等人,,台語,,494,,6,
火車頂的心情,卜學亮,台語,,438,,7,
火車頭,楊宗憲,台語,,3,,5,
火辣辣的情歌,烏蘭圖雅,華語,57497,,,71,
火辣辣的情歌,鳥蘭圖,國語,,9,,9,
火還著,,客語,4,,,51,
火金姑,于珊珊,台語,67,,,,
火金姑,邱火金 吉力巴,台語,988,,,64,
火金姑來照路,,華語,47,,,,
火風落葉、周,思潔,台語,,5,,6,
灰姑娘,張惠妹,國語,,3,,2,
灰姑娘的眼淚,王心凌,國語,592,,,45,
灰燼,芭比,國語,,8,,2,
灰色天空,,華語,61,,,,
灰色的彩虹,范珒琪,國語,,56887,,3,
灰色的逃脱,林憶蓮,國語,,3,,3,
灰色空間,羅志祥,國語,596,,,55,
灰色華爾滋,,華語,61,,,,
灰黑白,,台語,68,,,,
炎何容易,楊麗菁,國語,,555,,3,
炎何容易,鄭中基,國語,,1,,3,
炒花枝,,台語,,444,,5,
炒花枝,一綾,台語,550,,,94,
炮仔聲,江蕙,台語,6958,6,,; ; ; 5,
為、愛犯了罪,李度,國語,,569,,3,
為、愛瘦一吹,劉徳華,國語,,9,,3,
為、愛笑著流淚陳,明真,國語,,3,,3,
為一十萬元,郭大誠,台語,,5,,6,
為了你我哭了多少,夜,國語,,3,,3,
為了夢想的人 抒情搖滾 ★ 桃子,,華語,63,,,,
為了宀,那英陳,國語,,3,,2,
為了你活,韋禮安,國語,,888,,9,
為了你,郁可唯,國語,,5,,2,
為了愛你,王鐵峰,國語,,49575,,2,
為了愛你,王鐵峰,華語,575,,,61,
為了我好,柯有綸,國語,586,,,81,
為了我愛的人傷害愛我的人,陳順,華語,572,,,61,
為了遇見你,揚宗鍏,國語,,57859,,3,
為人子女愛思量,,客語,383,,,51,
為人就愛好心賢,,客語,4,,,51,
為亻不是我,傅振輝,台語,,569,,6,
為亻離開我,呉佩玲,台語,,494,,6,
為亻麼你無來,西卿,台語,,066,,7,
為亻麼我愛你,葉啟田,台語,,879,,7,
為什麼,大豪,國語,,650,,2,
為什麼,郭金發,台語,,2,,5,
為什麼,銀霞,國語,,953,,9,
為什麼不回來,秀蘭,國語,,9,,9,
為什麼你狠心地傷害我,雨浩楓,華語,575,,,61,
為什麼你背著我愛,別人,國語,,4,,3,
為什麼你要傷害,,台語,,,,,
為什麼受傷的總是,我,國語,,3,,3,
為什麼呢,肖飛,國語,,684,,2,
為什麼你會有煩惱,尤雅,國語,,556,,3,
為什麼你要傷害一,個愛,國語,,954,,3,
為什麼你不能像我,愛你,國語,,687,,3,
為什麼我愛的那 郭力 麼累,,華語,67,,,,
為什麼我的真換來,人我的,國語,,3,,3,
為什麼春天要遲到,崔苔菁,國語,,8,,3,
為什麼春天要遲到,葉瞹菱,國語,,480,,3,
為什麼會變成這樣,丁于,國語,,680,,3,
為什麼沒有愛,羅百吉,國語,5,,,78,
為什麼相愛的人不,能在,國語,,767,,3,
為什麼背著我愛別,人,國語,,3,,3,
為什麼要喝醉 抒情搖滾 利用人如欲使用本產品於「公開場所」使用，請逕洽集管團體或,,華語,62,,,,
為伊心茫汜,方順吉,台語,,947,,6,
為伊心茫茫,方順吉,台語,84,,,73,
為伊走千里,郭金發,台語,,975,,6,
為何,陳中,台語,,496,,5,
為何不能長相守,謝雷,國語,,8,,3,
為何今夜這呢冷洪,榮宏,台語,,4,,7,
為何你不是我的未,來,國語,,3,,3,
為何你不是我的未來,黎明,國語,5,,,66,
為何來相瞞,黄乙玲,台語,,7,,6,
為何偏偏是我為情,,華語,6380,,,,
為何傷我這呢深鄧,詠家,台語,,76488,,7,
為何僥心將阮放,游麗紅,台語,5,,,64,
為何僥心將阮放游,麗紅,台語,,94753,,7,
為何分来西,楊松枝,台語,,785,,8,
為何分東西,楊松枝,台語,6,,,63,
為何夢到你,陳盈潔,台語,,638,,6,
為何夢袂醒,蕭承祥,台語,1,,,65,
為何悲傷留乎我,,華語,,,,,
為何愛著你,余天,台語,,7,,6,
為何新娘不是我龍,一玉,台語,,3,,7,
為何欺騙我,李麗雯,台語,6,544,,; ; ; 6,
為何要來傷害我,,華語,65,,,,
為何這款命,羅安,台語,555,,,92,
為何這款命,阿吉仔,台語,,4,,6,
為何那會斷了情洪,榮宏,台語,,6,,7,
為何閃避我,陳小雲,台語,,2,,6,
為你下活去,荒山亮,台語,,392,,8,
為你傷懷,藍雨,國語,,495,,2,
為你剖心肝,,華語,,,,,
為你吃苦我無怨,劉育綾 特魯多,台語,8400,,,56,
為你吃苦我無怨劉,育綾,台語,,564,,7,
為你唱一首歌,陳小雲,台語,,46543,,7,
為你唱首小情歌,,華語,63,,,,
為你夢,楊靜,台語,,445,,5,
為你夢為你等,孫淑媚,台語,84,560,,60; 60; 60; 7,
為你守護 抒情搖滾 歌曲 ◆ 詠心,,台語,54,,,,
為你寫的詩,,華語,73,,,,
為你寫詩,吳克群,國語,,562,,2,
為你心亂,劉育綾,台語,554,,,00,
為你心碎,林玉梅,台語,6,,,61,
為你心碎為你痛蘇,又鎔,台語,,877,,7,
為你心茫茫,賴秋月 特魯多,台語,6,,,63,
為你心袂清,詹曼鈴,台語,550,,,75,
為你心醉,,台語,65,,,,
為你愛你,葉復台,國語,,489,,2,
為你憂為你愁,談詩玲,台語,,896,,8,
為你我受冷風吹,林憶蓮,國語,66,9,,; ; ; 3,
為你打 call,,華語,48,,,96,
為你扩一生,洪榮宏,台語,,470,,8,
為你搖撼 Hip-Hop 戴羽彤 ★,,華語,6990,,,,
為你改變我願意,,台語,,,,,
為你放袂落,張秀卿,台語,,475,,8,
為你歌唱,,華語,64,,,,
為你歡唱,慕容婕,國語,,599,,9,
為你歡唱,慕容婕鈴,國語,5,,,63,
為你活落去,陳思安,台語,80,,,65,
為你牽掛,陳夏蓮,台語,56971,,,60,
為你犧、牲為你,王建傑,台語,,2,,7,
為你犧牲,潘曉娟,台語,6,,,64,
為你瘋狂,~黃舒駿,國語,,4,,2,
為你癡情,吳金寶,台語,,1,,8,
為你癡戀,陳奕晴,台語,,4,,6,
為你的寂寞唱歌,家家,國語,,3,,3,
為你祝福,徐錦鞠,台語,6,,,65,
為你等待,次仁央,國語,,6,,2,
為你美,,台語,81,,,99,
為你而來,,國語,,,,,
為你而活,神木與,國語,,56588,,2,
為你而活,神木與瞳,國語,596,,,99,
為你而活,馬健濤,華語,577,,,61,
為你譜的歌,張秀卿,台語,63,,,,
為你貼心肝,翁立友謝金晶,台語,,598,,8,
為你醉千年,,華語,89,,,,
為你醉歸暝 探戈 林振富,,客語,,,,46,
為你飛,周雅芳,台語,6485,,,,
為你點胭脂,,華語,63,,,,
為君,,華語,6497,,,,
為君愁,包娜娜,國語,,6,,2,
為君愁,朱海君,台語,,57600,,5,
為啥人,施文彬,台語,,641,,5,
為妳唱這首歌,王建傑,台語,567,,,62,
為妳奮鬥,,台語,44,,,,
為妳心痛,林俊環,台語,,547,,6,
為妳心綿綿,洪榮宏,台語,,642,,6,
為妳我嘸驚,,華語,,,,,
為妳我甘願,曾傳興 特魯多,台語,6,,,61,
為妳痛規暗,林有財,台語,6,,,63,
為妳癡迷,荒山亮,台語,,442,,6,
為妳醉一暝,江宏恩,台語,55860,,,61,
為你唱一首歌,王壹珊,台語,,2,,7,
為你心袂屵,詹曼鈴,台語,,4,,6,
為你思想起,李洋洋,台語,,700,,6,
為你我願意,昆郭馨琦,台語,,3,,8,
為你暗相思,陳雷,台語,,965,,6,
為你剖心肝,邱賢桂一錂,台語,,59557,,8,
為你孤一個,鄭安安,台語,,0,,6,
為你微笑,南西樂,國語,,462,,9,
為你想替你想,江蕙,台語,,0,,7,
為你朝月思暮相,那英,國語,,8,,3,
為你活下去,荒山亮,台語,,441,,6,
為你病相思,唐飛,台語,,494,,6,
為你空相思,周蓬霖,台語,,44852,,6,
為你笑為我哭,方瑞娥,台語,,0,,7,
為你第一暝,江宏恩,台語,,6,,6,
為你譜的歌,張秀鉀,台語,,8,,6,
為你走天涯,詹雅雯,台語,,56385,,6,
為心愛的人唱一首,歌,國語,,496,,3,
為心愛的人唱首歌,李俊男,華語,576,,,61,
為情,王建傑,台語,85,6,,69; 69; 69; 5,
為情來拖磨,羅時豐,台語,63,,,,
為情做憨人,林娜,台語,1,,,67,
為情塊舉枷,唐飛,台語,56552,494,,66; 66; 6; 66,
為情徘徊,,台語,677,,,39,
為情愁,李芊慧,台語,8994,,,,
為情戶困,梁朝偉,國語,,638,,2,
為情所傷,莊心妍,國語,,4,,9,
為情所害,張蓉蓉,台語,,594,,8,
為情所害,林慶源,台語,,44658,,6,
為情放袂落,賴進財,台語,,7,,8,
為情為愛夢一,吳淑敏,台語,,7,,7,
為情為愛拚一,莊振凱,台語,,987,,7,
為情為愛誤一生,黃阿麻,台語,6,,,60,
為情為愛賭性命,辦桌二人組,台語,66,,,,
為情癡,謝金品,台語,,1,,8,
為情空等,劉庭政,台語,,494,,6,
為情苦,詹曼鈴,台語,55766,48961,,5; 61; 61; 61,
為情茫為情嘆,陳茂豐,台語,56757,588,,62; 62; 62; 7,
為情誤一生,楊宗憲,台語,,9,,6,
為情走天涯,揚小萍,國語,,9,,3,
為情走過青眷,向蕙玲,台語,,764,,7,
為情飛為愛走,找莊振凱洪百慧,台語,,969,,7,
為愛不願醒,謝莉娉,台語,,443,,6,
為愛主前飛,林隆玻,國語,,7,,3,
為愛乞林,錢澄,台語,,94870,,6,
為愛乾杯,士文,台語,,6,,6,
為愛乾杯,洪榮宏,台語,,0,,6,
為愛乾杯,錢澄,台語,56395,,,65,
為愛來舉枷,孫淑媚,台語,,2,,6,
為愛停留,勃露斯,華語,57565,,,68,
為愛傷了心,王韻嬋,國語,,894,,3,
為愛再輪迴,吳詩涵/楊志源,台語,4,,,61,
為愛勇往,林俊吉,國語,,997,,2,
為愛啟程,楊丞琳,國語,,4643,,1,
為愛嘆息,蔡幸娟,國語,,3,,2,
為愛存在,邰正宵,國語,,3,,2,
為愛往前飛,林隆璇,國語,59,,,,
為愛情種棵樹,甜美真/冰冰火,華語,578,,,68,
為愛成魔,阿蘭,國語,,4,,2,
為愛暈船,林玉英,台語,,3,,6,
為愛暈船,林玉英 特魯多,台語,87,,,56,
為愛活下去,孫淑媚,台語,61,6,,; ; ; 6,
為愛潦落去,辯棠阿榤王瑞,台語,,564,,6,
為愛犧牲生,江蕙,台語,,2,,6,
為愛犧生,西卿,台語,,986,,8,
為愛留一點空間,黎亞,國語,,456,,3,
為愛瘋狂,黃鶯鶯,國語,,3,,2,
為愛癡情,陳雅惠/陳英吉,台語,569,,,66,
為愛癡情,陳雅惠陳英吉,台語,,470,,8,
為愛相逢,翁立友,台語,,695,,6,
為愛笑為愛哭,沈志仲,華語,578,,,61,
為愛而活,張韶涵,國語,,5,,2,
為愛而生,五月天,國語,557,875,,46; 46; 46; 2,
為愛背書,,台語,79,,,,
為愛苦一生,王中平,國語,,3,,3,
為愛認份,林良歡,台語,,0,,8,
為愛車拼,蔡佳麟,台語,,57645,,6,
為愛逃亡,高明駿,國語,,0,,2,
為我停留,,國語,,3,,2,
為我停留,黎明,國語,,3,,2,
為我剖心肝,李嘉,台語,550,567,,94; 94; 94; 6,
為我好,梁靜茹,國語,38,8,,; ; ; 2,
為我歡喜為我憂,,國語,,463,,3,
為我歡喜為我憂,閃亮三姐妹,國語,578,,,61,
為按乍,七郎,台語,,57888,,5,
為敵,,華語,61,,,,
為珎唱這首歌,王建傑,台語,,3,,7,
為生命來歌唱 廖秋玲 ◆,,客語,8,,,51,
為紅顏,,台語,93,,,,
為自己而自己,周蕙,國語,,9,,9,
為著一字愛,伍浩哲,台語,65,,,,
為著一張平票,,台語,,954,,8,
為著你,江蕙,台語,,8,,5,
為著你,陳小雲,台語,,7,,5,
為著你,黃乙玲,台語,,4,,5,
為著你起肖,,台語,,94864,,6,
為著你起肖,一綾,台語,56391,,,63,
為著咱的愛,七夏,台語,,8,,6,
為著你一句話,陳盈潔,台語,,646,,7,
為著你幸福,林英美,台語,,454,,6,
為著錢,,台語,,,,94,
為誰唱情歌,,華語,68,,,,
為誰心來碎,方順吉,台語,,6,,6,
為誰辛苦烹誰,杭天祺,國語,,5,,9,
為錢塊打拼,唐飛 吉力巴,台語,563,,,63,
為錢塊打胼,唐飛,台語,,49452,,6,
為錢走天涯,陳建誠,台語,,44638,,6,
為難自己,張清芳,國語,,994,,2,
烈情玫瑰,何政瑰,台語,,2,,6,
烏來之戀,秀蘭,台語,,0,,6,
烏來好風光,吳美治,台語,960,,,63,
烏克麗麗,周杰倫,國語,,7,,2,
烏龍苶,龍千玉,台語,,7,,5,
烘爐地之戀,陳莉/石喬 吉力巴,客語,457,,,00,
烟脂花 特魯多 ◆ 達玲,,國語,94,,,,
烹何又何必,高勝美,國語,,499,,3,
烹何命如此,,台語,,6,,6,
烹何心糟糟,沈文程,台語,,5,,6,
烹何替見他,,國語,,3,,3,
烹何欺騙我,袁小迪,台語,,6,,6,
烹何茜見他,丘丘合,國語,,1,,3,
烹你賭生命,,台語,,488,,6,
烹你流的涙,矣湘号,國語,,3,,3,
烹你賭一生,洪翊萱,台語,,493,,6,
烹珎广心肝,魏洋基,台語,,548,,6,
烽火中的人,劉昱賢,台語,,467,,8,
烽火狼煙,劉昱賢,台語,,43897,,8,
焚化誓言,荒山亮,國語,,9,,2,
無,黄于芳,台語,,549,,5,
"無,亻匕",慕鈺華,台語,,8,,5,
"無,彳匕",蔡麗津,台語,,94878,,5,
無二之歌,,台語,,,,,
無亭的雨,鄭君威董育焄,台語,,498,,6,
無人Callin阮,心王建傑,台語,,8,,7,
無人了角我的,高仕群温瀚,台語,,59396,,8,
無人代替妳,呉倉榮,台語,,548,,6,
無人代替妳,珥喆,台語,750,,,63,
無人代替珎,珥史古,台語,,788,,8,
無人來作伴,翁立友林姍,台語,,596,,6,
無人像你,陳盈潔,台語,7961,,,49,
無人可比 華爾滋 一綾,,台語,,,,44,
無人告知,,台語,6651,,,,
無人問紅塵,,華語,6793,,,,
無人恰似我,,華語,6740,,,,
無人愛,李嘉,台語,554,,,00,
無人愛你,秀蘭瑪雅,台語,,465,,6,
無人懂我心中傷,,華語,6739,,,,
無人拆會散,曽明莉,台語,,6,,6,
無人會凍代替,方瑞娥,台語,,577,,7,
無人會凍甲咱拆散,:&,台語,,970,,7,
無人會凍甲咱拆散,詹曼鈴/沈建豪,台語,55963,,,61,
無人比你卞重要,謝莉娉,台語,,439,,8,
無人比我卞愛,尃振輝,台語,,7,,7,
無人比我恰愛,洪榮宏,台語,,876,,7,
無人熟識,江蕙,台語,,7,,6,
無人疼,王壹珊,台語,60,,,,
無人疼惜的我,林佳君,台語,,457,,7,
無人疼的心,林姍,台語,,549,,6,
無人的海邊,黃仲崑,國語,569,,,63,
無人知,阿成,台語,1,,,63,
無人知影,李素專 森巴,台語,56852,,,64,
無人祝福的愛,袁小迪栉靜,台語,,57839,,7,
無人等候,,華語,,,,40; ; ; ,
無人認領,,華語,66,,,,
無人車站,,台語,,8,,6,
無人通疼,程安,台語,55646,491,,61; 61; 6; 61,
無什麼代誌,楊宗憲,台語,,6,,6,
無伴的下班了後,鳳琴,台語,,769,,8,
無你也會水,,華語,65,,,,
無你惦阮的身邊,李素專,台語,564,3,,61; 61; 61; 7,
無你無愛嘛快活,孫淑媚,台語,,968,,7,
無你的世界,李晨,台語,,881,,8,
無你的厝,小辣椒,台語,,790,,8,
無你的戶在,辦桌二人組,台語,,667,,7,
無你的所在,辦桌二人組,台語,69,,,,
無你的日子,王亞君,台語,568,,,00,
無你的日子,良一,台語,6862,,,,
無你的暗暝,沈芳如,台語,56676,,,61,
無你那有我,談詩玲,台語,,3,,8,
無來無去無代誌,",琇惠",台語,,861,,7,
無依無偎,王建傑 慢迪斯可,台語,55693,,,61,
無信賴的愛,櫻花姊,台語,,56393,,6,
無傷心無异愛,陳淑萍,台語,,778,,7,
無價值的愛,唐飛,台語,,498,,6,
無價值的愛,詹雅雯,台語,,2,,6,
無公平 特魯多 沈義珍.魏秀文,,台語,45,,,54,
無冫目一,陳王,台語,,540,,5,
無剩,楊宗憲,台語,,576,,5,
無力挽回周,柏豪,台語,,57865,,6,
無助的心,楊克強,國語,,395,,2,
無卞紙,孫淑媚,台語,,2,,8,
無卞紙,阿社淑媚,台語,,597,,8,
無可救藥,,華語,65,,,,
無可救藥,品冠,國語,570,,,52,
無可能,龍千玉,台語,,7,,5,
無可能不應該,鄭家涵,台語,55644,498,,61; 61; 61; 7,
無名,蔡閨,台語,,880,,5,
無名情花,,華語,,,,,
無名戀歌,蔡小虎,台語,,4,,6,
無名花,詹雅雯,台語,,2,,5,
無名英雄,王建傑,台語,7,,,60,
無名英雄曽,珒中,台語,,585,,6,
無名英雄莊,振凱,台語,,6,,6,
無名角色,M3,國語,,787,,2,
無味的珈畊,陳以嘉,台語,,490,,6,
無啥通無采,王瑞霞,台語,6646,,,,
無喙天註定,楊榮輝,台語,,438,,8,
無喙的人,黄西田,台語,,8,,6,
無喙的人唱無喙的,陳冠霖,台語,,8,,8,
無喙的情侶再會,文夏,台語,,5,,8,
無喙的阿娜答,江志美,台語,,998,,8,
無堅不摧的戰衣,CITY魅,國語,5,,,61,
無堅不摧的戰衣,City&魅,國語,,5,,3,
無声之的所在,林強,台語,,3,,6,
無天無地,,華語,,,,99,
無奈,,台語,,,,,
無奈,王中平,台語,9,,,63,
無奈悲歌,王建傑,台語,85,,,69,
無奈擱無奈,豪記大,台語,,6,,6,
無奈攔無奈,蔡小虎千玉,台語,,76895,,6,
無奈時刻,錢幽蘭,國語,,472,,2,
無奈的乾杯,何華/凱凱,台語,8,,,68,
無奈的兩年緣,,客語,,,,,
無奈的分手,陳建誠/林秀玲,台語,567,,,62,
無奈的分手,陳走誠林秀玲,台語,,45492,,6,
無奈的創傷,游麗紅/蕭承祥 特魯多,台語,0,,,66,
無奈的創傷,蕭承祥游麗紅,台語,,94752,,6,
無奈的叮嚀,,國語,,1,,3,
無奈的往事,葉美慧 特魯多,台語,383,,,69,
無奈的後悔,七郎,台語,55566,,,61,
無奈的心聲,揚哲,台語,558,466,,87; 87; 87; 6,
無奈的惜別,,台語,,96594,,6,
無奈的惜別,魏永豐 特魯多,台語,754,,,,
無奈的愛,海洋,華語,576,,,61,
無奈的愛,蘇又鎔,台語,,987,,8,
無奈的戀夢,彭振德/賴品璇,台語,756,,,,
無奈的戀夢 華爾滋 歌曲 ◆ 潘益群,,台語,,,,,
無奈的戀情,廖素芬,台語,6,54387,,66; 66; 6; 66,
無奈的戀情,蕭承祥/游麗紅,台語,7,,,64,
無奈的戀情,蕭承祥游麗紅,台語,,547,,6,
無奈的戀情 米可 ○ 代表【midi無人聲】 ★ 代表【原聲 或 原聲原影】 適用機型：S-,● 代表【midi+人聲伴唱】 利用人如欲使用本產品於「公開場所」使用，請逕洽集管團體或著 ◆ 代表【midi+原聲伴唱】 作財產權人取得「公播授權」後，始得合法使用 1 上述符號為【歌曲類型】依機型及功能而有所不同 BD/IMSBP系列/N系列/N2系列 發行日期 /,華語,,,,93,
無奈的相思,江蕙,台語,,6,,6,
無奈的祝福,林孟頤,台語,,540,,6,
無奈的結局,,台語,,,,47,
無奈的腳步,唐飛,台語,,494,,6,
無奈的腳步~,劉嘉惠,台語,,6,,6,
無奈的苦酒,七郎,台語,87,696,,60; 60; 60; 6,
無奈的酒杯,蕭承祥/方阡翊,台語,2,,,69,
無奈的酒杯,蕭承翔方阡翊,台語,,966,,6,
無奈阿我已沒有愛,,台語,,,,98,
無她,,華語,67,,,38,
無妝態,張懸,國語,,848,,2,
無妳我嘸肯,洪金河,台語,4,54446,,66; 66; 6; 66,
無妳的我,張燕清,台語,,,,61,
無字情歌,,華語,,,,,
無字的批信,林華清,台語,751,,,63,
無字的絕情批,阿輪,台語,,56776,,7,
無宀,陳中,台語,,4,,5,
無宅的情批,黄乙玲,台語,,48760,,6,
無宅的眼涙,呉蕙君,台語,,492,,8,
無你一切什路,羅時豐大,台語,,563,,7,
無你也可以,甘奇靈,台語,,948,,6,
無你就無我,洪榮宏,台語,,884,,6,
無你我不愛,,台語,,4,,6,
無你我會死,黄西田,台語,,539,,6,
無你我無嫁,張蓉蓉,台語,,652,,6,
無你無愛,陳盈潔,台語,,6,,6,
無你的冬天,陳思安,台語,,765,,6,
無你的城車,李明洋,台語,,566,,6,
無你的実夜,洪百慧,台語,,8,,6,
無你的房間,董育君,台語,,490,,6,
無你的日子,林良歡,台語,,464,,8,
無你的日子,阿F61å4VS董育君,台語,,498,,6,
無你的暗暝,沈芳如,台語,,973,,6,
無你的暗暝,石琇惠,台語,,858,,6,
無你的秋天,陳美伶,台語,,785,,6,
無你雨抹停,楊宗憲,台語,,3,,6,
無尾巷,袁小迪龍千玉,台語,,1,,5,
無尾巷,陳陳思安,台語,,446,,5,
無岸之河,姚黛瑋,國語,,399,,2,
無常,,台語,84,,,,
無常,田馥甄,國語,,479788,,1,
無常歌,蓮歌子,台語,,443,,5,
無底找,,台語,73,,,,
無底找,陳夏蓮,台語,,46895,,8,
無底洞,Tank酞,國語,,672,,2,
無底洞,蔡健雅,國語,5676,455,,; ; ; 2,
無你卞快活,詹雅雯,台語,,4,,6,
無你我嘸肯,洪金河,台語,,478,,6,
無你麥按怎,黄立成阿苐仔,台語,,5,,6,
無形的傷,東東,國語,,873,,2,
無彩工的愛,王建傑,台語,8586,671,,73; 73; 73; 6,
無彩阮的愛,馬沙,台語,551,499,,97; 97; 97; 6,
無彩愛你,,客語,5,,,51,
無影無跡,艾玉華,台語,2,,,64,
無後悔,陳雷,台語,,681,,5,
無心,,台語,78,,,,
無心,甲子慧,台語,562,,,61,
無心!何必再留,鄭麗華,台語,,547,,7,
無心之非蔡,小虎,台語,,563,,6,
無心傷害,杜德偉,國語,,392,,2,
無心劍,荒山亮,台語,,6,,5,
無心愛夬罙,詹曼鈴林菁圉,台語,,766,,6,
無心愛袂深,詹曼鈴/林菁國,台語,565,,,61,
無心敬神欝無,陳建铖,台語,,447,,7,
無心無意,詹曼鈴/陳茂豐,台語,55846,,,66,
無心的人,曾心梅,台語,6388,,,,
無心的人曾,心梅,台語,,2,,6,
無心的人謝,莉号,台語,,8,,6,
無心的人阿,吉仔,台語,,738,,6,
無心的錯誤,詹曼鈴,台語,56743,564,,62; 62; 6; 62,
無心的風箏線,黃思婷,台語,,878,,7,
無心花,慕鈺華,台語,61,,,,
無心花,蔡麗津,台語,564,,,65,
無心雨,林慧萍,國語,,391,,2,
無心麥牽抱,羅文聰,台語,,7,,6,
無忙人我問你,,台語,,458,,7,
無忙人癡忙心,李明洋,台語,,2,,7,
無忙做你愛別人,王中平,台語,,8,,8,
無忙夜玫瑰,蔡小虎,台語,,573,,6,
無忙的心肝,謝莉婷,台語,,4,,6,
無忙的車站,高向鵬,台語,,56864,,6,
無怨嘆,邱芸子,台語,554,492,,; ; ; 5,
無怨尤,黎亞,國語,,458,,2,
"無怨無,海",袁小迪,台語,,6,,6,
"無怨無,海",郭健一,台語,,4,,6,
無怨無悔,唐稚白/謝秀薇 特魯多,台語,396,,,69,
無怨無悔,郭健一,台語,553,,,,
無怨的走,黎亞,國語,,49681,,2,
無怨的青春,楊海薇.周秉鈞,國語,92,,,,
無情,洪玲,台語,,2,,5,
無情!就是妳的名,"彭""",台語,,541,,7,
"無情,荒地有情",鄧麗君,國語,,1,,9,
無情不是阮的名,張蓉蓉,台語,,739,,7,
無情世峤多情人,“美,台語,,890,,7,
無情人我問你,馬沙,台語,559,,,93,
無情人斷情絲,,華語,,,,,
無情人有情天,施文彬,台語,,7,,7,
無情人有情歌,劉依純,台語,,479,,7,
無情人痴情心,李明洋/邱芸子,台語,80,,,65,
無情人請你離開,丶',台語,,8,,7,
無情做你愛別人,王中平,台語,56878,,,65,
無情兄,黃乙玲,台語,,565,,5,
無情只有你,黃思婷,台語,,458,,6,
無情夜快車,任珍,台語,,0,,6,
無情夜雨,王又萱,台語,757,96575,,; ; ; 6,
無情夢,,客語,7,,,51,
無情夢,秀蘭,國語,,4,,2,
無情安平港,阿錡,台語,,493,,6,
無情弦,林慧萍,國語,,3,,2,
無情戀,李嘉,台語,,43949,,8,
無情戀夢,劉育綾,台語,554,,,98,
無情放乎開,吳淑敏,台語,,56989,,6,
無情放抹記,孫淑媚,台語,,688,,6,
無情放抹記,陳美鳳,台語,,2,,6,
無情歌,詹曼鈴,台語,8576,,,71,
無情漢,倖妏,台語,,473,,8,
無情漢,江蕙,台語,,2,,5,
無情火車,,台語,,638,,6,
無情的人,李明雪,台語,758,54494,,; ; ; 6,
無情的人,李素專,台語,560,44744,,61; 61; 6; 61,
無情的人,艾莉,台語,,446,,6,
無情的人,蔡秋鳳/陳中 特魯多,台語,551,,,74,
無情的人,陳蔡,台語,,3,,6,
無情的人不是我,陳“,台語,,4,,7,
無情的人是你,蔡槐,台語,,958,,8,
無情的人最灑肬,胡呂,國語,,4,,3,
無情的再會,葉勝欽,台語,,4,,6,
無情的冷風,葉復台,台語,,445,,6,
無情的列車,方瑞娥,台語,,441,,6,
無情的城市,方順吉,台語,,6,,6,
無情的城市,陳新村,台語,760,,,,
無情的夜快車,,台語,,3,,7,
無情的夜都市,王亞君,台語,562,,,00,
無情的夢,方瑞娥,台語,,4,,6,
無情的夢,謝雷,國語,,4,,2,
無情的大雨,葉啟田,台語,,389,,6,
無情的媽媽,方瑞娥,台語,,584,,6,
無情的愛人,翁立友,台語,,4,,6,
無情的愛人,阿吉仔,國語,,,,,
無情的戀夢,邱梅主,台語,963,,,63,
無情的戀歌,陳麗雀,台語,761,54447,,; ; ; 6,
無情的探戈,吳遠郎,台語,,892,,6,
無情的探戈,張秀卿,台語,,1,,6,
無情的月台票,陳雷,台語,,2,,7,
無情的歌,楊宗憲,台語,,894,,6,
無情的溫柔,鄭源,華語,575,,,67,
無情的火車,,台語,,4,,6,
無情的男兒,于林真,台語,,891,,6,
無情的腳步聲,楊靜,台語,,7,,7,
無情的蘇州,方瑞娥,台語,,5,,6,
無情的街市,洪一峰,台語,,4,,6,
無情的雨,,華語,66,,,,
無情的雨,邱芸子,台語,,446,,6,
無情的雨,邱芸子 特魯多,台語,551,,,87,
無情的雨多情下,,華語,6738,,,,
無情的雨無情,你齊秦,國語,,6,,3,
無情的電影,林子娟,台語,55899,944,,61; 61; 6; 61,
無情的電話機,佚名,台語,,44870,,7,
無情的風無情的你,沈文程,台語,,8,,7,
無情花,林玉峰,台語,,862,,5,
無情花,莊育典,台語,,981,,5,
無情過路人,,台語,02,,,51,
無情過路人,莊長明,台語,,849,,8,
無情酒,宏星特攻隊 特魯多,台語,6786,,,,
無情雨,允秀 特魯多,台語,9,,,68,
無情雨,王中平,台語,55768,,,61,
無情雨,秀蘭瑪雅,台語,554,,,,
無情風有情雨,,台語,,895,,7,
無情風無情雨,伍浩哲,台語,,9,,7,
無情風無情雨,戴梅君,台語,,6,,7,
無情風無情雨,系淑媚,台語,,458,,7,
無情風絕情雨,林俊彥,台語,6556,,,,
無情風雨,孫淑媚,台語,,491,,6,
無情鴛'鴦、夢,王識賢系淑媚,台語,,577,,6,
無情鴛鴦夢,孫淑媚/王識賢,台語,550,,,87,
無情心,,客語,0,,,51,
無惜代價,秀蘭瑪,台語,,96856,,6,
無意無思啦,鄭進一,台語,62,,,,
無愛,,華語,6642,,,,
無愛之境,尚芸菲,國語,,2,,2,
無愛卡快活,喬幼,台語,,9,,8,
無愛哪有恨,林娜,台語,0,,,66,
無愛就離開,蔡秋鳳,台語,,8,,8,
無愛才會死,高佳群喬安,台語,,861,,8,
無愛準煞,唐儷,台語,,59449,,8,
無愛的溫柔,陳茂豐,台語,564,,,61,
無愛血差,林喬安,台語,,480,,6,
無懈可擊,Energy,國語,5677,,,,
無應該放阮孤單,邱芸子,台語,55589,,,61,
無所不在,庾澄慶,國語,550,780,,78; 78; 78; 2,
無所不至,林慶源拶淑慎,台語,,543,,6,
無所保留 搖滾 ★ 趙希予,,華語,61,,,,
無所胃,揚坤,國語,,766,,2,
無所謂,,台語,,,,,
無所謂,5566,國語,,939,,2,
無所謂,台灣阿,國語,,463,,9,
無所謂,張惠妹,國語,,6,,2,
無所謂,彭佳慧,國語,59,,,41,
無所謂愛與不愛,阿唯,國語,,49965,,3,
無拼不知輸贏,林俊彥,台語,,490,,7,
無拼哪會紅,,華語,,,,,
無拼抹出名,大合唱,台語,7,,,55,
無拼抹出名,沈建豪,台語,555,1,,55; 55; 55; 55; 55; 52; 6; 52; 52,
無敢望,林玉惜,台語,,54456,,5,
無敵英雄,呉俊宏,台語,,966,,6,
無映望,,台語,,,,93,
無月亮的中秋,張菱,台語,,879,,7,
無期徒刑,,台語,,,,,
無期徒刑,袁小迪,台語,,59397,,8,
無某真甘苦,,台語,,438,,6,
無某調,鄭進一,台語,,7,,5,
無根的草,林玉英,台語,,1,,6,
無條件愛你,,華語,68,,,38,
無條件的愛,陳百潭,台語,7994,,,54,
無條件的愛情,黃西田張秀卿,台語,,48870,,7,
無水的彩筆,黃舒駿,國語,,393,,3,
無法停止,羅百吉,國語,,789,,2,
無法停留,,華語,6650,,,,
無法割捨,彭佳慧,國語,,5,,2,
無法忘記,張清芳,國語,5,,,,
無法挽留,楊樺,國語,,495,,2,
無法控制的想念,,華語,6759,,,,
無法自拔,小文,國語,,49550,,2,
無法自拔,林瑞陽,國語,,3,,2,
無法調整的頻率,黄瑞文,國語,,3,,3,
無法預知的未來,,華語,6938,,,,
無無你你的party,向蕙玲,台語,,76453,,6,
無無穩穩疋定的的愛,黃乙玲,台語,,8,,6,
無無講講無無人人知知,吳秀珠,台語,,9,,6,
無狀態,張懸,國語,5486,,,,
無理由,蔡義徳,台語,,598,,8,
無甘,劉金主,台語,,545,,5,
無甘,林柔均,台語,,8,,5,
無甘,霍正奇孫淑媚,台語,,571,,5,
無痕的情字,朱海君,台語,,895,,8,
無真艱苦,陳中,台語,,055,,6,
無眠,蘇打碌,台語,,569,,5,
無神論,黄立行,國語,,5,,2,
無窮,,國語,,59566,,1,
無簽的祝福,黄乙玲,台語,,0,,6,
無糖的咖啡,,台語,03,,,51,
無糖的咖啡,蘇世豪,台語,,54796,,6,
無糖的咖啡,馬沙,台語,556,400,,61; 61; 6; 61,
無糖的珈畊,呉艾妖,台語,,851,,8,
無結果的戀情,,台語,,9,,7,
無緣不是無情,謝金燕,台語,,1,,7,
無緣份的愛,王建傑,台語,566,761,,68; 68; 6; 68,
無緣作伙到路尾,七郎,台語,,668,,7,
無緣做伙到路尾,七郎,台語,68,,,,
無緣做你去,詹雅雯,台語,,445,,6,
無緣做鴛鴦,,台語,,2,,6,
無緣再會啦,李素專,台語,,8,,6,
無緣夢,旺來/蔡佳玲,台語,566,,,61,
無緣夢,旺蔡佳玲,台語,,446,,5,
無緣天註定,吳素卿,台語,,2,,6,
無緣就隨人飛 吳艾媄 ◆,,客語,02,,,51,
無緣彼個人,葉啟田,台語,,0,,6,
無緣戀歌,李明洋,台語,,440,,6,
無緣批,,華語,72,,,99,
無緣甭勉強,唐飛,台語,,495,,6,
無緣的,楊宗憲,台語,,576,,5,
無緣的下車,,台語,,968,,6,
無緣的下車,傅振輝,台語,,442,,6,
無緣的下車,傅振輝 特魯多,台語,56661,,,67,
無緣的人,方瑞娥高向鵬,台語,,76893,,6,
無緣的人,楊婕 特魯多,台語,3,,,66,
無緣的人,白冰冰,台語,,2,,6,
無緣的人,陳思安,台語,,567,,6,
無緣的人無緣的愛,施文彬,台語,,459,,7,
無緣的人祝福你,余俊,台語,,5,,7,
無緣的人祝福你,蘇錦煌,台語,,960,,7,
無緣的人祝福你,蘇錦煌 Swing,台語,67,,,00,
無緣的人祝福你,蘇錦煌 吉力巴,台語,568,,,63,
無緣的再會,曹雅雯,台語,,440,,6,
無緣的再會吧,黃西田,台語,,9,,7,
無緣的叨位去,尤美,台語,,0,,7,
無緣的咱,林少興,台語,,498,,6,
無緣的彼個人,陳達邵,台語,,051,,7,
無緣的情人,李明洋,台語,,578,,6,
無緣的情伴,尤君,台語,,061,,6,
無緣的愛,,台語,,9,,6,
無緣的愛,羅時豐,台語,,9,,6,
無緣的愛,陳小雲,台語,,5,,6,
無緣的愛忙路,大衛,台語,,44855,,7,
無緣的愛情路,大衛,台語,56951,,,68,
無緣的愛欠一半,,台語,,,,93,
無緣的戀夢,陳曉涵,台語,0,,,64,
無緣的戀歌,林子娟,台語,564,074,,61; 61; 6; 61,
無緣的戀歌,林慧渱 特魯多,台語,996,,,64,
無緣的戀歌,麗雲 特魯多,台語,764,,,64,
無緣的手只,詹雅雯,台語,,49494,,6,
無緣的手戒,陳思安,台語,,571,,6,
無緣的手指,鄧妙華,台語,,94759,,6,
無緣的新娘,蔡小虎,台語,,8,,6,
無緣的新娘,陳建誠,台語,,447,,6,
無緣的朋友,李嘉,台語,,6,,6,
無緣的牽掛,陳雷,台語,,4,,6,
無緣的祝畐,蔡小虎,台語,,9,,6,
無緣的祝福,邱芸子,台語,,3,,6,
無緣的美夢,詹雅雯,台語,,560,,6,
無緣的花,孫淑媚,台語,,5,,6,
無緣的酒,江蕙,台語,,2,,6,
無緣空笑夢,揚哲,台語,,3,,6,
無緣花,詹曼鈴,台語,562,767,,5; 61; 61; 61,
無緣花,陳淑萍,台語,,438,,8,
無聊,黄雅莉,國語,,684,,2,
無聊一天,黃湘怡,國語,5,,,81,
無聊歌,北原山豸,台語,,3,,5,
無聊的時候,羅百吉,國語,5,,,67,
無聊的晚暝,洪百慧,台語,,760,,6,
無聊的流星,洪一峰,台語,,442,,6,
無聊的燒酒,良山,台語,,052,,6,
無聊的相思,吳團珠,台語,,,,61,
無聊的藉口,沈芳如,台語,55988,,,61,
無聲,李翊君,台語,,965,,8,
無聲抗議,黃美珍,國語,,1,,2,
無聲的原諒,林娜,台語,9,,,67,
無聲的思念,,台語,,,,52,
無聲的思念,張秀卿,台語,,46860,,8,
無聲的思念,王中平,台語,1,,,63,
無聲的批一,,台語,,4,,6,
無聲的批信,王建傑,台語,7996,,,53,
無聲的查某人,江蕙,台語,,566,,7,
無聲的痛,陳凱欣,台語,,98945,,8,
無聲的約束,蕭煌奇,台語,,594,,8,
無聲的苦,方順吉,台語,,6,,6,
無聲的雨,孟庭葦,國語,,3,,2,
無聲雨,鳳娘,台語,553,,,96,
無能為力,阿社,國語,,943,,9,
無色彩,藍心湄,國語,,8,,2,
無芉調,阿錡,台語,,498,,5,
無藥醫的愛,吳淑敏,台語,68,,,,
無衫會寒,王中平,台語,55892,7,,61; 61; 6; 61,
無要按怎,王秀琪,台語,,792,,8,
無解,陳茂豊,台語,,576,,5,
無解,陳茂豐,台語,55953,,,61,
無解,陳雷,台語,,3,,5,
無言,,華語,6982,,,,
無言以對,蔡依林,國語,,576,,2,
無言的山丘,黃品源,國語,547,,,42,
無言的戲,詹曼鈴,台語,7,,,65,
無言的歌,潘越雲,國語,3848,397,,; ; ; 2,
無言的眼淚,張蓉蓉,國語,,388,,3,
無言的表示,甲子慧,台語,56988,3,,69; 69; 69; 8; 8,
無言花,江蕙,台語,68,,,,
無言花匕,江蕙,台語,,885,,5,
無話可講,辛子奇,國語,5,,,,
無講的話,林美美,台語,55480,,,,
無賴,,華語,67,,,,
無賴正義,趙又廷&COLOR&,國語,,568,,2,
無路可退,潘美辰,國語,,3,,2,
無路可退,艾晴晴,國語,,455,,2,
無路可退,袁小迪,台語,,764,,6,
無路通退,溫瀚龍,台語,,6,,8,
無通做歹子,袁小迪,台語,,7,,7,
無通愛著我,邱金池,台語,,54455,,7,
無通親亻我,郭碁,台語,,948,,7,
無邊無岸,江蕙,台語,89,753,,60; 60; 60; 6,
無醉不通走,鄭秀月,台語,,490,,6,
無醉分袂開,蔡秋鳳,台語,,564,,6,
無醉嗎會茫,七邱芸子,台語,,554,,6,
無醉嘛會茫,七郎/邱芸子,台語,65,,,,
無釆我的愛,陳雷,台語,,9,,6,
無采我的愛,陳雷,台語,63,,,,
無錢的滋味,俞隆華,台語,7995,,,48,
無閒,鳳娘,台語,550,,,94,
無間道,刻徳華梁朝偉,國語,,474,,2,
無間道,劉德華/梁朝偉,國語,538,,,63,
無關快樂,鄭源,Unknown,,850,,1,
無關快樂 鄭源 ◆ ◆,,國語,,,,95,
無關的人,,華語,6980,,,,
無關與我,,華語,68,,,,
無阮甘會卡好過,,台語,96,,,,
無限甜蜜,歐陽菲,Unknown,,752,,1,
無限的思念,曾心梅,台語,,776,,6,
無限的日期,袁小迪,台語,,2,,8,
無雙怨更長,,客語,3,,,51,
無非是愛,吳梵,國語,5,,,78,
無願愛別個,蕭承祥游紅,台語,,94748,,7,
無願扌癶枷,葉鳳鶯,台語,,547,,7,
無願擱再痛,林湘楹,台語,,54766,,7,
無願擱留糹糹,何曉雅,台語,,547,,7,
無願擱糊塗,連淑姈,台語,,548,,7,
無願攔再望,翠娥,台語,,546,,7,
無顧一切,勃露斯,台語,,,,61,
無風不起浪,七郎,台語,55555,948,,; ; ; 6,
無風無雨,若羚,國語,59,,,,
無奈的酒,,客語,3,,,51,
然候怎樣,陳奕迅,國語,,6,,2,
然燒翅膀,樊凡,國語,,799,,3,
煎蒸,李佳薇,國語,,574,,2,
煙亡亡,荒山亮,台語,,2,,5,
煙匕歹,秀蘭瑪,台語,,6,,5,
煙吹伯仔行吊,許過頭,台語,,94781,,7,
煙圈,,華語,62,,,38,
煙塵,高明駿,國語,54,,,,
煙幕,,國語,,597,,1,
煙斗阿兄,鄭智化,台語,,8,,6,
煙水寒又実,尤雅,國語,,598,,3,
煙消雲散,荒山亮,台語,,9,,6,
煙火,于台煙,台語,55972,,,61,
煙火,光良,國語,544,,,79,
煙火,崔苔菁,國語,559,,,51,
煙火,謝莉好,台語,,4,,5,
煙火于,台煙,台語,,996,,5,
煙火灰,首情歌,華語,69,,,,
煙火的季節,F4,國語,540,8,,78; 78; 78; 3,
煙火董,育君,台語,,494,,5,
煙煙花花淚淚,楊靜,台語,,460,,5,
煙煙花花淚淚,鄭進一,台語,,2,,5,
煙花,,華語,65,,,; ; ; ,
煙花,孫淑媚,台語,61,4,,; ; ; 5,
煙花,江蕙,台語,,8,,5,
煙花,荒山亮,台語,,439,,8,
煙花嘆,,台語,,8,,5,
煙花嘆,胡美紅,台語,,958,,5,
煙花夢,秀蘭瑪雅,台語,555,,,93,
煙花女子,大台風,台語,,896,,8,
煙花女子,大台風樂團,台語,4,,,72,
煙花女子,張秀卿,台語,,465,,6,
煙花女子,江美麗,台語,,3,,6,
煙花女子,阿錡,台語,,499,,6,
煙花女子,陳盈潔,台語,,0,,6,
煙花忙,蔡振南系安林,台語,,8,,5,
煙花歎,,華語,64,,,,
煙花翩翩,胡楊林,國語,,49898,,3,
煙酒朋友,,華語,63,,,,
煙酒歌,,台語,,9,,5,
煙雨,,華語,64,,,,
煙雨人間,,華語,67,,,,
煙雨成思,,華語,61,,,,
煙雨斜陽,李碧華,國語,,3,,3,
"煙雨濛濛,",趙薇,國語,,3,,3,
煙雨飄搖,易胡,國語,,498,,3,
煞,孫淑媚/全聯先生,台語,55799,,,61,
煞猛介客家人,詩雨,客語,580,,,00,
照單全收,,華語,6763,,,,
照過來,蔡秋鳳義德,台語,,2,,8,
照鏡,文麗 特魯多,台語,8,,,63,
照鏡,白冰冰,台語,,400,,5,
煩,林曉培,國語,5,8,,45; 45; 45; 2,
煩惱在聊下,葉瞹菱,國語,,5,,3,
煩煩煩.亂亂亂,唐飛,台語,560,,,62,
煮酒問月,,華語,6446,,,,
煮飯,洪百慧菻後古,台語,,8,,5,
煮飯花、,詹雅雯,台語,,760,,5,
煽來風,陳隨意,台語,,44400,,5,
煽動的風,許志豪林良歂,台語,,567,,6,
熄抹冫呼你不幸,石喬,台語,,942,,7,
熄是一場夢,張蓉蓉,台語,,9,,7,
熄是為著你,劉燕燕,台語,,4,,7,
熄是要忍耐,龍千玉,台語,,9,,7,
熄是要看破,林玉峰,台語,,985,,7,
熄是阮的命,謝莉婷,台語,,464,,7,
熄會出頭天,沈芳如,台語,,6,,7,
熄有一天,詹曼鈴,台語,,3,,6,
熄量,曾心挴,台語,,1,,5,
熟悉到陌生,,華語,6890,,,,
熟悉攏是無意中,柔均,台語,553,,,00,
熟悉的溫杀,周渝民,國語,,5,,3,
熟悉的溫柔,周渝民,國語,5894,,,,
熟識你,梭,台語,56484,,,61,
熟識你,詹曼鈴,台語,,4,,5,
熟識愛,江蕙,台語,,693,,5,
熬到妹,伍佰,台語,,599,,5,
熬熬去,陳小龍倖幸奴,台語,,43994,,5,
熬的不是夜,,華語,6774,,,,
熱冬,蔡依林,國語,,4,,2,
熱力開場,蔡妍,國語,,941,,9,
熱帶臽,藍心湄,國語,,5,,2,
熱帶雨林,S.E,國語,,0,,3,
熱帶雨林,S.H.E,國語,5,,,,
熱忙滾滾,葉,台語,,76445,,6,
熱情夜快車,,台語,,4,,7,
熱情夜快車,謝金燕,台語,555,,,76,
熱情已冷,姚蘇蓉,國語,,898,,3,
熱情恰恰,謝金燕,台語,,566,,6,
熱情燒滾滾,王尚宏,台語,565,44650,,61; 61; 61; 7,
熱情的夏秊,費玉清,國語,,3,,3,
熱情的夏秊,陳彼得,國語,,543,,3,
熱情的島嶼,歐陽菲,國語,,8,,3,
熱情的戀歌,邱秀鄰,台語,,54453,,7,
熱情的戀歌,邱秀鄰 慢迪斯可,台語,1,,,64,
熱情的探戈,七佳,台語,,440,,7,
熱情的探戈,七郎/佳虹,台語,552,,,88,
熱情的歌手 特魯多 張漢朝,,華語,,,,43,
熱情的歌聲,吳秀女,台語,,,,61,
熱情的歌聲,呉秀女,台語,,95661,,7,
熱情的男兒,曽朝松,台語,,540,,7,
熱情紅攻瑰,江子琳,台語,,382,,7,
熱情袂停,張文綺郭婷筠,台語,,44396,,6,
熱愛整個世界,王錚亮,Unknown,,59673,,1,
熱戀,楊林,國語,,9,,2,
熱戀ㄠ,江鳳,國語,,1,,2,
熱戀情人,,華語,63,,,,
熱戀的探戈,蘇宥蓉,台語,,786,,8,
熱戀過後,,台語,45,,,,
熱戀過後,莊心妍,國語,,7,,9,
熱洪洪的太陽,,國語,,3,,3,
熱浪,吳梵 森巴,國語,5,,,83,
熱舜恰恰,葉復台,國語,,742,,3,
熱舞,芭比,國語,,7,,2,
熱量,動力火,國語,,644,,2,
熱鍋上的螞蟻,,華語,,,,53,
熾熱星光,,華語,6595,,,,
燃燒,,華語,6442,,,,
燃燒吧火鳥,高凌風,國語,,1,,3,
燃燒的火鳥,,華語,62,,,,
燈下人,西卿,台語,,449,,5,
燈下戀情,江蕙,台語,,3,,6,
燈仔火,甲子慧,台語,,800,,8,
燈光,豬段桃,國語,,,,,
燈籠花,,客語,,,,,
燒不死的鳥才是鳳凰 抒情搖滾 小曼,,華語,67,,,38,
燒情歌,戴梅君,台語,,856,,5,
燒滾滾,蔡佳麟,台語,,59475,,8,
燒熝熝心肝 吳如意 ◆,,客語,868,,,51,
燒燒一碗來施施,韋諠褔珍,台語,,952,,7,
燒珈畊,林良歡,台語,,44475,,5,
燒眼淚的人,鄧養天,國語,,850,,9,
燒肉粽,郭金髪,台語,,7,,5,
燒酒Tempo,安泉,台語,,548,,5,
燒酒上知阮心情,何政瑰,台語,,492,,7,
燒酒乾一杯,楊哲,台語,,593,,8,
燒酒了解阮心情,蔡秋鳳,台語,,3,,7,
燒酒伴孤單,翁登貴 特魯多,台語,5,,,66,
燒酒伴我過一生,甲子慧,台語,558,2,,61; 61; 61; 7,
燒酒斟乎擲,陳雷,台語,0,,,69,
燒酒是目啦,文香,台語,,0,,7,
燒酒替阮來講話,謝金燕,台語,,4,,7,
燒酒歌,,台語,,5,,5; 8; 8; 8; 8; 8,
燒酒海,王首承,台語,79,,,49,
燒酒燒燒,陳中,台語,,576,,6,
燒酒話,陳小雲,台語,,8,,5,
燒酒香,陳雷,台語,1,,,64,
燒酒香味‧風吹雨滴,林俊彥,台語,6546,,,,
燕仔,林涵霖,台語,0,,,68,
燕仔的目屎 特魯多 ○ 代表【midi無人聲】 ★ 代表【原聲 或 原聲原影】 適用機型：S-(BD/IMSBP系列/N系列/N2系列/W系列),● 代表【midi+人聲伴唱】 利用人如欲使用本產品於「公開場所」使用，請逕洽集管團體或著 ◆ 代表【midi+原聲伴唱】 作財產權人取得「公播授權」後，始得合法使用 1 上述符號為【歌曲類型】依機型及功能而有所不同 發行日期 /,國語,76,,,,
燕南飛,吳秀珠,國語,555,,,51,
燕子誚來喜訊,張利敏,國語,,467,,3,
燕尾蝶,梁靜茹,國語,,593,,2,
燦瀾人生,陳盈潔,台語,,638,,6,
燦瀾的生命,李秋菊,台語,,95638,,7,
燦爛的人生,方阡翊/蘇世豪,台語,972,,,63,
燦爛的生命,李秋菊 特魯多,台語,869,,,63,
燭光,羅百吉,國語,5,,,79,
燭光,謝霆鋒,國語,59,,,41,
爆竹聲中一歲除,,客語,398,,,51,
爆米莅,阿妹妹,國語,,3,,2,
爛,堂娜,國語,,3,,2,
爛情歌,,華語,41,,,96,
爛泥走出花,,華語,68,,,,
爛田準路,蔡秋鳳,台語,,3,,6,
爫、你你倒倒返返來,王識賢,台語,,58474,,6,
爫你你幾幾落落冬冬,羅時豐,台語,,9,,6,
爭取勝利,洪一峰,台語,,591,,6,
爭取勝利,羅時豊,台語,,4,,6,
爭取好名聲,林玉英 慢迪斯可,台語,7987,,,53,
父号恩,梁福成,台語,,54778,,5,
父呀母,鳳琴,台語,3,,,66,
父女情,鄧詠家,台語,,46799,,8,
父子,鄭倫境,台語,,569,,5,
父子情,林俊吉,台語,,6,,5,
父子情,葉勝欽,台語,8,,,64,
父子情份,謝謝,台語,,441,,6,
父子情份,謝雷/謝小魚,台語,56663,,,67,
父子情深,石喬,台語,,43981,,8,
父子緣,,客語,9,,,51,
父子關係,謝雷/謝小魚,台語,56576,,,65,
父母不肖,劉福助&金政,台語,,0,,6,
父母交待的話,唐飛,台語,56556,494,,66; 66; 66; 7,
父母因,李洋洋,台語,,682,,5,
父母心,林依臻,台語,,3,,5,
父母恩,,客語,6,,,51,
父母恩,梁福成 特魯多,台語,0,,,64,
父母恩兄弟情,游小鳳,台語,,671,,7,
父母恩情,,客語,2,,,51,
父母情,李晨,台語,,487,,8,
父母攏是為著咱 華爾滋 ○ 代表【midi無人聲】 ★ 代表【原聲 或 原聲原影】 適用機型：S-(BD/IMSBP系列/N系列/N2系列/W系列),● 代表【midi+人聲伴唱】 利用人如欲使用本產品於「公開場所」使用，請逕洽集管團體或著 ◆ 代表【midi+原聲伴唱】 作財產權人取得「公播授權」後，始得合法使用 1 上述符號為【歌曲類型】依機型及功能而有所不同 發行日期 /,國語,,,,,
父母的心,,台語,,9,,6,
父母的心,蔡小虎,台語,,7,,6,
父母的心聲,孫淑媚,台語,55781,,,61,
父母的心聲孑,系冫媚,台語,,576,,6,
父母的恩情,,台語,,,,,
父母的願望余,天,台語,,446,,6,
父阿子,謝謝小英,台語,,9,,5,
爸我回來了,周杰倫,國語,5,,,,
爸比,安苡葳,台語,,487,,8,
爸爸,洪榮宏,台語,,5,,5,
爸爸,陳雅惠,台語,561,446,,5; 61; 61; 61,
爸爸在刀那裡,洪榮宏,台語,,43884,,8,
爸爸是靠山,吳蕙君,台語,,8,,8,
爸爸查某囝想你,林涵霖,台語,,,,69,
爸爸的山,薛金顯,台語,2,,,64,
爸爸的教示,唐飛 森巴,台語,56559,,,66,
爸爸的背影,陳茂豐,台語,565,,,61,
爸爸請你保重,劉育綾,台語,80,,,57,
爸爸笑容,,客語,8,,,51,
爹仔的阿娘,,台語,,44871,,7,
爹他去愛誰,冧玉英,國語,,5,,3,
爺們,,華語,55,,,00,
爺娘恩,,客語,3,,,51,
爺爺泡的茶,周杰倫,國語,5,,,,
爺爺的菜園,,華語,66,,,,
爺教訓話 廖秋玲 ◆,,客語,8,,,51,
爽,大台風樂團,國語,07,,,69,
爽,芭比,台語,,700,,5,
爽到你艱苦到我,蔡秋鳳,台語,61,,,,
爽到你難苦到,蔡秋鳳,國語,,3,,3,
爽就免歹勢,阿吉仔,台語,,2,,6,
爽就好,七郎,台語,62,,,,
爽就好,袁小迪,台語,,744,,5,
爽快酒,陽林,台語,,8,,8,
爽快飲一杯,劉育綾,台語,83,,,56,
爽歸暝,雅玲,台語,7,,,64,
爽袂退,蛋蛋,台語,7,,,,
爾擱做愍人,謝宜君,台語,,3,,8,
爾擱為難我,林淑妲,台語,,549,,6,
片刻交錯,,華語,67,,,38,
片尾曲,詹雅雯,台語,,974,,8,
牙密,張震嶽,國語,,641,,2,
牙密,蔬乂時,國語,,56783,,2,
牙密,蕭亞軒,國語,,4,,2,
牙密,許茹芸,國語,,5,,2,
牙關,五月夭,國語,,5,,2,
牛仔很忙,周杰倫,國語,,560,,2,
牛即織女,顧曉宇,國語,,550,,2,
牛啤氣,,客語,850,,,51,
牛犁歌,,台語,,1,,5,
牛背上的姑娘,溫梅桂秀美,國語,,851,,9,
牛唔見咧,,客語,1,,,51,
牛欄肚該棚戲 林展逸 ◆,,客語,8,,,51,
牡丹,甲子慧,台語,558,57481,,5; 61; 61; 61,
牡丹,陳怡婷,台語,,1,,8,
牡丹之歌,唐珂呂,國語,,983,,2,
牡丹我愛妳 倫巴 蔣新蘭,,台語,,,,44,
牡丹花,蕭牡丹,台語,1,,,65,
牡丹花開,孫淑媚劉伯利,台語,,46991,,8,
牧場情歌,羅日堂方苇人,台語,,2,,6,
物是人非 抒情搖滾 張澤熙,,華語,65,,,,
特別的人,方大同,國語,,5,,2,
特別的女孩,,華語,,,,,
特別邀請,,華語,62,,,,
特別關心,,華語,6957,,,38,
特務,陳曉東,國語,590,,,63,
特務J,蔡依林,國語,,565,,2,
特魯多 ◆ 劉麗芳,,華語,,,,,
特魯多 葉冠成.廖鳳英,,國語,,,,,
牽K奈,文麗,台語,,95694,,5,
牽K耐,豬哥亮,台語,,574,,5,
牽一你的手,袁小迪,台語,,59744,,8,
牽你的手,辦桌二人組,台語,,7,,6,
牽你的手,陳隨意,台語,,577,,6,
牽你的手,韓寶儀,台語,,648,,6,
牽你的雙手,類型,華語,91,,,,
牽你手,,客語,7,,,51,
牽壮,高向鵬,台語,,2,,5,
牽妳的手,洪金河,台語,7,54765,,; ; ; 6,
牽心萬苦,謝和弦,國語,,840,,9,
牽情,鳳飛飛,國語,,9,,2,
牽手,,台語,,447,,5,
牽手,儒孺,台語,569,,,61,
牽手,回向鵬,台語,,0,,5,
牽手,廖秋擠,台語,,543,,5,
牽手,廖秋濟,台語,9,,,66,
牽手,李嘉,台語,558,,,88,
牽手,葉勝欽,台語,,576,,5,
牽手,蔡佳麟,台語,,46768,,8,
牽手作伏行,李天良,台語,,843,,8,
牽手作伴,楊喬,台語,,9,,8,
牽手做陣行,王智君/陳豪,台語,6693,,,00,
牽手出頭天,田帥,台語,,2,,8,
牽手到永遠 吳進福/蔡莉莉 ◆,,華語,41,,,93,
牽手夢裡夢外,甜美真/命中註定,華語,573,,,68,
牽手忙放手愛,冷漠,國語,,8,,3,
牽手情,,客語,4,,,51,
牽手情,彭莉,台語,,0,,5,
牽手情,鳳娘,台語,555,565,,88; 88; 88; 5,
牽手的幸福,黃文星,台語,,98773,,8,
牽手的約定,,華語,,,,,
牽手看月圓,吳俊宏,台語,,595,,8,
牽手過,,華語,,,,49,
牽掛,蔡小虎,台語,,577,,5,
牽掛,許秀鳳,台語,4,,,65,
牽掛,黃仲崑,國語,,0,,2,
牽掛你的人是我,鄭源,華語,57561,,,68,
牽掛你的人是,鄭源,國語,,9,,9,
牽條條,蔡義徳卑有娜,台語,,59596,,8,
牽無珎的手,張燕清,台語,,3,,6,
牽牽手,馬毓芬,國語,,792,,2,
牽牽牽手,吳克群,國語,,562,,2,
牽糹一生的愛,梁朝偉,國語,,1,,3,
牽紅線,王建傑&,台語,,6,,5,
牽紅線,王秀琪,台語,,877,,8,
牽腸掛肚,林子娟,台語,569,556,,61; 61; 6; 61,
牽腸掛肚,王江發,台語,,47671,,8,
牽著他的手,黄妃,台語,,442,,6,
牽著你的手,秀蘭瑪雅,台語,8592,,,75,
牽著媽媽結攔的雙手,蔡亞玲,台語,81,,,54,
牽著媽媽結欄的雙手,蔡雅鈴,台語,,765,,7,
牽著你的手,秀蘭瑪,台語,,3,,6,
牽袂條的手,王識賢,台語,55792,,,61,
牽連的真心,王建傑,台語,566,,,61,
牽阮的手,傳振輝&,台語,,8,,6,
牽手來牽,,客語,441,,,51,
犀牛望月允無望,王秀真,台語,766,54448,,; ; ; 7,
犇喙,林玉英,台語,,8,,5,
犇大,嚴玲,台語,,540,,5,
犇言子,劉虹嬅,國語,,2,,2,
犒笑,羅志祥,國語,,56687,,2,
犧牡生我的愛,董育君,台語,,49498,,7,
犧牡生為著愛,葉敗田,台語,,381,,7,
犧牲,孫淑媚,台語,554,,,,
犧牲,郭富城,國語,,3,,2,
犬山又過嶺,龍千玉,台語,,4,,7,
犬默吩歸期,夏台暄,國語,,7,,3,
犬默祝福你,余夭,國語,,2,,3,
犯罪,羅文聰,台語,,898,,5,
犯罪,顧峰、斯琴高,國語,,3,,2,
犯錯,斯琴高麗/顧峰,華語,570,,,61,
犯錯,楊麗菁,國語,,7,,2,
狀元,黃立行,台語,,842,,8,
狂奔,藍心湄,國語,,575,,2,
狂悲狂喜,游鴻明,國語,,4,,2,
狂想曲,蕭敬騰,國語,,570,,2,
狂野之城,郭富城,國語,,563,,2,
狐狸愛上熊,胡力,國語,,76664,,3,
狐狸精,,國語,,552,,1,
狐狸精,羅志祥,國語,81,,,,
狐狸精,羅志祥對唱,國語,,575,,2,
狗狗減月操,范曉萱,國語,,9,,3,
狠不下心,黃品源,國語,,3,,2,
狠狠想起你,曾心梅,台語,,574,,6,
狠狠愛,徐若瑄 洛克,國語,48,,,,
狠角色,張惠妹,國語,52,,,,
狡辯,,華語,63,,,,
狼,林志穎,國語,,2,,2,
狼,齊秦,國語,,0,,; ; ; 2,
狼煙,費玉清,國語,,938,,2,
狼煙,費齦,國語,,7,,2,
狼牙月,藍王,國語,,49844,,2,
猛男日記,羅志祥,國語,71,9,,; 9,
猜不透,張韶涵,國語,70,,,,
猜不透,謝莉婷,台語,,974,,8,
猜不透的謎題,,華語,63,,,39,
猜心,,台語,45,,,97,
猜心,,國語,,879,,1,
猜心,陳柏圻,國語,,8,,2,
猜調,紫薇,國語,,499,,2,
猴囝仔,林財寶,台語,550,,,86,
猴賽雷,陳雷,國語,5,4,,2; 61; 61; 61,
猶原偷偷愛你,鳳娘,台語,550,,,00,
猶原在夢中,羅時豐,台語,,9,,6,
猶原在等你,閃亮三姊妹,台語,559,,,61,
猶原在等待,閃亮三,台語,,565,,6,
猶原愛一著你,,台語,,5,,6,
猶原愛你,,華語,,,,99; ; ; ,
猶原愛你,幼幼,台語,,7,,6,
猶原愛你,李明洋,台語,,58396,,6,
猶原愛你,陳子賢,台語,,975,,6,
猶原是你,溫瀚龍,台語,,0,,8,
猶原是你,王壹珊,台語,,8,,6,
猶原有夢,張清芳,台語,,4,,6,
猶原為你等,陳淑萍,台語,84,,,57,
獅友向前行,獅友大合唱,台語,56664,,,61,
獅友向前行,獅友大曰日,台語,,971,,6,
獨一無二,,華語,,,,,
獨一無二,謝金燕,台語,556,4,,75; 75; 75; 6,
獨一無二,陳茂豐,台語,55794,578,,61; 61; 6; 61,
獨一無二ONLYYOU,羅志祥,國語,,497,,3,
獨上蘭舟,風采輪,台語,,444,,6,
獨佔神話,蔡依林,國語,4561,,,,
獨傷情,陳茂豐,台語,559,4,,5; 61; 61; 61,
獨卒揄王,阿良偉,台語,,959,,6,
獨占眷風,風采轎,台語,,8,,8,
獨孤天下,,華語,68,,,,
獨家深夜食堂,,華語,6599,,,,
獨家試唱,鄭秀文,國語,,563,,3,
獨尊筆我,荒山亮,台語,,44392,,6,
獨昌亻省悲,陳黎明,國語,,49752,,3,
獨木橋,,國語,,3,,2,
獨木橋,楊小萍,國語,,6,,2,
獨特的顏色,,國語,,,,,
獨白,,台語,70,,,,
獨相思,方阡翊,台語,,547,,5,
獨相思,江志豐,台語,,3,,5,
獨立生活,李明依,國語,572,,,61,
獨自淋一場月光,,華語,68,,,,
獨角戲,許茹芸,國語,,455,,2,
獨身仔命,唐飛,台語,56558,543,,66; 66; 6; 66,
獨身仔的生活,翁立友,台語,,596,,8,
獨身女人,,台語,,,,,
獨身女子,江蕙,台語,6960,6,,; ; ; 6,
獨身宣言,,台語,59,,,,
獵人,于冠華,國語,5,,,61,
獵人芳心,,華語,66,,,,
獻花,夏台暄,國語,,658,,2,
獻莅,,國語,,6,,2,
玄天上帝(電音版),李天良劉”&,Unknown,,8,,8,
玄武英雄,王識賢,台語,55790,576,,61; 61; 6; 61,
玆相思,孫淑媚,台語,,453,,5,
玆魂淚張,燕清,台語,,874,,5,
玉亭湖畔,,國語,,685,,2,
玉山姑娘,葉啟田尤君,台語,,5,,6,
玉蘭花,,台語,,,,,
玉蘭花,魏秀文,台語,,,,69,
玉闚匕,江蕙,台語,,576,,5,
王八蛋,,國語,,3,,2,
王寶釧,王玲,台語,8993,3,,; ; ; 5,
王己,蕭敬騰,國語,,568,,2,
王昭君,楊燕,國語,,49,,2,
王者之證,劉于平,台語,,44838,,6,
王董,梭,台語,552,,,80,
王董,澎恰恰季九,台語,,4,,5,
王道,伍佰,台語,,962,,5,
玩作伴,芭比,台語,,567,,5,
玩偶,,台語,65,,,,
玩偶,,華語,62,,,,
玩偶,曾慶瑜,國語,59,3,,41; 41; 41; 2,
玩愛之徒,蔡依林,國語,,579,,2,
玩火,蔡妍,國語,,5,,9,
玩美,蔡依林,國語,3941,,,,
玩耍,趙薇,國語,,4,,2,
玩膩,M3,國語,,788,,2,
玩轉,梁心,國語,,5943,,1,
玫瑰,,華語,6560,,,,
玫瑰,UnderIover,國語,,652,,9,
玫瑰,蕭玉芬,台語,,538,,5,
玫瑰,郭桂彬,台語,,999,,5,
玫瑰到了花期,,華語,68,,,,
玫瑰園,李玟,國語,42,,,,
玫瑰園,潘越雲,國語,,3,,2,
玫瑰多情,唐飛,台語,566,,,66,
玫瑰夢,,國語,,6,,2,
玫瑰心,陳永龍,台語,,787,,8,
玫瑰情話,楊林,國語,58,,,,
玫瑰戀,鳳飛飛,國語,,6,,2,
玫瑰我愛你,上明,台語,,552,,6,
玫瑰星球,謝金燕,國語,5,,,62,
玫瑰紅,陳隨意,台語,,43972,,8,
玫瑰落地遙遙無期,,華語,6776,,,,
玫瑰香,林憶蓮,國語,,1,,2,
玻瑰唇彩,姜華,國語,,653,,2,
玻璃心,一綾,台語,56390,94861,,5; 63; 63; 63,
玻璃心,吳勇濱,台語,,977,,5,
珂仔前,陳有娜,台語,,2,,8,
珈畊在等一個人,周慧敏,國語,,3,,3,
珊瑚海,周杰倫/Lara,國語,,,,,
珍,,華語,6578,,,,
"珍,昔巴",劉岡,國語,,2,,2,
珍严,陳慶仁&林慧省,台語,,683,,5,
珍严,龍千玉,台語,,56651,,5,
珍惜,揚臣剛,國語,,5,,2,
珍惜,蘇有朋,國語,,685,,2,
珍惜,高峰,台語,561,6,,5; 61; 61; 61,
珍惜人生,吳珍珍,台語,,46846,,8,
珍惜人生,珍珍,台語,8,,,64,
珍惜今啦日,李如麟/黃志強,台語,6744,,,00,
珍惜今啦日,李如麟昔志強,台語,,442,,6,
珍惜咱的夢,楊秀菊,台語,8,,,64,
珍惜喙分,余錦蚊,台語,,956,,6,
珍惜感恩,蔡一州,台語,,1,,8,
珍惜我的真心,金城武,國語,599,,,68,
珍惜生命,林雪美,台語,7,,,65,
珍惜相愛,,台語,02,,,51,
珍惜緣分,余錦玟,台語,4,,,66,
珍惜自己,吳奇隆,國語,,47,,1,
珍惜青春,,客語,5,,,51,
珍珍有意思,吳珍珍,台語,,464,,8,
珍珍有意思,珍珍,台語,8,,,64,
珍珠,,華語,,,,,
珍珠貝殼,City&@,國語,,5,,2,
珍珠貝殼,City魅,國語,5,,,61,
珍重,北原山,國語,,6,,2,
珍重,歐陽菲,國語,,569,,2,
珍重,盧秀益,國語,4,,,64,
珍重今宵,,客語,2,,,51,
珍重再見,李翊君,國語,,3,,2,
珍重我愛,楊林,國語,,3,,2,
珎是我的,薛珮潔&政,台語,,5,,6,
珎是阮最愛,李天良,台語,,839,,8,
珎直叫人一迷,劉家昌,國語,,880,,3,
珡丶緣,傅振輝&,台語,,567,,5,
珱不是日候,黄文冠,國語,,874,,3,
現,黃瑞文,國語,,2,,2,
現代人的社會,七郎,台語,63,,,,
現代女人花,廖麗雅,台語,6490,,,,
現代女性,王又萱,台語,7,543,,64; 64; 6; 64,
現代女性,陳美伶,台語,,548,,6,
現代小姐,銀霞,國語,,782,,2,
現代平板山歌,,客語,,,,49,
現代平板山歌 中板靈魂樂 張喜芳.林展逸. 朱鵬鈞,,客語,,,,49,
現代平板山歌 中板靈魂樂 林展逸.張喜芳. 宋竹梅.朱鵬鈞.,,客語,,,,49,
現代新潮山歌仔 林鈺涵.賴禹樺 利用人如欲使用本產品於「公開場所」使用，請逕洽集管團體或,,客語,,,,49,
現代的女性 搖滾 ◆ 邱賢桂/蘇宥蓉,,國語,,,,,
現代的英雄,白人豪,台語,5,,,64,
現在以往,,國語,,390,,2,
現在以後,童安格,國語,,4,,2,
現在你是誰的,頂居岫植,國語,,689,,3,
現在就説愛我,盧春如,國語,,5,,3,
現在我,,華語,6656,,,,
現在我很幸福,N,國語,,574,,3,
現在我這麼想,林志炫,國語,,2,,3,
現在流行什麼,黄鷙鷽,國語,,4,,3,
現在的你,庭竹,國語,,485,,2,
現在的我們,,華語,65,,,,
現在的我們,蕭薔,國語,542,869,,95; 95; 95; 3,
現在的我最需要,人安慰,國語,,3,,3,
現實人生,林美惠,台語,,748,,6,
現象七十二變,羅大佑,國語,5,,,67,
現金寄治股車,白冰冰,台語,,8,,7,
理想,林聖硯,台語,,,,60,
理相,李逸,國語,,9,,9,
理髮小姐,文夏,台語,,9,,6,
理髮小姐,李芊慧,台語,,8,,6,
理髮小姑娘,黃西田,台語,,856,,8,
琉球夢,,台語,,9,,5,
琉璃,,華語,65,,,,
琉璃匁,水琉璃,國語,,5,,2,
琉璃鎖,,華語,,,,,
琴傷,周杰倫,國語,,486,,2,
琴簫緣,傅振輝/周慧璇,台語,554,,,,
琴酒思情,楊玉玲,國語,538,463955,,1; 60; 60; 60,
琵琶怨,楊燕,國語,,9,,2,
琵琶曲,蔡幸娟,國語,,3,,2,
琵琶語,,華語,63,,,,
環島旅行(南),施文彬林雫均,台語,,443,,6,
瓊花,方順吉,台語,,447,,5,
瓊花,葉啟田,台語,,46838,,8,
瓊花,陳淑萍,台語,,893,,5,
瓊莅,林姍,台語,,579,,5,
瓜不瓜,,華語,6381,,,,
瓜兒淚,洪榮宏,台語,,587,,5,
瓜兒淚葉,啟田,台語,,8,,5,
瓜單月詹,曼鈴,台語,,772,,5,
瓜單酒傅,振輝,台語,,992,,5,
瓜單酒豪對,記大,台語,,6,,5,
瓜愁人江,蕙,台語,,487,,5,
瓜愁人羅曲,時豐,台語,,97471,,5,
瓜棚小唱,紫薇,國語,,4,,2,
瓜棚小唱,陳芬蘭,國語,,8,,2,
瓦解,南拳媽媽,國語,502,,,38,
瓩瓧瓧,張文埼,國語,,48458,,2,
瓶中信,趙薇,國語,,575,,2,
瓽到心痛,高向鵬,台語,,440,,6,
甕菜好吃肚裡空,,客語,4,,,51,
甘不鉤愛你,戴梅君,台語,,857,,8,
甘乘阮一人,王建傑,台語,,56848,,6,
甘剩阮一人,王建傑,台語,55948,,,61,
甘安旡,謝宜君,台語,,8,,8,
甘巴爹,,台語,46,,,,
甘巴爹,張文綺,台語,,996,,8,
甘心,劉德華,台語,,578,,5,
甘心替代你,鄭伊健,國語,,563,,3,
甘拜下風,洪百慧,台語,,9,,6,
甘是你無忙,黃乙玲,台語,,492,,6,
甘是喙价,王建傑,台語,,760,,6,
甘是天意,蔡小虎素專,台語,,59683,,8,
甘是情歌,黄西田花姐,台語,,49476,,6,
甘是我,沈建豪,台語,,,,61,
甘是有人比我卡愛你,陳思安,台語,,940,,8,
甘是緣份,勃露斯,台語,562,,,68,
甘會想起我,,華語,52,,,96,
甘有愛過我,李嘉,台語,555,76477,,83; 83; 83; 6,
甘有愛阮,林子娟,台語,,0,,6,
甘有真心愛過我,劉佳軒,台語,8483,,,71,
甘有真心愛過我,甲子慧,台語,,775,,61; 61; 61; 8; 8,
甘有速配,黃乙玲迪牛,台語,,2,,6,
甘甘的愛,黃乙玲,台語,,477,,6,
甘甜女人心,台冰冰,台語,,469,,8,
甘甜的愛,張蓉蓉,台語,,43967,,8,
甘講,,台語,46,,,,
甘講你不知,高向鵬台萍,台語,,94772,,6,
甘講你攏袂想我,,華語,,,,45,
甘講是無份,劉佳軒,台語,,385,,6,
甘講阮孤單,林子娟,台語,557,,,61,
甘願,,台語,,,,,
甘願,宋佳玲,台語,65,,,,
甘願,李明洋/邱芸子,台語,84,,,70,
甘願,李明洋邱芸子,台語,,4,,5,
甘願,王中平,台語,56749,570,,5; 62; 62; 62,
甘願,邱賢桂,台語,,439,,8,
甘願一生等、待你小,陳楊,台語,,2,,7,
甘願不回頭,尃振輝,台語,,46863,,8,
甘願伴你一生,龍千玉,台語,,4,,7,
甘願伴妳過一生,方阡翊VS,台語,,941,,7,
甘願做憨人,慕容婕,台語,,756,,8,
甘願剖心肝,,國語,,,,,
甘願剖心肝,傑邱芸子,台語,,46969,,8,
甘願受,阿吉仔,台語,,46885,,61; 61; 61; 8; 8,
甘願吹風,向蕙玲,台語,,7,,6,
甘願塊你吃苦,唐飛,台語,,492,,7,
甘願孤單,孫協志,台語,,5,,6,
甘願孤單,蔡秋鳳,台語,,7,,6,
甘願孤單,郭丫雙,台語,,54471,,6,
甘願孤單,郭阿雙 特魯多,台語,2,,,64,
甘願放手,張杉寶,台語,,7,,8,
甘願放手,張杉寶 特魯多,台語,7,,,60,
甘願為你來犧牲,一綾/錢澄,台語,56544,,,61,
甘願為你痴情為你醉,唐飛,台語,6761,,,,
甘願為你紅,侯方貽,台語,480,,,60,
甘願為你多活一天,方文彬,台語,,559,,7,
甘願為你癡情為你醉,唐飛,台語,,5,,7,
甘願為你來牲,一錢,台語,,4,,8,
甘願為你孤單,蔡仕麟,台語,,468,,8,
甘願無伴,,台語,,94863,,6,
甘願無伴,一綾,台語,56392,,,63,
甜了個蜜,,華語,6556,,,,
甜了個蜜,麥小兜vs*ik,國語,,41,,1,
甜到爆表,,華語,61,,,,
甜甜,,台語,,,,41,
甜甜圈,卓文萱,國語,,76796,,2,
甜甜圈,小薰/阿本,國語,5,,,89,
甜甜圈,閃亮三姐妹,國語,5,,,67,
甜甜圏,閃亮三姉外,國語,,468,,2,
甜甜甜,黃李子森,台語,,3,,8,
甜甜的,周杰倫,國語,,565,,2,
甜甜的愛,甜甜,台語,7,,,,
甜甜蜜宀,甲子慧,台語,,454,,6,
甜甜蜜蜜,甲子慧,台語,56787,,,62,
甜粅粅,類型 梭 ◆ 王中平 ◆ 鄭源,華語,,,,,
甜美的夢,潘安邦,國語,,752,,2,
甜蜜像當初,良一艾,台語,,3,,8,
甜蜜天地,,華語,93,,,,
甜蜜小屋,阿翁,華語,577,,,61,
甜蜜心事,蘇慧倫,國語,,6,,2,
甜蜜愛情 恰恰 歌曲 ◆ 一綾,,台語,49,,,,
甜蜜的傷口,山野,國語,,496,,3,
甜蜜的傷有口,山野,國語,,453,,3,
甜蜜的夢,潘安邦,國語,,7,,9,
甜蜜的家,民雄,國語,,558,,2,
甜蜜的家,謝金燕,台語,,445,,6,
甜蜜的家庭,余瑞昌,台語,56739,,,63,
甜蜜的家庭,蔡琴,國語,,575,,3,
甜蜜的情歌,陳思安,台語,84,,,65,
甜蜜的戀夢,李小薇 特魯多,台語,8,,,65,
甜蜜的枕頭,方瑞娥,台語,,43875,,8,
甜蜜的枕頭 恰恰 陳美霜,,台語,,,,48,
甜蜜的漩渦,鄧麗君,國語,,7,,3,
甜蜜的笑語,楊小萍,國語,,674,,3,
甜蜜的笑語,歐陽菲,國語,,892,,3,
甜蜜的約定,王建傑,國語,565,,,68,
甜蜜的華爾滋,江枋稘 快華爾滋,台語,,,,60,
甜蜜的負擔,沈建豪,台語,55869,57771,,61; 61; 6; 61,
甜蜜的責任,蔡佳麟,台語,,587,,6,
甜蜜約定,3C1ub,國語,,2,,2,
甜蜜約定,3Club,國語,45,,,,
甜蜜花園,林依晨,國語,,56862,,2,
甜蜜蜜,鄧麗君,國語,,3,,2,
甜蜜變苦味,,台語,,56475,,6,
甜言蜜語,,台語,,,,00,
甜言蜜語,王強,國語,,1,,2,
甜酒,,台語,44,,,,
生,阿吉仔,台語,,445,,5,
生亠,五月天,國語,,57463,,2,
生份人,,客語,9,,,51,
生命中的痛,侯孝賢,台語,,3,,6,
生命中的精靈,李宗盛,國語,38,4,,; ; ; 3,
生命之歌,沈芳如,台語,559,693,,61; 61; 6; 61,
生命之歌,陳思安,台語,,566,,6,
生命也有冬天,,國語,,3,,3,
生命圓舞曲,,國語,,8,,3,
生命如花籃,,國語,,3,,3,
生命是一首澎湃的,,國語,,383,,3,
生命的光彩,,台語,91,,,,
生命的光彩,林榮宏,台語,,544,,6,
生命的力量,陳小龍,台語,,439,,8,
生命的弦律,林昆翰,台語,7,,,69,
生命的情歌,蔡義德,台語,55580,,,61,
生命的戀歌,王瑞霞,台語,63,,,,
生命的星辰,,國語,678,,,38,
生命的春天,阿吉仔,台語,9,5,,60; 60; 60; 8; 8,
生命的舞伴,甘聰傑/伍霈芳,台語,2,,,65,
生命的親人,,台語,,,,96,
生命的鎖匙,詹曼鈴,台語,,,,61,
生命的長河,邰正宵,國語,4993,,,,
生命的陽光,,台語,,,,98,
生日 Party歌,羅百吉/寶貝,國語,5,,,61,
生日Party歌,羅百吉,國語,,8,,2,
生日不快雫,張艾文,國語,,497,,3,
生日快樂,,國語,,4,,2,
生日快雫,劉若英,國語,,9,,2,
生日快雫,李明洋,台語,,4,,6,
生日領悟,羅美玲,國語,43,2,,; ; ; 2,
生死戀,尤鳳,台語,,663,,5,
生死戀,詹雅雯,台語,,9,,5,
生死永不分,蔡幸娟,國語,,1,,3,
生活,,華語,64,,,,
生活不曾饒過誰,,華語,6950,,,,
生活日記,彭莉,台語,,948,,6,
生活苦,,台語,,4,,5,
生活苦,江蕙,台語,,5,,5,
生活需要慢節奏,,華語,63,,,,
生生築歹,王又萱,國語,,54792,,2,
生疏的城市,,台語,669,,,38,
生而平凡(DJ京仔版),,華語,6455,,,,
生趣真生趣,,客語,4,,,51,
用~筊一回,沈芳如,台語,,0,,6,
用一生愛你,長春蟲子,國語,,68487,,3,
用什麼證明你愛,,客語,61,,,38,
用今生伴來世,,華語,49,,,39,
用心,小莊,華語,579,,,61,
用心,沈建豪,台語,56686,5,,5; 61; 61; 61,
用心,銀河之,台語,,496,,5,
用心,龍千玉,台語,,575,,5,
用心乾杯,蔡秋鳳,台語,66,,,,
用心乾杯,辦祟二人組蔡,台語,,9,,6,
用心交換,李素專,台語,563,96958,,61; 61; 6; 61,
用心交陪,翁立友龍千玉,台語,,766,,6,
用心交陪,陳茂豐,台語,56762,593,,62; 62; 6; 62,
用心代替,張政雄薛潔絜,台語,,56884,,6,
用心來打拼,葉諾帆,台語,,775,,8,
用心來換,,台語,50,,,53,
用心來賠,周育嬋,台語,,948,,6,
用心愛一回,沈芳如,台語,562,,,61,
用心愛的人,莊振凱戴君,台語,,489,,6,
用心愛落去,楊彩藝,台語,56962,46986,,69; 69; 69; 8; 8,
用心用心,鄭詠心,台語,56699,45486,,62; 62; 6; 62,
用心疼痛,,台語,,,,51,
用心等待,施志興/吳倖妏 勃露斯,台語,55663,,,51; 51; 51; 52,
用心等待,施志興呉倖奴,台語,,474,,6,
用心等待你,王瑞霞,台語,,4,,6,
用心聽,范逸臣,國語,43,,,,
用心肝叫你的名字,甲子慧,台語,,473,,61; 61; 61; 8; 8,
用心肝愛過的人,洪百慧,台語,8459,,,71,
用心肝飮的酒,詹雅雯,台語,,2,,7,
用心良苦,,台語,,,,97,
用心鬥陣行,劉育綾,台語,554,,,98,
用性命買空虛,朱海君,台語,,000,,7,
用情,翁立友,台語,,57498,,5,
用情太深,甲子慧,台語,567,049,,61; 61; 6; 61,
用情太深,邰正宵,國語,59,,,40,
用情太深,鄺美雲,國語,553,,,41,
用情最深的人,梁朝偉,國語,,6,,3,
用情這呢深,,台語,47,,,,
用愛,,華語,,,,,
用我生命愛妳,李再傳,台語,9,,,60,
用生命來愛你,七郎,台語,6448,6,,; ; ; 7,
用生命來愛妳,顏塗樟 特魯多,台語,3,,,66,
用生命疼惜妳,頼信,台語,,9,,8,
用生命的愛,李湘君,台語,488,544,,60; 60; 6; 60,
用盡一生的愛,張克帆,國語,,3,,3,
用真情伴一生,侯貴美,台語,0,,,66,
用背叛成全背叛,許志安,國語,,5,,3,
用胭脂寫你的,謝金燕,台語,,7,,7,
用講的無實在,許燕,台語,55638,,,61,
用餘生去愛,張學友,國語,,441,,3,
甩啦甩啦,蕭亞軒,國語,3975,,,,
甭勉強,阿吉仔,台語,,1,,5,
甭問我,,國語,95,,,,
甭問我烹什麼,新棠二人姐,台語,,57484,,7,
甭問阮的名,黃思婷,台語,556,,,92,
甭擱乎我煩,楊純珍,台語,638,,,61,
甭擱乎我痛,劉香香,台語,3,,,64,
甭擱憨,七郎,台語,55541,,,61,
甭擱憨,蔡振南,台語,,5,,5,
甭擱憨,陳淑蓁,台語,641,544,,5; 61; 61; 61,
甭擱提起舊傷痕,施文彬,台語,67,,,,
甭擱望,游麗紅,台語,,94749,,5,
甭擱望,游麗紅 特魯多,台語,7,,,64,
甭擱為難,蕭承祥 特魯多,台語,1,,,64,
甭擱相找,林淑姮,台語,639,,,61,
甭擱講啦,施淑瑩,台語,0,,,64,
甭擱講愛我,袁世芸,台語,642,,,63,
甭映望,游麗紅 特魯多,台語,6,,,64,
甭暈船,李惠樺,台語,,853,,5,
甭煩我,田路路 特魯多,台語,75,,,,
甭講也罷,羅時豐,台語,,965,,8,
甭講傷心話,高向鵬方怡萍,台語,,656,,6,
甭賭卂,林春地,台語,,544,,5,
甭賭卂,高向鵬台萍,台語,,653,,5,
甭賭氣,高向鵬.方怡萍,台語,60,,,,
田.入.驚,蕭煌奇,台語,,57461,,6,
田乙戀情,邱乃苹,台語,,44680,,6,
田亼,蔡雅鈴,台語,,760,,5,
田亼屵,余天龍,台語,,9,,5,
田入严,唐飛,台語,,495,,5,
田卂,張政雄,台語,,391,,5,
田卂,葉素美,台語,,545,,5,
田墘好鄉里,阿吉仔,台語,,989,,8,
田墘好鄉里,阿吉仔 特魯多,台語,0,,,69,
田宀,黃小菁,台語,,5,,5,
田岸小路,妤秦,台語,,993,,8,
田庄人去做兵,,客語,7,,,51,
田念,林吉玲,國語,,553,,2,
田拼園,七郎,台語,,3,,8,
田撻樹下,,國語,,5,,3,
田無溝水無/)ILㄊ,蕭玉芬,台語,,490,,7,
田田,黄雅莉,國語,,683,,2,
田田一入一入,郭怡安,台語,,47492,,8,
田田亼入血声声,伍浩哲,台語,,443,,6,
田田田田亼入亼入,西卿,台語,,5,,6,
田田的忙歌,鳳凰傳,國語,,3,,3,
田糹,謝振益,台語,,542,,5,
田莊兄哥,陳一郎,台語,,980,,8,
田莊味,凌一惠,台語,62,,,,
田莊囝仔,林財寶,台語,554,,,88,
田蠳,彭立,台語,55966,,,61,
田蠳,彭莉,台語,,995,,5,
田寮村係故鄉,陳莉/石喬,客語,448,,,00,
由在伊啝,白冰冰,台語,,1,,6,
由在伊啦,白冰冰,台語,67,,,,
由在你,,台語,,,,95,
甲你作伙心會,余天,台語,,948,,7,
甲你作伴,黃乙玲,台語,7999,,,,
甲你巴落去,李天良劉雅,台語,,8,,8,
甲你惜命命,蘇錦煌/王喬幼,台語,56799,,,63,
甲你熟識,丁國琳/伊正,台語,567,,,63,
甲你當做寶,七郎,台語,554,,,88,
甲你跳舞,謝金燕,台語,8559,,,72,
甲傷心作伴,辦桌二人組,台語,,569,,6,
甲傷心同居,謝金燕,台語,60,4,,; ; ; 6,
甲天借膽,揚哲,台語,,3,,6,
甲天借膽,曾心梅,台語,63,969,,; ; ; 6,
甲天花,郭健一,台語,,6,,5,
甲妳惜命命,"翁立友,金晶",台語,,587,,6,
甲妳補償,曾朝松 特魯多,台語,1,,,65,
甲妹補償,曽朝松,台語,,548,,6,
甲你作伴一,陳淑萍,台語,,795,,6,
甲你展,台冰冰,台語,,789,,5,
甲你熟識,丁國琳伊正,台語,,454,,6,
甲幸福作伙,林喬安,台語,,3,,8,
甲你跳舞,謝金燕,台語,,388,,6,
甲我作陣行,謝莉婷葉忄,台語,,439,,8,
甲我跳舞好否,蕭煌奇,台語,,562,,7,
甲阮呷夠夠,蘇錦煌 特魯多,台語,6985,,,00,
甲阮寵乎我憑,向蕙玲,台語,,9,,7,
甲阮講 I Love You,周雅芳,台語,66,,,,
甲青眷拼輸贏,翁立友余天,台語,,3,,7,
男-歡.女愛,謝金燕,台語,,5,,6,
男.歡..女愛,良林玉英,台語,,1,,6,
男ー,許茹芸,國語,,568,,2,
男一十,上慧,台語,,9,,5,
男一天再相見,,國語,,7,,3,
男一敢,張惠妹,國語,,5,,2,
男一氣,梁靜茹,國語,,51,,2,
男主角,江志豐,台語,,448,,5,
男些愛過的事,光良,國語,,58577,,3,
男人,李翊君,台語,,587,,5,
男人,陳隨意,台語,,448,,5,
男人KTV,黃文星,台語,,571,,5,
男人一生,簡金榮,台語,,96591,,6,
男人一生,簡金榮 特魯多,台語,2,,,65,
男人不容易,王強,華語,575,,,71,
男人不該讓女人,流淚,國語,,3,,3,
男人世界的女人,黃妃,台語,,57791,,7,
男人中的男人,吳家程,台語,,766,,8,
男人也會為愛流,眼淚,國語,,7,,3,
男人也會為愛流眼淚,蘇永康,國語,587,,,91,
男人也有眼涙,李炳辰,國語,,7,,3,
男人何苦為難自己 抒情搖滾 ◆,,華語,,,,,
男人傷,翁立友,台語,,8,,8,
男人出頭天,陳百潭,台語,,46786,,8,
男人命,洪文斌,台語,55386,697,,98; 98; 98; 5,
男人哭吧不是罪,劉德華,國語,5,,,,
男人啊,林子娟,國語,5,,,67,
男人啊,詹雅雯,台語,,3,,5,
男人壞女人愛,,華語,67,,,,
男人女人,阿穆隆許茹芸,國語,,568,,2,
男人如虎,,華語,64,,,,
男人就存該張嘴 林展逸 ◆,,客語,891,,,51,
男人就是累,陳玉建,華語,570,,,61,
男人幫,黃家強任賢齊,國語,,785,,9,
男人心,,國語,,5,,2,
男人心,蔡榮祖,國語,,9,,2,
男人思鄉的時袸,葉啟田,台語,,459,,7,
男人情女人心,袁小迪龍千玉,台語,,5,,7,
男人情女人淚,謝莉婷阝一,台語,,496,,7,
男人情路,楊同祐,台語,7,,,69,
男人愛知,,客語,2,,,51,
男人旅途,阿爍,國語,,468,,2,
男人是很好騙,林志穎,國語,,2,,3,
男人最後傷心的淚 中板靈魂樂 利用人如欲使用本產品於「公開場所」使用，請逕洽集管團體或,,台語,,,,50,
男人有淚,蕭煌奇,國語,,469,,2,
男人歌,高iLVS.小沈陽,國語,,390,,2,
男人沒有錢女人不會愛,沈志仲,華語,571,,,61,
男人涙,伊正,國語,,5,,2,
男人淚,旺來,台語,560,446,,5; 61; 61; 61,
男人淚,永邦,國語,52,,,,
男人淚,王識賢,台語,8392,6,,57; 57; 57; 5,
男人淚,郭忠祐,台語,,46891,,8,
男人清,吳海性,台語,,546,,5,
男人的一半是,人李翊君,台語,,57380,,7,
男人的光彩,許恩河,台語,9,,,64,
男人的堅持,蔡小虎,台語,,57870,,6,
男人的夢,彭錦海 特魯多,台語,5,,,61,
男人的天,張傳旺,台語,,96589,,6,
男人的天,張傳旺 特魯多,台語,2,,,65,
男人的天命,楊順吉,台語,5,,,64,
男人的好,,華語,63,,,,
男人的好,張宇,國語,,8,,2,
男人的心也春,姜育恆,國語,,863,,3,
男人的心也會,涙庚澄慶,國語,,0,,3,
男人的心聲,鄒兆邦,台語,,597,,8,
男人的志氣,曾朝松,台語,,46865,,8,
男人的志氣 梭 李文利,,客語,63,,,56,
男人的悲情,施文彬,台語,554,4,,87; 87; 87; 6,
男人的歌,徐嘉良,台語,,941,,6,
男人的歌,邱賢桂,台語,,46945,,8,
男人的歌 恰恰 ◆ 華昇,,台語,94,,,,
男人的汗,羅時豐,台語,,567,,6,
男人的涙女人,豪記人夂對唱,台語,,564,,7,
男人的淚,揚哲,台語,,8,,8,
男人的淚別讓女人知,趙鑫,國語,,878,,9,
男人的痛,陳友添,台語,9,,,64,
男人的眼涙,費玉渧,國語,,462,,9,
男人的眼淚,羅百吉,國語,588,,,68,
男人的肩胛,陳隨意,台語,,57580,,6,
男人的諸,彭錦海,台語,,95663,,6,
男人的貪,曽心梅,台語,,746,,6,
男人的路,歐宗原,台語,,540,,6,
男人的追求,伍天宇,華語,571,,,61,
男人的錯女人,涙李明翰,國語,,49865,,3,
男人緣,李翊君,國語,,858,,9,
男人與公狗,陳小春,國語,599,,,62,
男人花,黄山,國語,,6,,2,
男人路,林文瑞 特魯多,台語,0,,,65,
男人輸嬴看女人,邱芸子,台語,,448,,7,
男人阿,林俊吉,台語,,395,,5,
男人阿,林子娟,國語,,560,,2,
男人香,章小軍,國語,,558,,2,
"男個小女不懷,",蓓蕾,國語,,865,,3,
男傭,吳克群,國語,,567,,2,
男兒向前衝,柳川 特魯多,台語,9,,,,
男兒心聲,紀金豐,台語,,548,,6,
男兒思鄉的時拵,葉啟田,台語,,96946,,7,
男兒情咅,王明鈞,台語,,544,,6,
男兒情意,王明均,台語,8,,,69,
男兒情歌,陳世賢,台語,3,,,66,
男兒情淚,楊哲,台語,,59556,,8,
男兒情淚,詹旺峻,台語,2,,,65,
男兒愛堅強,光滿,台語,542,,,64,
男兒有淚,七郎,台語,61,,,,
男兒有淚不輕彈,黃西田,台語,,969,,7,
男兒本性,黃玉雄,台語,,540,,6,
男兒本色,周蓬霖,台語,,977,,6,
男兒本色,羅時豐,台語,,4,,6,
男兒本色,陳建誠,台語,567,,,63,
男兒氣慨,董祐同,台語,,54478,,6,
男兒氣慨,董祐同 特魯多,台語,3,,,64,
男兒淚,羅時豐,台語,,0,,5,
男兒痴心,王和平,台語,,541,,6,
男兒癡情,陳友添,台語,,549,,6,
男兒的一生,柳川,台語,1,,,65,
男兒的個性,七郎,台語,,948,,6,
男兒的個性,七郎 慢迪斯可,台語,55561,,,61,
男兒的堅持,曾朝松 特魯多,台語,5,,,61,
男兒的心聲,,華語,64,,,,
男兒的心聲,林孟頤,台語,,54476,,6,
男兒的心聲,沈文程,台語,,2,,6,
男兒的心聲,郭金發,台語,,4,,6,
男兒的心聲,陳雷,台語,,386,,6,
男兒的志氣,李永福,台語,,95677,,6,
男兒的志氣,李永福 特魯多,台語,5,,,,
男兒的志氣,沈文程,台語,,4,,6,
男兒的意志,陳文煌 特魯多,台語,5,,,61,
男兒的愛,陳財嘉,台語,538,,,63,
男兒的本色,阿吉仔,台語,0,,,69,
男兒的歌,郭金安,台語,,54477,,6,
男兒的歌,郭金安 特魯多,台語,539,,,61,
男兒的氣魄,洪睿陽,台語,8,,,66,
男兒的無奈,林春地,台語,,54746,,6,
男兒的酒杯,林在福,台語,,540,,6,
男兒的音志,陳文煌,台語,,95670,,6,
男兒真情,葉俊甫,台語,540,54788,,61; 61; 6; 61,
男兒真情,鄭明隆,台語,,548,,6,
男兒真愛,邱賜蹇,台語,8,54758,,64; 64; 6; 64,
男兒純情,陳新村,台語,,548,,6,
男兒純情曲,阿榮,台語,,54780,,6,
男兒要立士,郭金發,台語,,555,,6,
男又怎麼樣旡,張玉華,國語,,7,,3,
男女心,蔡秋鳳,台語,,4,,5,
男子漢,,台語,,4,,5,
男子漢,林玉峰,台語,,8,,5,
男子漢,莊振凱,台語,,854,,5,
男子漢加油,洪榮宏,台語,,597,,8,
男子漢的本色,林海,台語,,8,,7,
男子漢的標誌,良一,台語,6850,,,,
男子漢的風度,楊宗憲,台語,,4,,7,
男性攏是鐵心肝,詹曼鈴,台語,56746,567,,62; 62; 62; 7,
男性本是漂泊,情文夏,台語,,4,,7,
男性本是漂泊的心情,葉啟田,台語,,470,,7,
男性漂泊的氣慨,謝雷,台語,,43977,,8,
男性的前程,洪一咋,台語,,0,,6,
男性的堅持,翁立友,台語,,699,,6,
男性的志氣,薛金顯,台語,56868,466,,64; 64; 64; 8; 8,
男性的眼淚,田帥,台語,,2,,8,
男日間,陶莉萍,國語,,569,,2,
男朋友,江玲,國語,,983,,2,
男歡女愛,林玉英/良一,台語,56642,,,67,
男歡女愛,謝金燕,台語,8393,,,76,
男男女女,張政雄薛潔,台語,,963,,6,
男男女女,楊繡惠,台語,,44450,,6,
甼戀酒,,台語,,857,,5,
界牆,,華語,63,,,39,
畏靠邱,淑君,台語,,2,,5,
畏靠陳,淑萍,台語,,948,,5,
畐亻犬然,林凡,國語,,576,,3,
畐報,嚴玲,台語,,547,,5,
畐就好,蘇盈之,國語,,57794,,2,
留下來,楊雅琳,國語,,554,,1,
留下來,楊雅琳,華語,57555,,,68,
留下來好喝,系耀威,國語,,9,,3,
留下我自己,鄧麗君,國語,,3,,9,
留下或離開,方季惟,國語,,9,,3,
留不住你的心,鄧麗君,國語,59,,,,
留不住你的心,洪榮宏,台語,,7,,7,
留不住你的愛,SOS,國語,,0,,3,
留不住的沙,山宜,國語,,687,,3,
留不住落櫻,,華語,68,,,,
留乎人探聽,郭号筠,台語,,57742,,6,
留住客人,春妹,國語,,2,,2,
留你留不住,袁小迪,台語,,46859,,8,
留名,,台語,00,,,51,
留名,葉冰倢,台語,,54794,,5,
留學,江志豐,台語,,9,,5,
留你留抹著,楊宗憲,台語,,9,,6,
留心,呉宗憲,國語,,1,,2,
留戀,林玲華,國語,668,54742,,; ; ; 2,
留戀,費玉清,國語,,398,,2,
留戀,陳思安,國語,542,,,,
留戀什路用,陳一郎,台語,,2,,6,
留戀北海岸,余天龍,台語,,3,,6,
留戀台西港,顏塗樟,台語,3,,,66,
留戀夜港邊,,台語,,490,,6,
留戀日月準,石陳,台語,,5,,6,
留戀日月潭,石喬/陳莉 慢迪斯可,台語,69,,,00,
留戀琉戀,,台語,90,,,44,
留戀的暗暝,黄西田捗姐,台語,,7,,6,
留戀的港口,周蓬霖,台語,,44472,,6,
留戀腦海內,陳莉,台語,556,,,61,
留戀腦海内,陳莉,台語,,641,,6,
留糹琉戀,詹曼鈴,台語,,990,,8,
留聲機戀曲,童安格,國語,,3,,3,
留袂著的春天,朱海君,台語,,559,,7,
留香,呉奇隆,國語,,4,,2,
畢業旅行,黃湘怡,國語,5,0,,47; 47; 47; 2,
畢業歌,,國語,,980,,2,
畢業紀念冊,City&@,國語,,9,,3,
畢業紀念冊,City魅,國語,5,,,61,
畢竟,張懸,國語,,3,,2,
畢竟深愛過,,國語,,0,,1,
畢竟深愛過,六哲,華語,57569,,,63,
番仔火,張蓉蓉,台語,,568,,5,
番茄炒雞蛋,張世彬,國語,,76748,,3,
畫你,黃妃,台語,,9,,8,
畫妝,何嘉文,國語,,1,,2,
畫我的愛情,陳淑萍,台語,557,,,61,
畫沙,周杰倫纛鉢外,國語,,56946,,2,
畫粧,邱芸子,台語,55394,,,61,
異國山鴦夢,洪弟七,台語,,542,,6,
異地戀,,華語,6600,,,,
異想天開,BAD,國語,,954,,9,
異想天開,楊丞琳,國語,,7,,2,
異眼鏡的小孩,王仁宏,國語,,0,,3,
異良的男兒,,台語,,8,,6,
異郷人,成鳳,國語,,4,,2,
異郷弋戀情,詹曼鈴,台語,,0,,6,
異鄉ㄟ戀情,詹曼鈴,台語,560,,,61,
異鄉之戀,龍千玉,台語,,8,,6,
異鄉人,李健,國語,,593,,1,
異鄉人,田路路,國語,,7,,2,
異鄉夜愁,洪一峰,台語,,4,,6,
異鄉夜雨,游小鳳,台語,,685,,6,
異鄉夜雨,黃瑞琪,台語,,465,,6,
異鄉忙書,洪一峰,台語,,94539,,6,
異鄉思情,蔡秋鳳,台語,,875,,6,
異鄉情,于台煙,台語,560,,,68,
異鄉情,洪百慧,台語,85,,,72,
異鄉情夢,方順吉,台語,559,,,61,
異鄉情書,吳晉淮,台語,,546,,6,
異鄉情淚,陳隨意,台語,,443,,6,
異鄉愁,周蓬霖,台語,,4,,5,
異鄉懷情人,林財寶,台語,558,,,86,
異鄉戀忙,馬沙,台語,,477,,6,
異鄉戀情,馬沙,台語,559,,,97,
異鄉戀歌,,台語,84,,,,
異鄉的出外子,兪隆華,台語,,7,,7,
異鄉的憨子,李明洋,台語,56977,,,66,
異鄉的我,郭健一,台語,,4,,6,
異鄉的我,郭健一 特魯多,台語,559,,,97,
異鄉的月,黃乙玲,台語,,990,,6,
異鄉的浪子,,華語,64,,,,
異鄉的男兒,張傳 特魯多,台語,7,,,64,
異鄉落雨暝,鄭日清,台語,,440,,6,
異鄉遊子,羅時豐,台語,,400,,6,
當,動力火,國語,,9,,2,
當世界遺棄我的時候,法璦,國語,45,,,,
當亻沒見,方怡萍,台語,,4,,6,
當作一場夢,方順吉/于美玲,台語,85,,,75,
當作一場夢,方順吉于美玲,台語,,443,,6,
當作一屵回憶,黎亞,國語,,49584,,3,
當作我欠你,李月春,台語,7,,,64,
當作是他,鳳娘,台語,558,,,00,
當作無熟悉Bye,陳建誠阿如,台語,,954,,7,
當你孤單你會想起,誰,國語,,2,,3,
當你孤單你會想起誰,張棟樑,國語,48,,,,
當你老了,莫文蔚,國語,,5,,3,
當你離開的時候,蔡健雅,國語,560,,,85,
當你飛向遙遠的邊,際,國語,,0,,3,
當做不日佇,陳小雲,台語,,4,,6,
當做沒愛過,,台語,01,,,51,
當做無愛過,陳金琪,台語,,547,,6,
當做無熟識,于珊珊 特魯多,台語,67,,,,
當冬夜漸暖,孫燕姿,國語,,570,,3,
當初的回憶,,華語,64,,,38,
當初的誓言,七郎/陳思安,台語,6456,,,,
當地日間,,Unknown,,876,,1,
當寂寞的時候,鳳飛飛,國語,,675,,3,
當你離開後,劉依純,國語,,954,,3,
當年的我們,,華語,65,,,,
當店,詹雅霙,台語,,57669,,5,
當心交給了孟婆,,華語,66,,,,
當愛已成往事,李宗盛/林憶蓮,國語,4958,,,,
當我,張琍一,國語,,8,,2,
當我不在的時候你,你會傷,國語,,685,,3,
當我們同在一,孫淑媚,台語,,578,,7,
當我們同在一起,孫淑媚,台語,55874,,,61,
當我們同在一起,蔡一州,台語,,993,,8,
當我們宅一塊,羅志祥,國語,,56496,,3,
當我孤獨的時候還,可以,國語,,2,,3,
當我知道你們相愛,何錐健,國語,,579,,3,
當我知道你們相愛,郭鱸城,國語,,740,,3,
當我開始偷偷地想,你,國語,,5,,3,
當時欲嫁,江蕙,台語,,570,,6,
當時的月亮,王菲,國語,,7,,3,
當時雨過,,華語,6597,,,,
當有一天,田振達,華語,,,,61,
當荷花盛開的時候,,台語,,,,,
當荷花盛開的時候,路勇,國語,,885,,1,
當蝴離開了蝶,莊心妍,國語,,93861,,1,
當蝴離開了蝶,莊心妍,華語,576,,,65,
當這城車沒有你,,國語,,59772,,1,
當鐘聲敲過了新年 迪斯可 範茹,,華語,6949,,,,
畿場,薛岳,國語,,3,,2,
疊愛,李琳,國語,,49875,,2,
"疋否,你小返記寸",陳呉蘓雅,國語,,8,,3,
疋否還記得我,,國語,,8,,3,
疋小五匕我,劉育,台語,,3,,6,
疋愛是恨,馬沙,台語,,488,,6,
疋泣的駱駝,齊豫,國語,,9,,3,
疏遠,周華健,國語,,5,,2,
疑心,呉倖奴,台語,,3,,5,
疑心況落海,伍浩哲美鳳,台語,,2,,7,
疑心病,任然,國語,,753,,1,
疑心病,任然,華語,57578,,,64,
疒,動力火李翊,國語,,5,,2,
疒,高登,國語,,465,,2,
疒就哭出聲,王中平,台語,,572,,6,
疲璃心,林喬安,台語,,988,,8,
疹惜我的愛,黄品源梁琪,國語,,4,,3,
疼严,甲子慧,台語,,042,,5,
疼你入心,陳邱芸子,台語,,7,,6,
疼你好比疼自,王建傑,台語,,891,,7,
疼你會入心,許富凱,台語,,593,,8,
疼你疼到你錯,李為,國語,97,,,,
疼入心,談詩玲,台語,,2,,8,
疼入心 中板靈魂樂 七賢,,台語,,,,46,
疼入心內,沈建豪,台語,56600,,,61,
疼入心愛入心,,華語,63,,,53,
疼入心肝,,台語,48,,,,
疼命命,孫淑媚,台語,66,7,,; ; ; 5,
疼宀,蕭敬騰,國語,,568,,2,
疼你入心肝,陳錐,台語,,491,,6,
疼你疼到你錯,李為,國語,,4,,3,
疼你若生命,蔡小虎,台語,,2,,6,
疼惜,惜惜,台語,386,,,69,
疼惜,王建傑,台語,55699,6,,5; 61; 61; 61,
疼惜,甲子慧,台語,564,,,61,
疼惜,蔡小虎龍千玉,台語,,571,,5,
疼惜,蕭煌奇,台語,,585,,5,
疼惜,鄧詠家袁小迪,台語,,680,,5,
疼惜一世人,李嘉,台語,552,560,,84; 84; 84; 6,
疼惜入心肝,,華語,,,,51,
疼惜厝內的人,,客語,,,,55,
疼惜女人,王佳,台語,,96961,,6,
疼惜女人心,朱海君,台語,,58583,,6,
疼惜我,薛珮潔政雄,台語,,9,,5,
疼惜的夢,,華語,85,,,,
疼惜自己,孫淑媚,台語,558,,,61,
疼愍人,許富凱蔡隹麟,台語,,4,,8,
疼愛,洪金河,台語,,541,,5,
疼抹入心,李嘉,台語,,7,,6,
疼痛的心,王建傑,台語,8585,570,,75; 75; 75; 6,
疼阮一世人,江志美,台語,,996,,8,
疼阮惜阮啝,詹曼鈴,台語,,443,,6,
疼阮惜阮啦,詹曼鈴 吉力巴,台語,6749,,,00,
病相思,龍千玉,台語,,4,,5,
病變,,國語,,597,,1,
痕印,,台語,,,,46,
痛一生,,台語,,,,,
痛三天,余正賜,台語,2,,,65,
痛並快樂著,齊秦,國語,,3,,3,
痛也不放下,,國語,,,,95,
痛了又痛,,華語,6561,,,,
痛入心肝,小林玉,台語,,9,,6,
痛哭,陳小春,國語,,9,,9,
痛就哭出聲,王中平,台語,56751,,,62,
痛徹心扉,季忠平,國語,,3,,2,
痛徹心扉,張棟樑,國語,44,,,,
痛徹心扉,張棟標,Unknown,,597,,1,
痛心的彼段愛,蔡小虎,台語,,7,,7,
痛心的愛,詹雅雯,台語,,2,,6,
痛心的愛情夢,邱芸子,台語,559,,,80,
痛心的戀情,,客語,75,,,,
痛心的決定 妞妞 ◆,,國語,,,,95,
痛心的記治,劉育綾,台語,86,,,54,
痛心肝,葉冰倢,台語,7,,,64,
痛快,S.H.E 洛克,國語,43,,,,
痛快,ㄦH.E,國語,,567,,2,
痛改前非,林玉峰,台語,,44743,,6,
痛甲流眼淚,董育君,台語,,589,,6,
痛癢,凡,國語,,6,,2,
痛相思,甲子慧,台語,56858,,,64,
痛苦女人心,俞隆華,台語,7941,,,54,
痛苦女人心,葉啟田,台語,,76441,,6,
痛苦男人心 Bolero 李宜均,,台語,668,,,,
痛苦的滋味,沈志仲,華語,572,,,61,
痛苦過,周華健,國語,,2,,2,
痛過才知驚,蔡進明,台語,767,,,,
痞子遇到愛,林逸欣,國語,5,,,61,
痴主的忈夢,蔡秀理,台語,,547,,6,
痴心,蔡麗津,台語,,46753,,8,
痴心,鄧詠家,台語,,673,,5,
痴心 類型,,國語,,,,,
痴心夢,美治,台語,0,547,,5; 64; 64; 64,
痴心戀歌,張麗華,台語,,54753,,6,
痴心換假情,上一,台語,,550,,6,
痴心換孤單,美美,台語,,541,,6,
痴心月娘情,許志豪,台語,,96486,,6,
痴心況洛海,陳美鳳伍先生,台語,,5,,6,
痴心無藥醫,張進順,台語,,543,,6,
痴心無路用,陳雅莉,台語,,548,,6,
痴心痴情,洪榮宏,台語,,3,,6,
痴心的我,邰正宵,國語,,380,,3,
痴心的攻瑰,唐儷,台語,,982,,8,
痴心等你,,國語,49,,,94,
痴心絕對,李聖傑,國語,,483,,3,
痴忙憨人,郭健一,台語,,4,,6,
痴忙是我的名,邱芸子,台語,,461,,7,
痴忙最後亻自,蘇錦煌,台語,,765,,7,
痴忙酷恰恰,王建傑&,台語,,768,,6,
痴情,,台語,,,,,
痴情,李湘君,台語,,542,,5,
痴情,江蕙,台語,552,,,92,
痴情不值,唐飛,台語,,495,,6,
痴情不路用,邱芸子,台語,550,449,,87; 87; 87; 6,
痴情不願醒,陳淑萍,台語,,879,,8,
痴情人,君子,台語,,548,,5,
痴情人,林玉英,台語,,548,,5,
痴情人痴情夢,林良歡,台語,,2,,7,
痴情傷自己,,台語,,558,,6,
痴情古芯夢,謝莉好,台語,,4,,6,
痴情台西港,唐飛,台語,,9,,6,
痴情咀有路用,向蕙玲,台語,,7,,7,
痴情多怨嘆,陳美伶,台語,0,543,,65; 65; 6; 65,
痴情夜港邊,黃月寶,台語,4,,,66,
痴情夜港邊,黄月寶,台語,,547,,6,
痴情夢,揚哲,台語,,57692,,5,
痴情夢,林玉蕊,台語,,546,,5,
痴情女,謝宜君,台語,,948,,8,
痴情寄給你,孫協志,台語,,2,,6,
痴情對你講,謝金燕,台語,,1,,6,
痴情屮我有罪,王建傑,台語,,1,,7,
痴情愛吃虧,陳淑女,台語,0,,,64,
痴情愛著你,葉勝欽,台語,,2,,6,
痴情憨人,郭健一 特魯多,台語,554,,,97,
痴情戀夢,,華語,86,,,,
痴情戀夢,姍姍,台語,,96583,,6,
痴情批 華爾滋 歌曲 ◆ 吳林美玉,,國語,,,,,
痴情換孤單,詹雅雯,台語,,583,,6,
痴情換心痛,余惠堅,台語,,540,,6,
痴情換血情,郭健一葷玉芬,台語,,658,,6,
痴情是我的名字,邱芸子,台語,554,,,61,
痴情最後傷自己,蘇錦煌,台語,65,,,00,
痴情最後傷自己,蘇錦煌/簡美雀,台語,568,,,63,
痴情月娘,楊向,台語,,763,,6,
痴情月娘島,黄乙玲,台語,,6,,6,
痴情有哈意義,翁立友,台語,,48682,,7,
痴情有愁膽,向蕙玲,台語,,390,,6,
痴情歌,孫淑媚,台語,55779,570,,5; 61; 61; 61,
痴情海,馬沙,台語,556,492,,5; 61; 61; 61,
痴情海口人,,華語,,,,,
痴情淚海,邱芸子,台語,,462,,6,
痴情淚海,邱芸子 吉力巴,台語,555,,,87,
痴情港口我等你,劉育綾 特魯多,台語,55445,,,96,
痴情烏日站,王江發 特魯多,台語,566,,,61,
痴情無了時,,華語,,,,51,
痴情無了時,王建傑,台語,,3,,6,
痴情無後海,蔡小虎,台語,,797,,6,
痴情無罪,莊振凱,台語,,483,,6,
痴情無藥醫,,台語,02,,,51,
痴情無藥醫,蕭承祥,台語,,54739,,6,
痴情無采工,勃露斯,台語,882,,,64,
痴情玉蘭花,雨涵,台語,,540,,6,
痴情玫瑰,,華語,53,,,,
痴情男兒,施文彬,台語,,0,,6,
痴情痴愛,于台煙,台語,,762,,6,
痴情的人傷心的影,林晏如,台語,67,,,,
痴情的代價,,台語,,6,,6,
痴情的代價,陳一郎 特魯多,台語,76,,,43,
痴情的代價,陳秀鳳,台語,,549,,6,
痴情的夜快車,,台語,,438,,7,
痴情的愁人,秀蘭瑪,台語,,552,,6,
痴情的憨人,秀蘭瑪雅,台語,84,,,60,
痴情的戀夢,蔡秀理,台語,8,,,64,
痴情的歌,伍浩哲,台語,,2,,6,
痴情的海邊,王瑞霞,台語,,1,,6,
痴情的港岸,劉芳如,台語,382,,,69,
痴情的男兒,郭健一,台語,552,480,,93; 93; 93; 6,
痴情的男性,葉敕田,台語,,6,,6,
痴情的靈魂,傅振輝,台語,56646,,,67,
痴情膽,蔡小虎香卿,台語,,48869,,5,
痴情花,陳阿香 特魯多,台語,8,,,63,
痴情行船人,余天龍,台語,,446,,6,
痴情誰人知,龍千玉,台語,,2,,6,
痴情賺醉,張蓉蓉,台語,,8,,6,
痴情酒,張蓉蓉,台語,,570,,5,
痴情難忘,風采輪山亮,台語,,444,,6,
痴情雨,詩雨/鄭飛,客語,576,,,00,
痴情雪中花 吳麗雪 ○ 代表【midi無人聲】 ★ 代表【原聲 或 原聲原影】 適用機型：S-,● 代表【midi+人聲伴唱】 利用人如欲使用本產品於「公開場所」使用，請逕洽集管團體或著 ◆ 代表【midi+原聲伴唱】 作財產權人取得「公播授權」後，始得合法使用 1 上述符號為【歌曲類型】依機型及功能而有所不同 BD/IMSBP系列/N系列/N2系列 發行日期 /,華語,,,,94,
痴情風雨暝,上明,台語,,0,,6,
痴情風雨暝,上明 特魯多,台語,567,,,62,
痴戀,黄乙玲,台語,,5,,5,
痴戀匕,林子娟,台語,,6,,5,
痴清愁夢,唐儷,台語,,972,,8,
痴清難離,王識賢孫淑媚,台語,,987,,8,
痴痴地等,美黛,國語,,3,,3,
痴痴的等,靜廷,國語,,5,,3,
痴迷一生,衣琳,台語,2,,,68,
瘋女人,江蕙,台語,,692,,5,
瘋女十八年,甄秀珍,國語,,7,,3,
瘋子,,華語,6771,,,,
瘋子,劉嘉亮,國語,,773,,2,
瘋狂,芭比,國語,,9,,9,
瘋狂世界,周玻,國語,,2,,3,
瘋狗湧,方瑞娥,台語,,438,,5,
瘋言瘋語,周俊偉,國語,,386,,3,
瘋豬哥醉三日三暝,,台語,41,,,,
瘦瘦的,梁靜茹,國語,48,,,,
療傷,彭羚,國語,,4,,2,
癡,蔡小虎,台語,,563,,5,
癡主債,沈建豪,台語,,0,,5,
癡主海,謝莉婷,台語,,9,,5,
癡主話,銀河科,台語,,496,,5,
癡主酒,白冰冰,台語,,689,,5,
癡傻男孩,黃翊/潘美辰,國語,556,,,61,
癡心,陳曉娟,國語,552,,,45,
癡心人,羅百吉,國語,539,6,,1; 60; 60; 60,
癡心做憨人,嬛嬛,台語,3,,,64,
癡心夢想,莊振凱,台語,,876,,8,
癡心女人夢,鄭詠心,台語,567,45488,,62; 62; 62; 7,
癡心就是我的命,林俊吉,台語,,898,,8,
癡心探戈,許富凱,台語,,974,,8,
癡心換假情,吳上明.一綾,台語,65,,,,
癡心換假情,呉上明,台語,,381,,7,
癡心換絕情,,客語,38,,,,
癡心無代價,林小菁,台語,,95662,,7,
癡心無解,羅時豐,台語,,572,,6,
癡心的一生,,客語,,,,56,
癡心的夢,芬華,台語,,682,,6,
癡心的女人,楊靜,台語,,38593,,8,
癡心的攻瑰,唐儷,台語,,468,,8,
癡心等待你,許富凱,台語,,57873,,7,
癡心等無愛,謝宜君,台語,,2,,8,
癡心絕對,白冰冰,台語,,068,,6,
癡心變絶望,戴梅君,台語,,5,,7,
癡心跳曼波,嬛嬛,台語,,,,69,
癡忙,龍飄飄,國語,,400,,2,
癡忙的月台,,台語,,478,,8,
癡忙的等待,蘇又鎔,台語,,878,,7,
癡情,翁立友,台語,,56441,,5,
癡情,阿吉仔,台語,,46960,,61; 61; 61; 8; 8,
癡情!只有月娘,卓秀英,台語,,95673,,7,
癡情!只有月娘知,卓秀英,台語,877,,,63,
癡情一場空,楊宗憲謝金,台語,,6,,7,
癡情不是一種,過秋越雲,國語,,3,,3,
"癡情乎,人心疼",蔡小虎,台語,,2,,7,
癡情乎人吃鉤,洪百慧,台語,,0,,7,
癡情了憨工 探戈 周小玲.龍德,,台語,87,,,44,
癡情人,李晨,國語,,9,,9,
癡情人,莊振凱,台語,,9,,8,
癡情人作憨夢,張秀玲,台語,,49388,,7,
癡情人是我,,台語,,,,93,
癡情人癡情夢,林良歡,台語,72,962,,43; 43; 43; 7,
癡情何苦,翁立友,台語,,568,,6,
癡情債,沈建豪,台語,569,,,61,
癡情傷,,華語,79,,,,
癡情判我有罪,王建傑,台語,559,,,94,
癡情只有月娘,林徳,台語,,5,,7,
癡情只為你 特魯多 陳美月,,華語,67,,,,
癡情哈路用,安琪,台語,,491,,7,
癡情哈路用,西鉀,台語,,560,,7,
癡情地等待,邱芸子,台語,555,,,80,
癡情夢留給傷心的人,白冰水,台語,,46775,,8,
癡情女人心,鄭如珍,台語,,545,,7,
癡情孤鳥,楊哲,台語,,594,,8,
癡情對你講,謝金燕,台語,,690,,7,
癡情憨人阮一個,,華語,,,,39,
癡情憨子,錢澄,台語,56397,4,,65; 65; 6; 65,
癡情戀夢,姍姍,台語,1,,,64,
癡情戀夢,林姍,台語,,4,,6,
癡情戀夢,王一郎,台語,,98543,,8,
癡情拿鐵,葉諾仉,台語,,849,,8,
癡情換傷心,簡惠珠,台語,881,,,63,
癡情換孤單,莘蒂,台語,8,,,69,
癡情換孤單,詹雅雯,台語,89,,,53,
癡情換心痛,余惠堅,台語,,8,,7,
癡情換無情,方怡萍,台語,,564,,7,
癡情換無情,李明洋,台語,,566,,7,
癡情是阮的名字,,華語,68,,,40,
癡情最後傷自,霈涵,台語,,5,,7,
癡情有毒,孫淑媚,台語,56445,,,61,
癡情有毒,系淑媚,台語,,399,,6,
癡情注定是孤,陳天麟,台語,,495,,7,
癡情海,唐飛,台語,56557,,,66,
癡情渥抹濕,勃露斯,台語,4,,,64,
癡情渥抹濕,白人豪,台語,,46400,,8,
癡情無了時,王建傑,台語,,8,,7,
癡情無人疼,,台語,,59574,,8,
癡情無人疼,,華語,,,,,
癡情無伴,陳雷,台語,,4,,6,
癡情無卞紙,韓寶儀,台語,,7,,7,
癡情無後悔,蔡小虎,台語,,947,,7,
癡情無效,林俊吉,台語,,8,,6,
癡情無藥醫,江志豐,台語,,566,,7,
癡情無路用,陳思安,台語,,46999,,8,
癡情無退路,沈芳如,台語,,5,,8,
癡情熄是被情,,台語,,94865,,7,
癡情男兒,施文彬,台語,,3,,6,
癡情男兒,林於煥 特魯多,台語,879,,,,
癡情男兒,陳雷,台語,557,578,,84; 84; 84; 6,
癡情痴愛,于台煙,台語,8583,,,73,
癡情癡愛,于台煙,台語,,3,,6,
癡情的人,袁小迪,台語,,2,,6,
癡情的人傷心的淚 慢迪斯可 ★,,華語,6667,,,,
癡情的代價,甲子慧,台語,56846,774,,64; 64; 64; 8; 8,
癡情的夢,林姍,台語,,847,,6,
癡情的娜奴娃,,台語,,,,93,
癡情的心放底叨位,莊振凱,台語,,0,,7,
癡情的戀歌,何元平,台語,,787,,8,
癡情的戀歌,何元平 特魯多,台語,880,,,63,
癡情的我,林俊彥,台語,,492,,6,
癡情的我,邵人倫,台語,,7,,8,
癡情的我,陳雷,台語,,558,,6,
癡情的政瑰,許寀菁妞妊,台語,,8,,8,
癡情的月台 特魯多 ◆ 魏秀文,,華語,,,,,
癡情的海岸,鄭如珍 特魯多,台語,561,,,61,
癡情的淚,林俊吉,台語,,77565,,8,
癡情的花蕊,廖慧穎,台語,9,,,66,
癡情真心話,楊雅,台語,,762,,7,
癡情種,林瑞陽,國語,,5,,2,
癡情第一愍,辨棠二人組,台語,,9,,7,
癡情第一憨,辦桌二人組,台語,68,,,,
癡情等你一世,汪子琳,台語,,4,,7,
癡情純情花,,華語,,,,,
癡情總是被情傷,一綾,台語,56393,,,65,
癡情花月語,羅欣,台語,,871,,8,
癡情變愍,七郎,台語,,468,,8,
癡情跟你走,陳茂豐,台語,55857,,,67,
癡情跟你走,陳茂豊,台語,,695,,7,
癡情過重,甲子慧,台語,56489,4,,61; 61; 6; 61,
癡情酒,白冰冰,台語,8588,,,74,
癡情酷恰恰,王建傑甲子慧,台語,,2,,7,
癡情錯,陳慶池,台語,563,,,61,
癡情風雨,,台語,,,,,
癡情香,謝宜君,台語,,59599,,8,
癡情鳥日站,王江發,台語,,477,,7,
癡情麥寮港,唐飛,台語,,77566,,8,
癡戀,洪榮宏,台語,,0,,5,
癡戀夢愛一生,李素專,台語,561,,,61,
癡戀少女心,邱蘭芬,台語,,0,,7,
癡戀花,林子娟,台語,560,,,61,
癡清人,洪百慧,台語,,447,,5,
癡清巷,鄭君威,台語,,499,,5,
癡清海,唐飛,台語,,5,,5,
癡清膽,蔡小虎張秀卿,台語,,567,,5,
癡清莅,陳小雲,台語,,3,,5,
癡清錯,陳慶池,台語,,446,,5,
癡清雨,方瑞娥,台語,,4,,5,
癡清雨,翁立友,台語,,439,,8,
癡癡為你等,鄭秀文,國語,,3,,3,
癡癡的等,社德偉,國語,,9,,3,
癡迷,戴梅君,台語,,870,,5,
癡迷無罪,,華語,,,,43,
癩蝦蟆想吃天鵝肉,洪湖水,國語,,942,,9,
癶壴癶喜,,國語,,3,,2,
登峰造極,,台語,,,,42,
發啦,王江發,台語,56665,,,67,
發燒,~張惠妹,國語,,3,,2,
發燙,溫嵐,國語,500,,,,
發現,周蕙,國語,4949,,,,
發發發,浩角翔,國語,,463,,2,
發發發,葉復台,國語,,5,,2,
發財唔曾發上天 ○ 代表【midi 無人聲】 ★ 代表【原聲 或 原聲原影】,● 代表【midi+人聲伴唱】    版權所有、翻印必究 6 ◆ 代表【midi+原聲伴唱】,客語,390,,,51,
發風搓 抒情搖滾 ◆ 劉玉芳,,客語,,,,,
發騷,大台風樂團,國語,04,,,69,
白,吳奇隆,國語,,5,,2,
白,鳳飛飛,國語,,572,,2,
白天不懂夜的黑,那英,國語,,9,,3,
白夭,,國語,,388,,2,
白彎鸞,陳明仁,台語,,642,,5,
白日夢,,華語,63,,,,
白日夢,劉依純,台語,,579,,5,
白月光照不到地上霜 Hip-Hop 魚兒七,,華語,6586,,,,
白月光與朱砂痣,,華語,62,,,53,
白沙屯媽祖,林姍,台語,,593,,8,
白牡丹,鳳飛飛,台語,,6,,5,
白玫瑰與紅玫瑰,,華語,6389,,,,
白白,,華語,78,,,,
白白色色的的愛愛,鄭琇月,台語,,7,,6,
白白蛇之戀,彭立,台語,,4,,6,
白米酒,羅義榮,國語,,852,,9,
白紗,紫薇,國語,,386,,2,
白紗窗裡的女孩,林慧萍,國語,,3,,3,
白紙,王力宏,國語,3970,,,,
白紙黑字,陳淑萍,國語,563,,,67,
白色康乃声,唐銘良,台語,,6,,6,
白色戀人,游鴻明,國語,5899,95,,; ; ; 2,
白色新娘衫,,客語,41,,,,
白色橄欖樹,,華語,6959,,,,
白色烏鴉,,華語,6954,,,38,
白色的圍巾,傅振輝/金佩姍,台語,552,,,94,
白色的圍巾,傅振輝金佩姍,台語,,873,,6,
白色的婚紗,甲子慧,台語,557,,,61,
白色約定,蕭佩茹,客語,8,,,61,
白色羽毛,芮恩,國語,502,,,,
白色羽毛,蜜雪維琪,國語,548,,,95,
白色裙邊,,台語,,,,42,
白色距離,段千尋,國語,,498,,2,
白色風車,周杰倫,國語,,,,,
白蓮霧,,台語,,9,,5,
白蓮霧,一綾,台語,558,,,94,
白薔薇的眼淚,劉嘉亮,華語,575,,,67,
白蛇亻傳説,洪百慧,台語,,966,,6,
白襯衫牛仔褲,徐譽滕,Unknown,,4,,1,
白襯衫牛仔褲,徐譽滕,華語,57573,,,65,
白豬仔,,台語,,,,45,
白賊無影,張蓉蓉,台語,,4,,6,
白賊話,成鳳,台語,,6,,5,
白雪壞公主,曹蘭,國語,,387,,3,
白雲我問你,高向鵬,台語,,46985,,8,
白頭不偕老,陳茂豐,台語,7,,,65,
白頭偕老,李惠樺,台語,,8,,6,
白頭偕老,陳玉建工詩雨,國語,,9,,2,
白頭毛,馬沙,台語,,450,,5,
白頭鬃,曾心梅,台語,,56978,,5,
白髪屵,高向鵬方瑞,台語,,773,,5,
白髮吟,蔡琴,國語,571,,,,
白鴿,,華語,67,,,,
白鴿的歌,,台語,96,,,,
白鷺鶯,黃源冫,台語,,56448,,5,
百分之百,方仟翊永毅,台語,,7,,6,
百分之百的必須,李翊君,國語,,9,,3,
百利甜,,華語,6843,,,,
百夫軍歌,荒山亮,台語,,3,,6,
百姓要清醒,林慶祥,台語,,77538,,8,
百家春,老歌,台語,,2,,5,
百慕達,范逸臣,國語,,2,,2,
百果山之戀,郭大誠,台語,,448,,6,
百花滿山開,,台語,,2,,6,
百花迎春,鄧麗君,國語,,0,,2,
百鳥月鳳,鄧麗君,國語,,388,,2,
的一生只要祢,王羽澤,Unknown,,49000,,3,
的記憶,王雅嫻,國語,,49671,,3,
皇后,,台語,,,,,
皇后之歌,B.A.D,國語,,4,,2,
皇后區的皇后,葛仲珊,Unknown,,597,,1,
皇后與我,吳梵,國語,5,,,78,
皇后騎士,閃亮三,國語,,453,,2,
皇后騎士,閃亮三姐妹,國語,540,,,61,
皇殆人道,羅人佑,國語,,3,,3,
皮,三個人,國語,,6,,2,
皮在癢,三個人,國語,5,,,61,
皮外傷,阿桑,國語,5,,,81,
皮阿諾杀,豬哥亮,台語,,446,,6,
皿偽的愛忙,鄧麗君,國語,,5,,3,
皿柔、的陷阱,施志興,台語,,447,,6,
皿溫溫的,江蕙,台語,,9,,5,
皿飛ㄊ浪補雨傘,郭人誠,台語,,070,,6,
盈潔的戀歌,陳盈潔,台語,,6,,6,
盈盈來唸歌,陳盈潔,台語,,6,,6,
盈盈祝福,陳盈潔,國語,,0,,2,
盛夏光年,五月天,國語,5,9,,63; 63; 63; 2,
盜將行,,華語,66,,,,
盜心賊,,台語,53,,,,
盜愛者,,華語,6794,,,,
盡靠盡誤,黃千芸,台語,,76463,,6,
盡頭,冰火組,國語,,6,,2,
盡頭,張爽,國語,,49961,,2,
監獄情歌,曾玲芳對唱,台語,,49479,,6,
監獄歌,,台語,,449,,5,
盧葦匕,錢幽蘭,國語,,1,,2,
盪鞦韆,,台語,65,,,,
目,阿妹妹,國語,,985,,2,
目、解就是分開日,楚源龍,台語,,997,,7,
目一下開,蔡秋鳳,台語,,5,,6,
目一個睨,黄乙玲,台語,,443,,6,
目亼,卓琇琴王玪,國語,,739,,2,
目依為命,揚麗花,台語,,447,,6,
目信你,劉嘉玲,國語,,3,,2,
目信愛,尹嘉萱,國語,,48497,,2,
目八,張可芝,國語,,47766,,2,
目屎吞腹內,張傳,台語,9,,,64,
目屎含目墘,莊淑君,台語,,387,,6,
目屎含目漧,莊淑君 慢迪斯可,台語,68,,,,
目屎摻酒飲乎乾,,華語,96,,,45,
目屎撥抹離,方瑞娥,台語,,2,,6,
目屎的感慨,八次郎謝沛,台語,,491,,6,
目屎那滴,向蕙玲,台語,,873,,6,
目念亠田亼,夏天Alexx,國語,,476,,3,
目思恨揚,林,國語,,8,,2,
目思恨甄,媚,國語,,5,,2,
目思悠悠,青楊,國語,,9,,2,
目思涙鄧,皿君,國語,,575,,2,
目思涙靜,廷,國語,,841,,2,
目我,蘇曉芊,國語,,454,,2,
目睭八金錢錢錢,石喬,台語,6758,,,,
目睭剝無金,,華語,,,,51,
目睭帶情話,鄭寬助/張秀蘭,台語,56940,,,67,
目睭洗溫泉,王中平,台語,56747,568,,62; 62; 6; 62,
目睭金金看,孫淑媚,台語,,7,,6,
目跼帶情話,鄭寬助張秀藺,台語,,8,,8,
盲女悲歌,尤菁,台語,,77564,,8,
盲女涙,西卿,台語,,94793,,5,
盲目的 Cinderella,林曉培,國語,593,,,58,
直,薛珮潔,台語,,96473,,5,
直,謝金燕,台語,,7,,5,
"直,∕口、夂小わ.",蔡小虎龍千玉,台語,,1,,6,
直世界,佰百,國語,,9,,2,
直假,林吉玲,國語,,543,,2,
直兹非,沈文程,台語,,8,,5,
直到發現我愛你,,華語,,,,,
直心二字,詹曼鈴,台語,,042,,6,
直心到ㄣ遠袁,向蕙玲,台語,,438,,8,
直心吳一,喬幼,台語,,591,,8,
直心愛伊,彭立,台語,,567,,6,
直心愛你,李明洋,台語,,6,,6,
直心戾,翁立友,台語,,446,,5,
直心換酷刑,高向鵬,台語,,1,,6,
直心況浴母,袁小迪,台語,,760,,6,
直心無人欲,王瑞霞,台語,,96554,,6,
直心無代價,黄妃,台語,,56987,,6,
直心的朋友,張學友,國語,,7,,3,
直心的知己,方順吉,台語,,047,,6,
直心的祝福,郭如美,台語,,95656,,6,
直心真愛,王中平,台語,,46842,,8,
直心話,孫永慈,台語,,5,,5,
直心話,彭立,台語,,972,,5,
直心話,洪百慧,台語,,2,,5,
直心話,秀蘭瑪,台語,,4,,5,
直心變血心,劉依純,台語,,7,,6,
直愛無後悔,林鈺茹,台語,,400,,6,
直愛誰人知,菁菁,台語,,7,,6,
直愛誰人知,陳盈潔,台語,,960,,6,
直接,劉若英,國語,,572,,2,
直接背叛,鄭家涵,國語,586,,,61,
直的好想你,周冰倩,國語,,584,,3,
直的是你喝,藍立平,國語,,3,,3,
直線,張韶涵,國語,,967,,2,
直覺,Soler,國語,49,,,,
直覺,張信哲,國語,,3,,2,
直覺,芭比,國語,,0,,2,
相,謝銘祐,台語,,974,,5,
相严的人,詹雅雯,台語,,4,,6,
相亼,劉嘉亮,國語,,664,,2,
相依為命,陳小春,國語,,4647,,1,
相依相偎,,台語,,,,,
相依相偎,詹曼鈴,台語,561,,,61,
相依相畏,詹曼鈴,台語,,698,,6,
相信,孫燕姿,國語,,9,,2,
相信,陳慶憲,台語,,492,,5,
相信我,李明洋,台語,,446,,5,
相信我,王萊,台語,,468,,8,
相信我,蔡秋鳳翁立左,台語,,3,,5,
相信我一擺,詹雅安,台語,,472,,6,
相信我的愛,黄乙玲,台語,,4,,6,
相信未來,動靜樂,國語,,682,,2,
相信無限,林俊傑,國語,,9,,2,
相信直愛,甲子慧,台語,,8,,8,
相信真愛,甲子慧,台語,56862,,,64,
相公,韓真真,國語,,683,,2,
相反的我,張芸京,國語,,3,,2,
相娶走天涯,林明興,台語,,5,,6,
相對的失去,江美琪,國語,,5,,3,
相對的心,蔡小虎,台語,,6,,6,
相差幾分鐘,,客語,4,,,51,
相思,王識賢,台語,,58471,,5,
相思,許志豪,台語,,567,,5,
相思,詹曼鈴,台語,55895,,,61,
相思伴孤影,,華語,75,,,,
相思伴孤影,一素專,台語,,493,,8,
相思伴月,林孟宗,台語,,1,,8,
相思住治阮心,江惠儀,台語,,1,,7,
相思作弄,,華語,,,,,
相思作弄,傑張仁,台語,,590,,8,
相思嘆,,台語,,660,,5,
相思夢,,客語,,,,38; 51; 51; 51,
相思夢,江蕙,台語,,0,,5,
相思如麻,邰正宵,國語,,3,,2,
相思宸,陳百潭曹雅,台語,,6,,5,
相思心相思情,,客語,0,,,51,
相思情,唐飛,台語,,979,,8,
相思情,蔡秋鳳,台語,,9,,5,
相思情難了,,台語,01,,,51,
相思情難了,洪彬朝,台語,,96581,,6,
相思情難斷,蔡國義/王亞君,台語,566,,,00,
相思愁生愁 愛得瘋狂,,華語,6748,,,,
相思戀,龍千玉高向鵬,台語,,664,,5,
相思成災,劉德華,國語,,3,,; ; ; 2,
相思批,李明洋,台語,,8,,5,
相思放心底,寶寶,台語,,540,,6,
相思斷涯,王瑞霞,台語,,490,,6,
相思暝,張菱,台語,,4,,5,
相思暝,阿吉仔,台語,6775,7,,; ; ; 5,
相思曲,陳莉,台語,556,,,61,
相思月,袁小迪鄧詠家,台語,,765,,5,
相思未了情,楊燕,國語,,574,,3,
相思樹,慕鈺華,台語,,4,,5,
相思歸暗暝,黄思好,台語,,663,,6,
相思比夢長,費玉清,國語,,0,,3,
相思河畔,周蕙,國語,,3,,2,
相思河畔,鳳飛飛,國語,,6,,2,
相思河邊,洪一峰,台語,,966,,6,
相思海岸,蕭煌奇,台語,,639,,6,
相思涙,,國語,,9,,2,
相思淚,陳小龍吳倖妏,台語,,581,,5,
相思深深,劉依純,國語,,0,,2,
相思渡口,祁隆,華語,57453,,,61,
相思渡口,阝隆,國語,,2,,9,
相思湯,鄭中基,國語,588,,,58,
相思無藥醫,黃乙玲,台語,550,,,84,
相思的債,陳瑞,國語,,460,,2,
相思的溫度,向蕙玲,台語,,891,,8,
相思的滋味,宏星特政隊,台語,,784,,6,
相思的滋味,李昭儀,台語,63,,,,
相思的烈酒,李翊君,國語,,3,,3,
相思的種子,于台煙,國語,,4,,3,
相思盡艱苦,,客語,5,,,51,
相思網,崔子格vsfh9k,國語,,2,,9,
相思綿綿,,客語,2,,,51,
相思聲聲,黃妃,台語,565,,,61,
相思聲聲,黄妃,台語,,579,,6,
相思花,蔡秋鳳,台語,,443,,5,
相思話,陳淑萍,台語,,767,,5,
相思豆,南台灣小姑娘,台語,,441,,5,
相思過頭,朱海君,台語,,466,,8,
相思鏡,江蕙,台語,,461,,8,
相思難戒你難忘,,華語,66,,,,
相思難醫,,華語,6481,,,,
相思雨,洪榮宏,台語,,6,,5,
相愛不容易,陳聖芬,國語,,2,,3,
相愛倆茫茫,,台語,83,,,,
相愛到永遠,唐飛,台語,,495,,6,
相愛受酷刑,,台語,02,,,51,
相愛容易相處難,,華語,61,,,,
相愛容易相處難,蔡幸娟,國語,,574,,3,
相愛後動物感、有,阿密特,國語,,4,,3,
相愛敵不過時間,,華語,6953,,,38,
相愛無後悔,七思,台語,,4,,6,
相愛無後悔,七郎/陳思安,台語,55564,,,61,
相愛的人本來就該,黏著,國語,,2,,3,
相愛的勇氣,陳麒安土炘,國語,,6,,9,
相愛的方法,楊丞琳,國語,,597,,9,
相愛的理由,林淑容,國語,,8,,3,
相愛的運氣,萬芳,國語,,579,,3,
相愛變傷害,陳茂豐,台語,567,481,,61; 61; 6; 61,
相愛過,王建傑,台語,562,854,,5; 61; 61; 61,
相應成趣,小文,國語,,683,,2,
相招來淡水,成威,台語,67,,,,
相招來火水,成威,台語,,764,,6,
相挺,,台語,,,,,
相挺,孫桂香 吉力巴,台語,2,,,65,
相挺,薛金顯,台語,56869,466,,64; 64; 64; 8; 8,
相捧福氣,陳慶堂,台語,,6,,8,
相會等何時,蔡秋鳳,台語,,9,,6,
相欠,蘇又鎔,台語,,879,,5,
相欠債,楊小萍,台語,,658,,5,
相欠債,沈文程,台語,,5,,5,
相欠債,石喬,台語,,792,,5,
相欠債,謝金燕,台語,8561,673,,75; 75; 75; 5,
相欠債,黃乙玲,台語,,657,,5,
相片,劉依純,台語,557,,,83,
相片,銀河科,台語,,496,,5,
相片,陳美伶,台語,7,,,65,
相片,陳雷,台語,56871,8,,65; 65; 65; 8; 8,
相牽行山路,林財寶 吉力巴,台語,556,,,88,
相生,島津亞,國語,,497,,2,
相田忙,阿吉仔,台語,,98668,,8,
相痛疼,春嬌志明,台語,,399,,5,
相痛疼,洪文斌,台語,55387,,,00,
相目垂,沈芳如,國語,,446,,2,
相目見見不如如懷懷念念余,天,國語,,7,,3,
相知的伴侶,,華語,,,,,
相知相守,南方二,國語,,3,,2,
相知相守,恰恰,台語,,,,69,
相知相守,范美敏,國語,,462,,9,
相約,,客語,6,,,51,
相自由,林宥嘉,國語,,579,,2,
相術路,王萊,台語,,46843,,8,
相見不恨晚,,國語,,3,,3,
相見不恨晚,甄秀珍,國語,,963,,3,
相見不恨晚,美黛,國語,,579,,3,
相見太晚,趙詠華,國語,,755,,2,
相見恨晚,彭佳慧,國語,554,484,,95; 95; 95; 2,
相見恨晩,邱芸子,國語,,467,,9,
相親相愛,丁于蔡,國語,,684,,2,
相親相愛,西卿昔西田,台語,,642,,6,
相辭,唐銘良,台語,,8,,8,
相送,馬沙,台語,553,,,,
相逃,,國語,,9,,2,
相逃,Linda,國語,,4,,2,
相逢,,台語,,,,93,
相逢,高向鵬方,台語,,557,,5,
相逢,黃乙玲辛陓,台語,,7,,5,
相逢八里岸,曾朝松鈺姍,台語,,468,,8,
相逢北海岸,余天龍,台語,,59558,,8,
相逢十里亭,江志豐/甲子慧,台語,8,,,71,
相逢十里亭,江志豐甲子慧,台語,,8,,8,
相逢只是夢,良一,台語,6853,,,,
相逢台北橋,陳明章,台語,,6,,6,
相逢台西港,唐飛 吉力巴,台語,569,,,62,
相逢唔知是何時,詹曼鈴,台語,569,,,65,
相逢唔知是何目,詹曼鈴,台語,,892,,8,
相逢在中秋,邱芸子 吉力巴,台語,55585,,,61,
相逢在夢中,葉敗田,台語,,8,,6,
相逢在天涯,陳中/邱芸子,台語,550,,,96,
相逢在故鄉,,華語,,,,98,
相逢夜港邊,廖珮均 吉力巴,台語,3,,,66,
相逢夢中見,,台語,,,,,
相逢大肚站,王江發,台語,,461,,8,
相逢安平港 華爾滋 ◆ 李素專/阿堂,,國語,,,,,
相逢恨不早,紫薇,國語,,5,,3,
相逢情歌,莊振凱,台語,,6,,6,
相逢有情天,蔡小虎蔡鈺,台語,,5,,6,
相逢的夢,李明洋思安,台語,,579,,6,
相逢的恰恰,,華語,56,,,53,
相逢的探戈,陳翊穎,台語,2,,,65,
相逢的舞池,唐玉惠,台語,646,,,61,
相逢的酒,泥泥,台語,,665,,6,
相逢的酒,蔡小虎飛千玉,台語,,1,,6,
相逢的酒杯,徐天泉/林秀梅,台語,645,,,,
相逢相思涙,莊振凱,台語,,59588,,8,
相逢等何時,謝雷,台語,,98545,,8,
相逢萬里橋,,華語,,,,,
相逢酒場内,陳明仁,台語,,49486,,6,
相逢高鐵站,,台語,,,,97,
相逢高鐵站,余天龍,台語,,438,,8,
相逢鶯歌站,蕭承祥/秀鳳,台語,994,,,64,
相遇,張衛健,國語,,890,,2,
相遇花開,,華語,6564,,,,
盻仔假兄弟,七郎,台語,,2,,6,
盼,潘安邦,國語,,7,,2,
盼,黃乙玲,台語,564,0,,5; 61; 61; 61,
盼,黎亞,國語,,499,,2,
盼一股暖風吹過,,華語,69,,,,
盼仔假兄弟,七郎,台語,68,,,,
盼你回來,春妹,國語,,54569,,1,
盼夢圓,阿輪,台語,,670,,5,
盼夢圓,黃妃,台語,,640,,5,
盼相隨,,華語,63,,,,
省心的你辦人,桌二組,台語,,9,,6,
省油的燈,林慧省,台語,,677,,6,
眉毛也愛笑,林良歡,台語,,96498,,6,
眉飛色舞,鄭秀文,國語,5,3,,; ; ; 2,
看上釶,黎明,國語,,1,,2,
看不對人,陳盈潔,台語,,4,,6,
看不破,蔡義徳,台語,,595,,8,
看不見未來,夏天Alex,國語,,47643,,3,
看乎伊開,詹,台語,,699,,6,
看乎伊開,詹曼鈴,台語,557,,,63,
看乎清心就定 倫巴 ◆ 周美琴,,華語,55,,,,
看乎開,唐楊,台語,,46587,,8,
看乎開,楊哲唐,台語,,59445,,8,
看你哭我會不甘,劉家榮,台語,566,,,00,
看到楓礻林小雨,張用敏,國語,,8,,3,
看到牽牛花,,客語,866,,,51,
看奇跡出現,張世彬,國語,,76765,,3,
看得到的幸福,吳俊宏唐儷,台語,,961,,8,
看得到的幸福,唐儷呉夋宏,台語,,43845,,8,
看我72變,蔡依林,國語,5,,,61,
看我的眼主,代小波,國語,,459,,3,
看我的眼睛,代小波,華語,578,,,61,
看月娘,謝雷,台語,56674,,,67,
看海,任健耀,華語,571,,,61,
看淡,,華語,65,,,,
看淡,田馥甄,國語,,962,,9,
看清,輕鬆玩樂團,國語,558,,,50,
看無你,龍千玉,台語,,2,,5,
看破,王中平,台語,,5,,5,
看破,王建傑,台語,555,572,,80; 80; 80; 5,
看破,郭婷筠,台語,,43970,,8,
看破世事俗情,世賢,台語,,951,,7,
看破世情,七郎,台語,,6,,6,
看破人生,,台語,,,,00,
看破彼段情,鄭如涵,台語,6991,584,,00; 00; 00; 6,
看破的夢,江蕙,台語,,9,,6,
看破的情,,台語,,487,,6,
看破的戀情,林鈺茹,台語,568,,,63,
看破這場情夢,于林真,台語,,2,,7,
看穿,,Unknown,,481,,2,
看穿,,台語,,,,,
看茶,,華語,6475,,,,
看著你想著伊,葉啟田,台語,,1,,7,
看著你越走越遠,,華語,66,,,,
看著你離去,吳麗庭,國語,,452,,3,
看著我的眼,周慧敏,國語,,3,,3,
看著我的眼睛說,,華語,6578,,,53,
看著我的臉,江淑娜,國語,,4,,3,
看袂清的愛情上介美,徐承邦&査立,台語,,0,,7,
看見未來 梭 張漢朝,,台語,,,,47,
看見真愛,彭莉,台語,,7,,6,
看詳細,曾明莉,台語,,6,,5,
看透,家家,國語,,598,,9,
看透愛情看透你,冷漠,華語,570,,,61,
看這啦,楊宗憲,台語,,669,,5,
看開,李金香,台語,1,,,69,
眖刀手不可以,周晏伊,Unknown,,4,,1,
真,楊謝宜君,台語,,8,,5,
真,葉脩文,國語,,988,,2,
真、情夢,洪榮宏,台語,,975,,5,
真、美鹿,陳思安,台語,,443,,5,
真严,羅時豐,台語,,5,,5,
真冤枉,葉啟田,台語,,3,,5,
真受傷,江宏恩,台語,558,,,61,
真受傷、,江宏恩,台語,,573,,5,
真善美,林靖恩,台語,7,,,68,
真宀,,國語,,8,,2,
真宀,薛曉楓,國語,,49892,,2,
真實,張惠妹,國語,56,9,,; ; ; 2,
真屵愛,陳雷,台語,,566,,5,
真心,鷓立立,國語,,5,,2,
真心,黃思婷,台語,,863,,8,
真心一世人 特魯多 ◆ 林明彰/廖麗琴 ◆ 白白/李芳琪,,國語,41,,,,
真心二字,詹曼鈴,台語,564,,,61,
真心交陪,周韋杰,台語,,765,,8,
真心人拿心來,陳茂豐,台語,,590,,7,
真心人拿心來換,陳茂豐,台語,56759,,,62,
真心作伴,吳淑敏/藍弘欽,台語,555,,,86,
真心作伴,吳淑敏藍弘欽,台語,,765,,6,
真心來作伙,范美敏/顏榮貴,台語,55689,,,61,
真心來奉陪,,國語,94,,,,
真心來相疼,上佳,台語,,58458,,6,
真心做夥,蔡仁富/黃淑琴,台語,670,,,64,
真心做夥,蔡仁富淑琴,台語,,95671,,6,
真心對待,小辣椒,台語,,496,,6,
真心尚介美麗,甲子慧/吳木,台語,558,,,61,
真心尚介美麗,甲子慧呉本,台語,,4,,7,
真心愛伊,彭立,台語,55744,,,61,
真心愛你 特魯多 ◆ 李明洋,,台語,,,,,
真心愛我,顏榮貴,台語,55650,,,61,
真心愛過,謝宜君,台語,,474,,8,
真心才有好結,蔡秋鳳,台語,,564,,7,
真心換心碎,甲子慧,台語,1,5,,60; 60; 60; 8; 8,
真心換絶情,呉示憲,台語,,0,,6,
真心放伊飛 中板靈魂樂 張秀玉,,華語,,,,49,
真心最美麗,,台語,04,,,51,
真心最美麗,廖秀琴,台語,,9,,8,
真心朋友,許志安,國語,60,,,,
真心減一半,甲子慧/荒山亮,台語,2,,,68,
真心無代價,黃妃,台語,565,,,61,
真心物語,,華語,69,,,,
真心用性命 華爾滋 ◆ 魏秀文,,華語,56,,,,
真心甲你疼,呂明銀許民財,台語,,9,,8,
真心疼惜妳,邱創仁 特魯多,台語,669,,,64,
真心的呼喚,余天,國語,,7,,3,
真心的情人,謝黄,台語,,5,,6,
真心的愛,吳淑敏,台語,552,,,88,
真心的愛,莊淑君,台語,,982,,8,
真心的愛,陳隨意向最玲,台語,,594,,8,
真心的戀夢,唐儷,台語,,58986,,8,
真心的知己,方順吉,台語,55697,,,61,
真心的祝福,郭如美,台語,3,,,66,
真心的話,林清國,台語,,748,,6,
真心直咅,翁立友黃思婷,台語,,575,,6,
真心真意,葉秋菊,國語,2,,,66,
真心真愛 華爾滋 歌曲 ◆ 楊欣樺/李明洋,,台語,,,,,
真心真愛來讚聲,林涵霖/英傑,台語,,,,60,
真心祝福你,林靖恩 特魯多,台語,3,,,66,
真心祝福您,吳秀雯 特魯多,國語,,,,61,
真心祝福你,,客語,8,,,51,
真心緣,,台語,81,,,,
真心苦苦的,方文琳,國語,,8,,3,
真心英雄,華爾滋,國語,3878,,,,
真心行鬥陣,林裕洲/廖麗琴 特魯多,台語,,,,61,
真心話,孫永慈,台語,6750,,,00,
真心話,彭佳慧,國語,4997,,,,
真心話,林惜 吉力巴,台語,6,,,65,
真心話,洪百慧,台語,8460,,,72,
真心話語,,國語,,,,95,
真情,劉炳貴彭子,台語,,544,,5,
真情,棠星琪 森巴,國語,548,,,61,
真情不甘放,陳達邵,台語,,3,,6,
真情不願放,王建傑,台語,562,981,,61; 61; 6; 61,
真情人,李玟,國語,,2,,2,
真情伴相隨,鄭劉香香,台語,,544,,6,
真情作伴,慕鈺華,台語,,9,,6,
真情來作伴,楊偵鈺 吉力巴,台語,3,,,66,
真情來陪伴,,台語,61,,,,
真情勝過皇帝命,李芋慧,台語,,9,,7,
真情卸落海,一個愛你的人,台語,,,,,
真情卸落海,方瑞娥,台語,,43947,,8,
真情只一匕,袁小迪邱淑君,台語,,5,,6,
真情可貴,高峰,台語,563,,,67,
真情可賷,高峰,台語,,47772,,6,
真情味,施文彬,台語,552,48596,,74; 74; 74; 5,
真情嘸是假,曉涵/廖恩賢 特魯多,台語,397,,,69,
真情嘸甘放,張景星,台語,,543,,6,
真情嘸願放,沈振益,台語,,546,,6,
真情夢醒,李嘉,台語,,5,,6,
真情女人花 高倩茹 ◆,,華語,,,,93,
真情恰恰,嚴伶,台語,,96577,,6,
真情愛,葉諾帆,台語,,5,,8,
真情愛,陳雷,台語,55740,,,61,
真情戀歌,吳紹輝 特魯多,台語,3,,,66,
真情換假愛,蕭千華,台語,,545,,6,
真情換心痛,懿嫻,台語,,549,,6,
真情放水流,尤尤,台語,,448,,6,
真情放水流,尤鳳,台語,,6,,6,
真情放水流,柯錦雲,台語,4,,,66,
真情放水流,錦帛雲,台語,,54761,,6,
真情放水流,陳小雲,台語,,3,,6,
真情放袂開,羅文聰亞蘭,台語,,8,,6,
真情最難留,李碧華,國語,,6,,3,
真情歌,洪百慧林传吉,台語,,380,,5,
真情比酒濃,青山,國語,,0,,3,
真情永不變,楊小萍,國語,,773,,3,
真情永難忘,廖珮鈞,國語,6,,,68,
真情流露人間,揚小萍,國語,,862,,3,
真情無底找,李宥蓁,台語,,95692,,6,
真情獻奔你,陳莉 特魯多,客語,458,,,00,
真情獻給你,呂雲雀,國語,,4,,9,
真情痛疼,高秀蓉,台語,,549,,6,
真情的恰恰,光滿,台語,3,,,66,
真情的愛,陳邱芸子,台語,,5,,6,
真情的懷念,,台語,,0,,6,
真情的懷念,青青,台語,,43993,,6,
真情的戀歌,高秀眉,台語,,54748,,6,
真情的花蕊,陳韻竹,台語,,,,60,
真情相痛疼,顏福生/張惠玲,台語,5,,,66,
真情真、愛攏騙,陳小雲,台語,,1,,7,
真情真愛,詹雅雯,台語,,4,,6,
真情磅無重,錢澄,台語,56545,8,,61; 61; 6; 61,
真情等你倒返來,林林,台語,,495,,7,
真情等待你,賴國永劉鈺華,台語,,9,,6,
真情綿綿,洪榮宏,台語,,3,,6,
真情話,阿吉仔,台語,8,,,66,
真情難忘,張凱婷,台語,,847,,6,
真情難斷,蕭承祥/方阡翊,台語,1,,,64,
真情難斷,蕭承祥方阡翊,台語,,544,,6,
真情鴛鴦,陳國清/李月春,台語,2,,,64,
真想見到你,李蚊,國語,,8,,3,
真愛,,台語,67,,,,
真愛,3Club,國語,42,,,,
真愛,3c1ub,國語,,3,,2,
真愛,于冠華,國語,500,,,61,
真愛,沈芳如,台語,564,,,61,
真愛,羅百吉,國語,5,,,82,
真愛一生,,台語,47,,,,
真愛今生,Sophia,國語,5,,,61,
真愛伴一生,黃千芸,台語,,76467,,6,
真愛伴你一世情,蔡清文/沈雀美,台語,676,,,63,
真愛伴你一世情,蔡清文沈雀美,台語,,95644,,7,
真愛你,陳淑萍,台語,,43853,,8,
真愛來的時候,沈芳如,國語,5,757,,3; 67; 67; 67,
真愛只有你,傅振輝,台語,,547,,6,
真愛尺碼,張清芳,國語,38,,,,
真愛惹麻煩,呂雯,國語,,3,,3,
真愛找麻煩,蕭玉芬,台語,,446,,6,
真愛換來是傷害,廖秋濟,台語,,549,,7,
真愛歹收回,林孟宗,台語,,46965,,8,
真愛無價,林昌見阮淑姿,台語,,541,,6,
真愛無價,莊振凱秀卿,台語,,796,,8,
真愛無後悔,,華語,,,,,
真愛無後悔,林鈺茹 吉力巴,台語,568,,,63,
真愛無後悔,陳美鳳蔡小虎,台語,,8,,6,
真愛等一個人,詹雅雯,台語,555,567,,; ; ; 7,
真愛血敵、,許茹芸,國語,,2,,2,
真愛誰人知,詹雅雯,台語,,45496,,6,
真愛過,于台煙,台語,560,4,,5; 61; 61; 61,
真摯,鄭中基,國語,,0,,2,
真正愛你,蔡小虎,台語,,885,,8,
真生命,劉德華,台語,,579,,5,
真男人,楊帆,華語,572,,,61,
真的,張紹涵,國語,,6,,2,
真的,張韶涵,國語,39,,,,
真的不快樂,,華語,6662,,,,
真的不想嘴,聖結石&聖嫂,國語,,4641,,1,
真的嗎,李柏霖,國語,,3,,1,
真的太愛妳,王建傑,國語,5,7,,68; 68; 68; 3,
真的好想你,田家達,國語,,1,,3,
真的怕了,郭富城,國語,,2,,2,
真的想你,杜德偉順子,國語,,784,,2,
真的想回家,湯潮,國語,,5,,3,
真的愛到底,陳盈潔,國語,,5,,3,
真的愛我就不要讓,我傷,國語,,3,,3,
真的為你哭了,韓信,國語,,68497,,3,
真的用心艮苦,鄭源,國語,,76685,,3,
真的用心良苦,,台語,,,,48,
真的真的好愛你,甜美真/藍顏,華語,570,,,68,
真的謝謝你,郭富城,國語,,4,,3,
真的讓我愛你嗎,蔡幸娟,國語,575,,,,
真真心心疼疼惜惜你你,莊振凱向莍玲,台語,,58867,,8,
真真心疼疼惜你你,向蕙玲,台語,,463,,8,
真英雄,,台語,41,,,53,
真誠念佛,,台語,,,,,
眢鴦情,唐儷,台語,,43844,,8,
眷之夢,陳盈潔,國語,,5,,2,
眷城無虐不飛,于珊珊,國語,,9,,3,
眷夢本是空,,台語,,6,,6,
眷天,蘇錦煌,台語,,46872,,8,
眷天的笑容,王瑞霞,台語,,760,,6,
眷天的風,張蓉蓉,台語,,592,,8,
眷天飛對叨位去,謝金燕,台語,,562,,7,
眷宀的運河邊,,台語,,6,,7,
眷宵夢,,台語,,6,,5,
眷宵好情伴,七郎,台語,,771,,6,
眷宵運河邊,,台語,,447,,6,
眷寒賜浴華+清,蔡幸娟,國語,,3,,3,
眷戀,,台語,69,,,,
眷戀,F.F.I.RR,國語,,3,,2,
眷戀,蔡麗津,國語,,849,,9,
眷暉,林知卉范鈺,台語,,4,,8,
眷暖花開,沈芳如,台語,,448,,8,
眷色,李春色,台語,,541,,5,
眷閨怨,楊燕,國語,,587,,2,
眷風,,台語,,763,,5,
眷風吻上我的,,國語,,9,,3,
眷風批來一陣,翁倩玉,國語,,7,,3,
眷風花再紅,余林,台語,,4,,6,
眷風雨惱熬,妣蘇蓉,國語,,863,,3,
眼中之愛,姜育恆,國語,,4,,2,
眼中情,,台語,,,,,
眼主濕濕的,彭羚,國語,,9,,3,
眼前,,國語,,3,,1,
眼底星空,李聖傑,國語,566,569,,47; 47; 47; 2,
眼涙不再為你,流陳明真,國語,,8,,3,
眼涙在等候,鄭君威,台語,,490,,6,
眼涙留不住女人,春年,國語,,93857,,1,
眼淚,范曉萱,國語,39,0,,; ; ; 2,
眼淚不夠,曾昱嘉,國語,,573,,2,
眼淚凍結,,華語,63,,,,
眼淚劃過玫瑰,,華語,6775,,,,
眼淚和孤獨,,華語,66,,,,
眼淚哭乎乾,,台語,,,,41,
眼淚愛上了心碎,,華語,6748,,,,
眼淚是魔鬼,藍雨,國語,,49562,,3,
眼淚為你流,陳鵬,國語,,683,,3,
眼淚的呠道,ENERGY,國語,,1,,3,
眼淚的提醒,,華語,,,,93,
眼淚知道,溫嵐,國語,507,,,,
眼眶紅,,台語,,,,,
眼睛裡的水,鄭少秋,國語,,472,,1,
眼神,孫燕姿,國語,,1,,2,
眼裡沙,海哲明,國語,,893,,1,
眼裡的沙,吳蕙君,國語,,463,,9,
眼角的傷痕,夏天Alex,國語,,495,,3,
眾人愛,袁小迪,台語,,444,,5,
睏,,台語,,,,,
睏抹去,陳雷,台語,76,,,,
睏甲自然醒,鄭進一,台語,,764,,6,
睏袂去的暗暝,劉家榮,台語,568,4,,63; 63; 63; 7,
睏袂去的暗暝,蘇錦煌,台語,,867,,7,
睘能愛我多久,温兆倫,國語,,563,,3,
睜一隻眼閉一隻眼,蔡依林,國語,,,,,
睡不著的夜晚我都在想,,華語,66,,,,
睡了沒,黃品源,國語,,395,,2,
睡吧,,台語,,,,39,
睡巴,趙秋凱,國語,,767,,2,
睡目唔得想心肝,,客語,394,,,51,
睡醒,萬芳,國語,,4,,2,
瞄著你就愛 鳳凰傳奇 ◆,,華語,,,,96,
瞞天過海,,華語,63,,,,
瞽夢的人,姚蘇蓉,國語,,573,,2,
矛盾的愛,麥雅惠 Rumba,台語,62,,,,
矜持,王菲,國語,561,,,42,
知己,,台語,65,,,,
知己,亞旺,台語,,54482,,5,
知己,周慧敏/邰正宵,國語,558,,,95,
知己,林俊彥,台語,6543,,,,
知己,江蕙,台語,6968,758,,; ; ; 5,
知己,邰正宵慧敏,國語,,389,,2,
知己,陳隨意吳俊宏,台語,,6,,5,
知己ㄟ,陳信凱,台語,569,,,00,
知床旅情,陳芬蘭,台語,,055,,6,
知心人請期待,,客語,9,,,51,
知覺,,華語,6468,,,,
知足,陶莉萍,國語,,561,,2,
知足人生,林陳花,台語,7,,,69,
知足常歡喜,,客語,4,,,51,
知足常樂,,客語,2,,,51,
知道,張信哲,國語,56,,,,
知道,郭靜,國語,5,,,91,
知音難尋,陳彼得,國語,,6,,2,
短信,,華語,6593,,,,
短信息,胡突,國語,,49896,,2,
短暫的別離,,台語,48,,,,
短暫的等待,于台煙,國語,547,,,62,
短短的愛忙,甲子慧,台語,,051,,6,
短短的愛情,甲子慧,台語,569,,,61,
短髮姑娘,,華語,66,,,,
矮仔肥,石喬,台語,,794,,5,
石敢當,揚哲,台語,,4,,5,
石曉,許茹芸,國語,,451,,2,
石港的戀歌,蔡一州,台語,,764,,7,
石磨的心,朱海君,台語,,475,,8,
石縫中的小花,鋃霞,國語,,8,,3,
石頭丟落水,謝莉婷,台語,,44455,,6,
石頭也會軟心,羅時豐,台語,,445,,7,
石頭心,孫淑媚,台語,552,,,90,
石頭心,林婀,台語,,56472,,5,
石頭心,阿吉仔,台語,000,594,,69; 69; 69; 8; 8,
砂雕,阮丹青,Unknown,,5,,2,
研酒,七郎 慢迪斯可,台語,83,,,69,
破吉他,張震嶽,國語,,57950,,2,
破天荒,張芸京,國語,,4,,2,
破巨浪,李惠樺,國語,,874,,2,
破心臟,呉克群,國語,,451,,2,
破曉,許茹芸,國語,542,,,47,
破洞的雨衣,孫淑媚,台語,8551,,,75,
破洞的雨衣,系淑媚,台語,,399,,6,
破碎心嘛無人管,談詩玲,台語,,46947,,8,
破碎的夜,,華語,63,,,,
破碎的夢,,台語,664,,,,
破碎的夢,青雲,台語,,43963,,8,
破碎的她,,華語,60,,,,
破碎的影片,,客語,44,,,,
破碎的心,姚蘇蓉,Unknown,,6,,1,
破碎的心,甲子慧,台語,56491,438,,61; 61; 6; 61,
破碎的戀夢,尤君,台語,,9,,6,
破空的夢,郭忠祐,台語,,644,,8,
破鏡重圓,羽立友,台語,,7,,6,
破鏡重圓,蕭承祥方阡翊,台語,,644,,6,
破鏡難圓,,客語,6,,,51,
破鏡難重圓,葉啟田,台語,,0,,6,
碁喜恭喜恭喜,黄曉君,國語,,7,,9,
碌島小夜曲,蔡琴,國語,,2,,3,
碌色的水滴,,國語,,9,,3,
"碎、糹,",,國語,,382,,2,
碎ㄣ心匕,陳小雲,台語,,6,,5,
碎心夢,王又萱,台語,8,543,,5; 64; 64; 64,
碎心戀,李茂山,台語,,7,,5,
碎心電話宮,超仁合,國語,,381,,3,
碗筷,林婀,台語,,7,,5,
碧城故事,鳳飛飛,國語,,6,,3,
碧山巖情歌,陳阿,台語,9,785,,68; 68; 68; 8; 8,
碧海忙天,萬芳,國語,,4,,3,
碧潭之戀,呂玉 慢迪斯可,台語,4,,,64,
碧潭相思曲,,台語,,,,50,
確定讓你幸礻畐,文奎,國語,,689,,3,
碼頭惜別,葉啟田,台語,,7,,6,
碼頭的愛人,林峰,台語,,969,,7,
碼頭的月娘,郭金發,台語,,4,,7,
碼頭酒,陳雷,台語,,9,,5,
磁性的迷惑,姚蘇蓉,國語,,793,,3,
磁矼看愛情忄,李攻,國語,,383,,3,
磨粄歌,,客語,4,,,51,
磽曉板,戴梅君,國語,,2,,2,
示冫一生,方瑞娥,台語,,8,,6,
示泊的男兒,蘇錦煌,台語,,4,,7,
示泊的笑容阿,吉仔,台語,,2,,7,
礻中影,陳小雲,台語,,3,,5,
礻中情,沈騰峰,台語,,548,,5,
礻求,江宏恩,台語,,6,,5,
礻風純忙曲,林風,台語,,549,,6,
社會撥大病,,客語,8,,,51,
社會黑暗,施文彬林榮一,台語,,97768,,8,
社會黒暗,施文彬,台語,,6,,6,
祈求,江宏恩,台語,55879,,,61,
祈禱,李崗霖,國語,545,,,38,
祈禱平安,龍千玉,台語,,9,,8,
祈願淨土,,台語,50,,,,
祖先的話,北原山,國語,,875,,2,
祖公仔行過的地方,高子洋,台語,6561,,,,
祖公仔行過的所在,高子洋,台語,,6,,7,
祝你幸畐,鳳飛飛,國語,,1,,2,
祝你幸福,黃秋田,台語,,959,,8,
祝你幸福快樂,陳憶茹,台語,678,,,,
祝你快樂,何俊明,國語,,774,,2,
祝你快樂,阿杜,國語,,597,,2,
祝你愉快,羅百吉余婉君,台語,,8,,8,
祝你生日快樂,周韋杰 快華爾滋,台語,,,,61,
祝你生日快樂,,客語,442,,,51,
祝你萬事如意,燕子 特魯多,國語,7,,,66,
祝你開心,孫燕姿,國語,,547,,2,
祝你順風,鄧麗君,國語,,6,,2,
祝你順風,陳盈潔,國語,,1,,2,
祝她幸福畐,劉剛,國語,,781,,2,
祝妳幸亻,鄭進一,台語,,1,,6,
祝你成功倒返來,,台語,,742,,7,
祝你新年快樂,洪春霞,台語,,446,,7,
祝你一路順風,呉奇隆,國語,,5,,3,
祝你健衆快樂,饉鎮濤,國語,,3,,3,
祝恷萬事如咅,燕子,國語,,546,,3,
祝我一路順風,胡瓜,國語,,4,,3,
祝我幸亻,吳俅,台語,,6,,6,
祝我幸福,,國語,,6,,2,
祝我生日快樂,温嵐,國語,,562,,3,
祝我生日快樂,溫嵐,國語,5,,,,
祝畐的冫,龍千玉,台語,,446,,6,
祝福,,台語,38,,,,
祝福,林姍,台語,,8,,8,
祝福,江蕙,台語,8000,,,,
祝福,范逸臣,國語,38,,,,
祝福,辦桌二人組,台語,63,,,,
祝福,陳百潭,台語,,2,,5,
祝福你,林玉英/王登雄,台語,79,,,43,
祝福你,王建傑,台語,567,,,61,
祝福你!無緣的人,宜蓁,台語,,54786,,7,
祝福你啦,王中平,台語,56880,8,,65; 65; 65; 8; 8,
祝福你甲伊,陳思安,台語,,56775,,6,
祝福你心愛的人,甄妮,國語,,3,,1,
祝福珎,邱賢桂,台語,,5,,8,
祝福的歌,李秀碧,台語,8,,,65,
祝福舊情人,大台風,台語,,899,,8,
祝福舊情人,大台風樂團,台語,7,,,72,
祝福過去,羅時豐,台語,55587,,,61,
祝英台,王瑪用,國語,,464,,2,
神仙人,張燕清,台語,,053,,5,
神啊!請多給我一,點力,國語,,1,,3,
神奇,孫燕姿,國語,92,,,,
神州風雲,巟山亮,台語,,567,,6,
神的謊言,,華語,6663,,,,
神秘先生,,華語,62,,,,
神秘嘉賓,林宥嘉,國語,,56599,,2,
神秘女,,國語,,8,,2,
神秘的戀忙,洪榮宏,國語,,3,,3,
神龍霸天,陳亞蘭,台語,,440,,6,
祥銨純情曲,祥銨,台語,2,,,64,
祥鮟純情曲,祥鮟,台語,,54445,,6,
票一鳥,林志炫,國語,,4,,2,
票泊,洪榮宏,國語,,7,,2,
票泊行船人,石喬,台語,,889,,7,
票流的命運揚,哲,台語,,468,,7,
票流的命運陳,小龍,台語,,44441,,7,
票浪行船人石,橋,台語,,767,,7,
禁止悲傷,許茹芸,國語,50000,,,39,
福乀禍乀,顧對,國語,,684,,3,
福在這裡,鄧麗君,國語,,7,,3,
福報,,客語,,,,98,
福報的人,阿本嫂,台語,8,,,63,
福州伯的故事,許效舜,台語,,383,,7,
福德正礻大伯公,,Unknown,,8,,8,
福氣伴相隨,陳瓊雲,台語,8,,,63,
福氣是命免人,蔡振南,台語,,2,,7,
福氣的人,張峯子 特魯多,台語,9,,,60,
福氣的人生,,台語,03,,,51,
福爾犀斯,蕭敬騰,國語,,973,,3,
福田卂,吳蕙君,台語,,3,,8,
福畐用产沙鳥龍ノ,陳鈺婀,台語,,486,,8,
福的大跡,張燕済,國語,,5,,3,
福的彳望,翁倩玉,國語,,900,,3,
福的微笑,甄縄,國語,,9,,3,
福的怎,王玲華,國語,,54461,,3,
福的日光,潘裕文,國語,,56960,,3,
福的深處,夏天Alex,國語,,49889,,3,
福的源泉,済源,國語,,684,,3,
福的滋味,張宇,國語,,3,,3,
福的間,許紹洋,國語,,397,,3,
福難不難,郁可唯,國語,,57687,,3,
禪花,,華語,,,,,
禮拜天的遠足,,台語,,2,,7,
禮讚 藥師佛頌,,台語,48,,,,
禺丨、夂,歡子,國語,,971,,2,
秀秀,吳俊宏,台語,,9,,8,
秀米的媽,王彩樺,台語,,576,,6,
秋之戀,陳淑樺,國語,,7,,2,
秋仅心,詹曼鈴,台語,,562,,5,
秋分,,華語,6454,,,,
秋別,陳淑樺,Unknown,,8,,2,
秋去冬來,西卿,台語,,98541,,8,
秋嘆,廖秋濟,台語,6,,,64,
秋夜,陳蘭麗,Unknown,,6,,2,
秋夜,黃偉霖/林葳,台語,56452,,,61,
秋夜夢醒時,陳堯堦/鄭家涵,國語,572,,,61,
秋夜心,詹曼鈴,台語,55986,,,61,
秋夜想你,江都子蒋嬰,Unknown,,7,,1,
秋夜愁,蔡小虎,台語,,570,,5,
秋夜曲,白櫻,台語,,6,,5,
秋夢,蔡琴,Unknown,,7,,2,
秋天,錢澄,台語,56398,,,65,
秋天不回來,王強,國語,,2,,3,
秋天別來,侯湘婷,國語,573,,,42,
秋天晚風,,華語,68,,,,
秋天望春天,周慧璇,台語,552,,,94,
秋天的愛,,華語,,,,99,
秋天的晚暝,石喬 特魯多,台語,69,,,00,
秋天的晩暝,石喬,台語,,541,,6,
秋天的雨,許富凱,台語,,966,,8,
秋天的風,,台語,,,,00,
秋天的風,謝雷,台語,68,,,,
秋怨,江蕙,台語,,2,,5,
秋情,陳淑樺,Unknown,,854,,2,
秋意闌珊 落字為安,,華語,68,,,,
秋憶,銀霞,Unknown,,757,,2,
秋戀,文香,台語,,0,,5,
秋收,陜北民,Unknown,,987,,2,
秋月曲,,台語,,5,,5,
秋末雪落,,華語,66,,,,
秋楓夜,慕容婕鈴,國語,5,,,63,
秋歌,,Unknown,,3,,2,
秋歌,甄妮,Unknown,,6,,2,
秋水,陳淑樺,Unknown,,780,,2,
秋水伊人,姚蘇蓉,國語,,467,,9,
秋水依人,,國語,,385,,2,
秋水長天,王芷蕾,國語,,661,,2,
秋涼如我心,蔡幸娟,國語,,,,,
秋瑾,蔡琴,Unknown,,795,,2,
秋畫,,台語,79,,,47,
秋的懷念,蔡幸娟,國語,,7,,2,
秋盼,陳淑樺,Unknown,,783,,2,
秋秋是個大喇叭,ⅵ,國語,,0,,3,
秋纏,李碧華,Unknown,,4,,2,
秋蟬,包聖美,Unknown,,985,,2,
秋蟬,林佳容,Unknown,,7,,2,
秋詞,姚蘇蓉姚蘇,Unknown,,7,,2,
秋賦,黃思婷,Unknown,,3,,2,
秋風,蘇錦煌 特魯多,台語,56765,,,62,
秋風,黃鶯鶯,Unknown,,487,,2,
秋風了解阮心,邱念台,台語,,671,,7,
秋風了解阮心情,丘念台,台語,84,,,71,
秋風夜,,客語,0,,,51,
秋風夜雨未了,吳上明,台語,,4,,7,
秋風夜雨未了情,上明,台語,62,,,,
秋風彼一暝,施文彬,台語,552,,,93,
秋風情淚,蔡秋鳳,台語,8578,,,76,
秋風戀夢,慕鈺華,台語,,0,,6,
秋風探戈,謝金燕,台語,8581,,,75,
秋風淚,陳盈潔,台語,,6,,5,
"秋風瞭解阮心,",丘念台,台語,,5,,7,
秋風秋雨秋夜,洪榮宏,台語,,46800,,8,
秋風落葉,吳琇麗,台語,,979,,8,
秋風落葉心 特魯多 ◆ 蕭清文,,客語,83,,,,
秋風落葉林,嬌,台語,,56985,,6,
秋風落葉洪尤,'弟七萋,台語,,575,,6,
秋風落葉聲,蘇錦煌/林鈺茹 特魯多,台語,568,,,63,
秋風落葉詹,雅雯,台語,,56387,,6,
秋風落葉銀星,河之,台語,,496,,6,
秋風落雨暝,唐飛/小神龍,台語,56384,,,66,
秋風透歸暝,阿真,台語,,498,,8,
秋風飄落葉,,台語,660,,,39,
秋風落葉傷心 楊咩咩 ◆,,客語,838,,,51,
科羅拉夕多之夜,蔡琴,國語,,474,,3,
秘密呼吸,梁一貞,國語,,972,,2,
秘密情人,系淑媚,台語,,397,,6,
秘密戀情,詹雅雯,台語,,963,,6,
秘密的愛,鄧詠家,台語,,466,,8,
秘果,梁靜茹,國語,,593900,,1,
秤重的愛,吳蕙君,台語,,46752,,8,
秦俑,林冠吟,國語,,9,,2,
移山倒海,蔡秋鳳,台語,8687,8,,75; 75; 75; 6,
移情別戀,,台語,,6,,8,
稀微的風中,伍佰,台語,,966,,6,
稍自立正站好范,曉萱,國語,,4,,3,
稚夢,,華語,66,,,,
種,孫燕姿,國語,,761,,2,
種竹最驚竹開花,,客語,4,,,51,
稻花香,,華語,,,,,
稻草,,國語,,658,,1,
稻草人,,華語,,,,98,
稻草人,林志穎,國語,585,,,,
稻草人,黑龍,國語,,5,,1,
稻香,周杰倫,國語,,56481,,2,
穩噠噠ㄟ愛,,華語,86,,,54,
穩贏,楊哲,台語,,46900,,8,
究竟是為什麼,,華語,6549,,,,
空,,國語,,597,,1,
空,汪小敏,國語,,58579,,2,
空,陳建誠,台語,,6,,5,
空中千,阿吉仔,台語,,6,,5,
空中小姐,張蓉蓉,台語,,440,,6,
空中樓閣,,華語,6466,,,,
空中的約會,會翻峰,台語,,782,,8,
空中的約會,翎峰,台語,976,,,63,
空中雲,阿吉仔,台語,6590,,,,
空位,胡彥斌,國語,,571,,2,
空冗支票,林玉英,台語,,2,,6,
空台的心,林柬華,台語,,494,,6,
空嘴嚼舌,施志興,台語,,5,,6,
空嘴嚼舌,施志興 勃露斯,台語,55665,,,52,
空城,,台語,,,,97,
空夢,袁小迪蕭蕾,台語,,1,,5,
空嶷仔兄,廖峻,台語,,4,,6,
空巷,一戴愛玲,國語,,56770,,2,
空巷,鄧麗君,國語,,566,,2,
空心吉他,,華語,65,,,,
空心的巢,,台語,77,,,,
空心的樹,倖妏,台語,,46586,,8,
空思夢,,台語,,,,93,
空思夢,柯素蘭,台語,,542,,5,
空思夢想,,台語,,0,,6,
空思夢想,曾心挴,台語,,579,,6,
空思念,江志豐,台語,56483,,,61,
空思戀,孫淑媚,台語,86,,,64,
空思甲替相,石琇惠,台語,,2,,6,
空思諂,孫淑媚,台語,,446,,5,
空思諂,洪榮宏,台語,,7,,5,
空戀夢,洪文斌,台語,555,,,,
空房間,,台語,59,,,,
空望,,台語,,,,,
空杯,卓依婷,台語,,2,,5,
空杯子,S.B.以W,國語,,3,,2,
空歡喜,,華語,63,,,,
空殼支票,林玉英 吉力巴,台語,88,,,54,
空白,秀蘭瑪,國語,,939,,2,
空白,蔡依林,國語,591,,,45,
空白,陳慧琳,國語,,9,,2,
空白情書,,華語,93,,,,
空白格,蔡健雅,國語,559,545,,85; 85; 85; 2,
空白的愛,林玉英,台語,,0,,6,
空白紙,劉曉娟,台語,,492,,5,
空白紙,王識賢,台語,,560,,5,
空白紙,鄧詠家,台語,,696,,5,
空皿的甜蜜,,台語,,767,,6,
空相思,尤雅/俞隆華,台語,82,,,53,
空相思,狄鷽,台語,,5,,5,
空空人生,石喬,台語,,6,,6,
空空如也,任然,Unknown,,754,,1,
空空如也,任然,華語,57577,,,63,
空空空,任珍,台語,,0,,8,
空笑夢,江蕙,台語,,381,,5,
空笑夢,王中平,台語,,3,,5,
空等,廖秋濟,台語,8,543,,5; 64; 64; 64,
空等,洪百慧,台語,,397,,5,
空等,黃春妹,台語,,6,,5,
空等的愛,甲子慧,台語,568,050,,61; 61; 6; 61,
空虍,,國語,,859,,2,
空虛的迴聲,楊哲,台語,,44851,,6,
空襲警報,佰百,台語,,969,,6,
空谷幽蘭,劉家昌,國語,,896,,2,
空轉,沈芳如,台語,564,7,,5; 61; 61; 61,
穿丁,劉嘉亮,Unknown,,766,,2,
穿上彩虹衣,李玉琴,國語,,4,,3,
穿堂風吹過我,,華語,67,,,,
穿越時空的愛情丶,易欣,國語,,49940,,3,
穿越時空的愛戀,潘美辰,國語,,778,,3,
穿越時空遇見你,蕭亞軒,國語,581,3,,63; 9,
穿過你的黑髮的我,的手,國語,,5,,3,
穿過琴弦的月光,,華語,,,,49,
穿過雲層的思念,,華語,60,,,,
穿鞋,伍浩哲,國語,,,,,
突圍,龐龍,Unknown,,478,,2,
突然Ⅵ想愛你小一,周華健ㄒ噹,國語,,56939,,3,
突然好想你,五月天,國語,,56593,,3,
突然想起你,蕭亞軒,國語,555,,,95,
突然相愛亻,許茹芸,國語,,8,,3,
突破,余天,Unknown,,3,,2,
突破,余天,國語,547,,,55,
窈窕女郎,張露,國語,,762,,2,
窈窕女郎,鳳飛飛,國語,,5,,2,
窗,鳳飛飛,國語,,657,,2,
窗仔邊,,台語,45,,,,
窗內窗外,王玲,台語,8990,2,,; ; ; 6,
窗卜的雨聲,王莱,台語,,46746,,8,
窗夕,戴佩妮,國語,,486,,2,
窗夕的小雨,詹曼鈴,台語,,4,,6,
窗外,,台語,,,,98,
窗外,呉宗憲&Joanna,國語,,982,,2,
窗外,甲子慧,台語,569,2,,5; 61; 61; 61,
窗外,費玉清,國語,,565,,2,
窗外,辛曉琪,國語,,3,,2,
窗外下起雪,,華語,6687,,,,
窗外小雨落整暝,依一涵,台語,,495,,7,
窗外少一個你,江蕾,Unknown,,6,,1,
窗外的月光,林俊吉洪百鼙,台語,,4,,6,
窗外的雨,王中平,台語,,0,,6,
窗外的雨声,施文彬,台語,,438,,6,
窗外的雨聲,施文彬/秀蘭瑪雅,台語,553,,,87,
窗外眷風,蘇宥蓉,台語,,756,,6,
窩心。,鄺美雲,國語,,388,,2,
窮小子和假小子,,華語,62,,,,
窮赤子,唐飛,台語,,492,,5,
立冫,張智成,國語,,56871,,2,
立地成魔,黃文星,台語,,43856,,8,
立夲血大,方瑞娥,台語,,1,,6,
立幺,羅百吉,國語,,8,,2,
立樂讓我説,呉克群,國語,,569,,3,
立置,李聖傑,國語,,5,,2,
立訁,李翊君,國語,,3,,2,
站在左岸想右岸的,你,國語,,456,,3,
站在左岸想右岸的你,謝金燕,國語,5,,,61,
站在雲端上,白芳菲,華語,57484,,,66,
站在高崗上,倪張,國語,,1,,3,
站在高崗上,岳甄,國語,,5,,3,
站在高崗上,張惠妹,國語,,6,,3,
站在高高的山崗上,正月十五,華語,57563,,,68,
站惜別,文夏,台語,,1,,6,
站著等你三千年 華爾滋 利用人如欲使用本產品於「公開場所」使用，請逕洽集管團體或,,華語,6396,,,53,
站起來的勇氣,陳文生,台語,,2,,7,
竟然為你哭,王羽澤,國語,,497,,3,
竡一定出頭天,方順吉,台語,,446,,7,
竡不是訁好陳,冫豐,台語,,2,,6,
竡二人的約會,,台語,,570,,7,
竡們結婚巴,齊晨,國語,,9,,1,
竡兩人的約會,文夏,台語,,4,,7,
竡只有這條路,葉敕田,台語,,2,,7,
竡的夢不是夢,張瀛仁,台語,,4,,7,
竡的愛不是愛,李嘉,台語,,960,,8,
竡的歌,鄭君臧,台語,,8,,8,
竡還有明阿哉,小錬椒,台語,,561,,7,
竢喲喚約,江蕙,台語,,570,,6,
童年,,客語,85,,,,
童年 倫巴 ◆ 劉玉芳,,客語,,,,,
童舌,光良,國語,,538,,2,
童言無忌,小辣椒,國語,99,,,,
童話裡,,華語,69,,,,
童顏印記,顏小健,國語,,49560,,2,
竹了,陳寶蓮,國語,,7,,2,
竹仔胉溪仔漧,袁小迪,台語,,444,,7,
竹你行,朱海君,台語,,3,,5,
竹山好所在 梭 盧正焜/蔡沼玲,,台語,86,,,,
竹林深處,王力宏,國語,38,,,,
竹線橋,陳莉 特魯多,客語,451,,,00,
竹袂到,楊靜,台語,,697,,5,
竹馬,,華語,68,,,,
笑,劉嘉亮,國語,,850,,2,
笑一個,浩角翔,國語,,438,,2,
笑人生,陳茂豐,台語,55751,,,61,
笑人生陳,茂豐,台語,,48868,,5,
笑傲江湖,許冠傑,國語,,9,,2,
笑傲蒼天,謝文德,台語,,466,,8,
笑到流淚,季佳薇,國語,,460,,2,
笑和淚,余天,國語,549,,,51,
笑夭夭,,國語,,3,,2,
笑容,庇龍,國語,,2,,2,
笑我不,曹格,國語,,798,,2,
笑我放抹開,蘇路,台語,,96570,,6,
笑擁江山茜,高勝美,國語,,1,,3,
笑柄,,華語,68,,,,
笑無聊,施文彬季婭莎,台語,,2,,5,
笑的酒渦,翁倩玉,國語,568,,,51,
笑看人生,,台語,,,,,
笑看人生,龍千玉,台語,,443,,6,
笑看紅塵夢,江蕙,台語,6962,6,,; ; ; 6,
笑笑放乎開,陳盈潔,台語,550,,,94,
笑笑江湖行,阿吉仔,台語,,7,,6,
笑笑看人生,蔡佳麟,台語,,440,,6,
笑笑看前途,,台語,,764,,6,
笑笑看紅塵,陳梨利,台語,681,95666,,64; 64; 6; 64,
笑笑離開,劉依純,台語,558,765,,84; 84; 84; 6,
笑紅塵,蔡秋鳳,台語,61,,,,
笑紅塵,陳淑樺,國語,,7,,2,
笑紅塵蔡,秋鳳,台語,,443,,5,
笑納,,華語,64,,,,
笑臉,,國語,,3,,2,
笑著流淚,楊采妮,國語,,8,,2,
笑談人生,,客語,7,,,51,
笑談人生,林姍,台語,,577,,6,
笨女人,正月十五,華語,575,,,66,
笨小孩,劉德華.柯受良.吳宗憲,國語,55,,,,
笨小孩,夬示憲,國語,,9,,2,
笨的可以,郭采潔,國語,,56750,,2,
笨蛋,宥勝,國語,,968,,2,
笨鳥慢飛,法璦,國語,48,,,,
第,蘇慧倫,國語,,9,,2,
第7感,古巨基,國語,,380,,2,
第一個想到你,韋禮安,國語,,594,,9,
第一個清晨,王力宏,國語,39,,,,
第一優先,蔡依林,國語,559,,,78,
第一次,祁隆,華語,575,,,67,
第一次愛上你,冷漠,華語,578,,,61,
第一道彩虹光 T.R.Y ◆,,國語,,,,95,
第七十七吹離,珎小剛,國語,,383,,3,
第三幕,,台語,56,,,,
第三年,,華語,6854,,,,
第三月台,秀蘭瑪,台語,,57647,,6,
第三杯酒,龍千玉,台語,,2,,6,
第三者,曾心梅,台語,,8,,5,
第三者,梁靜茹,國語,3877,,,,
第三者,江蕙,台語,,2,,5,
第九夜,李玟,國語,46,,,,
第九月台,,台語,,96799,,6,
第九月台,方怡萍,台語,,1,,6,
第了我的心,龍飄飄,國語,,749,,3,
第二人格,,台語,57,,,,
第二個故鄉!蘆洲,曾朝松,Unknown,,4,,8,
第二個故鄉!蘆洲,曾朝松 慢迪斯可,台語,949,,,63,
第二的故郷,文夏,台語,,785,,8,
第二眼美女,江美琪,國語,577,,,42,
第二種男朋友,李濮昭,國語,,76770,,3,
第二顆子彈 抒情搖滾 王梓鈺.李毅恩 Lye,,華語,6739,,,38,
第人的美酒,鄧妙華,國語,,9,,3,
第你的記號,王中平向蕙玲,台語,,5,,6,
第六感,溫嵐,國語,500,,,,
第六感,鍾慧鈴,台語,,3,,5,
第六感 瑤瑤 ◆ ◆,,國語,41,,,94,
第小子,辰詩朱,國語,,498,,2,
第幾人稱,,華語,6480,,,,
第幾次,本多RURU,國語,,3,,9,
笿葉思情,楊榮輝,台語,,438,,8,
筆甲紙,莊淑君,台語,,972,,8,
等,,華語,6555,,,; ; ; ,
等,鄭源,國語,,852,,2,
等,鄭源,華語,575,,,67,
等,陳董,台語,,49453,,5,
"等""愛的人",詹曼鈴,台語,,56681,,6,
等一下呢,尤君,台語,,543,,6,
等一下呢,泥泥,台語,,2,,6,
等一個人,尤雅,台語,,9,,6,
等一個人,彭莉,台語,,2,,6,
等一個人,湯秋蓉,國語,1,,,68,
等一個人,陳淑萍,國語,5,671,,62; 62; 62; 2,
等一個伴,,華語,93,,,,
等一個伴,翁立友,台語,,473,,8,
等一分鐘,徐譽滕,國語,,9,,2,
等一樹花開,,華語,6492,,,,
等下一個他,習譜予,華語,57589,,,65,
等不來花開,,華語,6795,,,,
等不到深夜,林慧萍,國語,,,,,
等不到錯過的你,,華語,61,,,,
等仁,,台語,,57584,,5,
等伴,王秀琪,台語,,876,,8,
等你,n,國語,,463,,9,
等你,龍千玉,台語,,597,,5,
等你下課,周杰倫,國語,,594,,1,
等你來疼,南台灣,台語,,997,,6,
等你入夢,許志豪,台語,,489,,6,
等你入夢,謝莉婷,台語,,3,,8,
等你到何時,,華語,,,,,
等你到最後,邱芸子,台語,558,,,97,
等你十乀.冬,黃秀美,台語,,541,,6,
等你啦,洪百慧,台語,82,3,,57; 57; 57; 5,
等你回鄉,,客語,4,,,51,
等你愛我,R&B,國語,,9,,2,
等你歸來,,華語,62,,,,
等你牽阮走,周育嬋,台語,,3,,8,
等你甲阮疼,周慧璇,台語,552,,,92,
等你的心,邱芸子,台語,6482,,,,
等你等了那麼久,,華語,78,,,,
等你等到鬍子都長,了,國語,,767,,3,
等你等歸暝,,華語,51,,,,
等你說ILove,蔡曉,國語,,938,,9,
等你返來,,台語,,,,,
等你返來,吳淑敏,台語,559,560,,83; 83; 83; 6,
等你返來,袁小迪,台語,,4,,6,
等你電話,林良歡,台語,,443,,6,
等你靠岸,謝金燕,台語,62,682,,; ; ; 6,
等候的心,韓寶儀,台語,7964,,,64,
等六待有情人,秀蘭瑪,台語,,3,,6,
等千年,,台語,55,,,,
等君君緊回回航航,王又萱,台語,,543,,6,
等君君船船入入港港,林晏如,台語,,8,,6,
等君緊回航,王又萱 慢迪斯可,台語,769,,,63,
等呀等,陳淑萍,台語,,895,,5,
等哥團圓到奈年,,客語,4,,,51,
等啊夢啊,馬沙,台語,554,4,,93; 93; 93; 6,
等啊等,張蓉蓉,台語,,971,,5,
等天光,朱海君,台語,,46948,,8,
等妳,楊義東,台語,3,,,66,
等小看望小疼,陳美鳳江恩,台語,,9,,7,
等你是一個人,楊靜,台語,,3,,8,
等年底,尤雅/俞隆華,台語,81,,,53,
等幸福來找,王素美,台語,4,,,65,
等你,楊巉榮,國語,,499,,2,
等待,,台語,,764,,5,
等待,唐飛,台語,563,977,,62; 62; 62; 8; 8,
等待,政伶,台語,,538,,5,
等待,楊林,台語,,470,,5,
等待,沈芳如,台語,557,766,,5; 61; 61; 61,
等待,王熙強,國語,500,,,,
等待,蔡佳瑩,台語,,455,,5,
等待,陳奕,國語,59,,,41,
等待,陳雷/甲子慧,台語,568,,,64,
等待你,周雅芳,台語,6643,,,00,
等待你,林子娟,台語,557,768,,5; 61; 61; 61,
等待來北風,,台語,,5,,6,
等待再相見,朱海君&鄧兆邦,台語,,4,,8,
等待你的愛,謝金品,台語,,597,,8,
等待你返來,日,台語,,458,,6,
等待幸福,陳淑萍…立友,台語,,462,,8,
等待春天,辦桌二人組,台語,60,,,,
等待是幸福的開始,,華語,,,,38,
等待月圓,,華語,73,,,96,
等待月圓,簡美雀,台語,55491,,,52,
等待有忙天,黄思号,台語,,7,,6,
等待有情人,秀蘭瑪雅,台語,551,,,75,
等待有情天,楊宗憲,台語,,3,,6,
等待歸暝,龍千玉,台語,,9,,6,
等待的心,,台語,51,,,,
等待的心,黃思婷,台語,8989,9,,; ; ; 6,
等待的情人,劉育綾 慢迪斯可,台語,84,,,57,
等待真心,周韋杰,國語,,56947,,2,
等待薄忙人,,台語,,8,,6,
等待薄情人,沈芳如,台語,564,,,61,
等待風起,陳淑樺,國語,3887,,,,
等情郎,,客語,8,,,51,
等愛,,客語,8,,,51,
等愛,王冰洋,華語,577,,,61,
等愛再相逢,,華語,75,,,96,
等愛回來,,國語,63,,,38,
等愛的人,詹曼鈴,台語,55853,,,67,
等愛的人,誓言,國語,,4,,2,
等愛的人等無人孫,淑媚,台語,,5,,7,
等愛的女人,,台語,20,,,50,
等愛的女人,林良歡,台語,,98563,,8,
等愛的女人,江蕙,台語,68,571,,; ; ; 6,
等愛的心,陳秀玲,台語,67,,,,
等愛降落,李玟,國語,592,,,58,
等我,永溢,台語,,540,,5,
等我,陳艾玲,國語,5,,,,
等我聽完這首離,,華語,6967,,,,
等我返來,高佳群,台語,,0,,8,
等抹到月圓,,台語,,97455,,6,
等無人,尤雅,台語,64,,,,
等無伊,,台語,,,,,
等無你,陳美伶,台語,4,545,,5; 65; 65; 65,
等無你來愛阮,黃思婷,台語,69,9,,; ; ; 7,
等無愛,許富凱,台語,,466,,8,
等無春天,鄭詠心,台語,56697,,,62,
等等,ivia&0,國語,,8,,2,
等著你先開口,,華語,60,,,,
等著你小,蕭蔷,國語,,2,,2,
等著小口來,白光,國語,,3,,3,
等著你回來,小男孩,國語,,599,,1,
等著我回來,,華語,67,,,,
等雨停,,華語,6484,,,,
等雨停之後,,華語,68,,,,
等雨的眸,,華語,68,,,,
等雲,詹曼鈴,台語,55896,,,61,
等霧散去,,華語,62,,,,
等風吹,,華語,6458,,,,
筊心內口難,張淑美,台語,,7,,7,
筍仔,魚仔,台語,56538,,,61,
答應我,,台語,,,,98,
答應我,李玟,國語,,,,2,
答應我,黃士祐,台語,,56948,,5,
答應我好好的過,巫啟賢,國語,,3,,3,
答案,,台語,99,,,,
答答叨位去,尤美,台語,,4,,6,
答答在那裡,文鷽,台語,,5,,6,
答答案宗,李政,國語,,2,,2,
答答的背影,陳茂豐,台語,,460,,6,
答釜的草鞋,潘安邦&,國語,,5,,3,
答釜緊返來,文鶯,台語,,5,,6,
策馬奔騰,,台語,,,,52,
筠當愛失去了默,鄭源,國語,,5,,3,
筷子,王中平,國語,5,,,61,
箇中強手,単志祥,國語,,566,,3,
箏,周治平,國語,,393,,2,
算不算可惜,周子寒/李富興,國語,5,,,68,
算不算是一對冫蠏人庹李,宗華明依,國語,,2,,3,
算不算是一對戀人,李明依/庹宗華,國語,47,,,,
算了,Me,國語,,3,,2,
算了,黃國俊,國語,5,,,99,
算了吧,,國語,,390,,2,
算了吧,,華語,71,,,; ; ; ,
算什麼,彭莉,台語,559,563,,5; 61; 61; 61,
算什麼,謝金燕,台語,8781,,,74,
算什麼男人,周杰倫,國語,,4,,3,
算命,蔡秋鳳,台語,,4,,5,
算你鉤狠,M3,國語,,8,,3,
管他喝酒的女孩,,華語,6698,,,38,
管他媽媽嫁給誰,黃伯樂,國語,,462,,9,
管你媽媽嫁給誰,康康,國語,4844,,,,
管汰伊,陳秀玲,台語,67,,,,
節能減碳,陳建誠,台語,,639,,6,
範粹,張済芳,國語,,6,,2,
簡單,方怡萍,台語,85,,,72,
簡單,郭靜,國語,593,,,91,
簡單情歌,黄品源,國語,,9,,3,
簡單的一句話,方順吉,台語,,985,,8,
簡單的幸福,,客語,,,,38,
簡單的情歌,江志豐,台語,56443,,,61,
簡單的說,石一楠,華語,574,,,61,
簡單處理,小辣椒,台語,,686,,6,
簡單歌,,客語,9,,,51,
簡平,郭靜,國語,,4,,2,
簡平生活,梁詠琪,國語,,9,,3,
簡甼的愛,郭忠祐&曹雅,台語,,46861,,8,
簡簡單單,鄭進一.澎恰恰.許效舜,台語,62,,,,
簽一价愛忙保,施志興,台語,,548,,7,
簽一份愛情保單,施志興 勃露斯,客語,55662,,,52,
簾後,張清芳,國語,,,,,
籃球,麻吉弟,國語,,7,,2,
籍籍無名的人,,華語,6958,,,38,
籖寺,蔡秋鳳,台語,,56692,,5,
籖寺,陳美鳳,台語,,9,,5,
籖手,袁小迪,台語,,762,,5,
籠中鳥,,客語,73,,,56,
籤寺,陳茂豐詹曼鈐,台語,,567,,5,
籤詩,陳茂豐/詹曼鈴,台語,55749,,,61,
粉呠情,唐飛,台語,,538,,5,
粉味情,唐飛,台語,56382,,,66,
粉味愁,玟伶,台語,,476,,8,
粉紅色的球乃声,葛蘭,國語,,962,,3,
粉紅色腰帶,蔡秋鳳,台語,84,2,,54; 54; 54; 6,
粉耗呆,芭比,國語,,462,,2,
粗口,,華語,6570,,,,
粗線條,柯受良,國語,,387,,2,
粘朝朝,蔡義德張蓉蓉,台語,,1,,5,
粘田(蜻)蠳,林財寶 吉力巴,台語,559,,,86,
粘相偎,,台語,82,,,,
粥咧滾,七郎,台語,,950,,5,
粥咧滾,七郎 Swing,台語,66,,,,
粽垰俊,黄鳳儀,台語,,3,,5,
精彩,,台語,,,,95,
精彩,王菲,國語,,395,,2,
精彩人生,,國語,,,,93,
精舞門,羅志祥,國語,49,,,,
糊塗,俞智凱,台語,7694,,,49,
糊塗,方阡翊,台語,,7,,5,
糊塗情,邱芸子,台語,557,4,,97; 97; 97; 5,
糊塗浪子心,袁小迪,台語,,6,,7,
糊塗浪子情,林慶源,台語,,958,,7,
糊塗熄舖師,文英,台語,,9,,7,
糐命,張蓉蓉,台語,,761,,5,
糐命的珈叫女自,方瑞娥,台語,,544,,7,
糖在你身邊,黄乙玲,台語,,57963,,6,
糖在東京的街路,良,台語,,47990,,8,
糖己這一些,王傑,國語,,7,,3,
糖果,藍心湄,國語,563,,,78,
糖甘蜜甜,陳逢源/唐美滿 特魯多,台語,860,,,64,
糖甘蜜甜,陳逢源唐美滿,台語,,54458,,6,
糖糖來離開,陳建誠,台語,,44641,,6,
糖糖祝福你,,台語,,938,,6,
糖衣黃連,,華語,66,,,,
糹人啊,郭桂彬,台語,,7,,8,
糹匕夢,沈文程,台語,,4,,5,
糹歌,文夏,台語,,0,,5,
糹糹五月雪,阿茹,台語,,46748,,8,
糹糹諂礻風一,王又萱,國語,,543,,3,
紀念,夏天1ex,Unknown,,49564,,2,
約,江蕙,台語,,964,,5,
約,游美玉,台語,,95665,,5,
約,系淑媚,台語,,387,,5,
約夻,大台風,台語,,898,,8,
約定,何泳毅葉徢疌,台語,,543,,5,
約定,張政雄,台語,,7,,5,
約定,葉冰倢/何泳毅,台語,4,,,64,
約定,陳Gvs甲子慧,台語,,668,,5,
約定,陳雷/甲子慧,台語,558,,,61,
約會,南台灣卜姑娘,台語,,6,,5,
約會,南台灣小姑娘,台語,552,,,90,
約會,大台風樂團 特魯多,台語,6,,,72,
約會,張蓉蓉,台語,,7,,5,
約會,林子娟,台語,,0,,5,
約會,林林,台語,,494,,5,
約會,陳亞蘭,台語,,967,,5,
約會 Disco Night,謝金燕,台語,8750,,,74,
約會ㄟ所在,林鈺茹 特魯多,台語,568,,,63,
約會在黃昏,陳盈潔,國語,,860,,3,
約束,江蕙,台語,85,,,54,
約束,游美玉 特魯多,台語,4,,,64,
約求,方琪,台語,,49445,,5,
約翰跑路,吳梵,國語,598,,,81,
紅,鄭君威,台語,,493,,5,
紅不讓,七郎,台語,63,440,,; ; ; 5,
紅嗇微,正午腸,國語,,469,,2,
紅嗇微,秀秀,國語,,5,,9,
紅嘴唇,唐飛,台語,56383,5,,5; 66; 66; 66,
紅地毯,彭立,台語,,4,,5,
紅地毯,王中平,台語,0,,,60,
紅塵,張國政,台語,55678,94761,,5; 61; 61; 61,
紅塵,李翊君,Unknown,,6,,2,
紅塵,王建傑,台語,8541,,,72,
紅塵,鳳琴,台語,4,,,66,
紅塵,黃思婷,Unknown,,461,,2,
紅塵Ø夢,葉冰倢,台語,,547,,6,
紅塵一場夢,沈芳如,台語,55850,,,67,
紅塵一場夢沈,芳如,台語,,561,,6,
紅塵之夢,方蕭茂歳,台語,,896,,6,
紅塵之夢,方鈴/蕭茂成,台語,558,,,00,
紅塵人生,林美惠,台語,,6,,6,
紅塵何,晴恩,台語,,491,,5,
紅塵來來去去,曽珒中,台語,,46790,,8,
紅塵嗔,,華語,6562,,,,
紅塵嘆,陳3%vs,國語,,6,,9,
紅塵夢,孫淑媚,台語,8570,,,75,
紅塵夢,方瑞娥,台語,,56446,,5,
紅塵夢,陳盈潔,台語,,673,,5,
紅塵夢一攤,,台語,03,,,51,
紅塵夢孑,系淑媚,台語,,3,,5,
紅塵寂寞人,伊正,國語,,6,,3,
紅塵心事,蔡幸娟,台語,,961,,6,
紅塵忙難了,五吅,國語,,542,,3,
紅塵情愛一場,袁小迪,台語,,764,,7,
紅塵情歌,蒋婀倍鄭源,國語,,464,,9,
紅塵情歌,高安,國語,,965,,2,
紅塵情歌,高黑鴨子,國語,,5,,2,
紅塵情癡,,華語,6548,,,,
紅塵情詩,風采輪,台語,,7,,8,
紅塵愛戀,,國語,,,,,
紅塵愛戀,陳美惠vsfffF.,國語,,2,,2,
紅塵戀夢,官明明,台語,,545,,6,
紅塵有你不寂寞,,華語,,,,,
紅塵有愛,,國語,,5,,2,
紅塵有緣,安東陽/慕容曉曉,華語,57498,,,71,
紅塵有緣,安東陽慕容曉,國語,,9,,9,
紅塵歎,,華語,6861,,,,
紅塵歲月,王呉,台語,,743,,6,
紅塵歲月,王萊/吳儀君,台語,56652,,,67,
紅塵殘夢,黃秀美,國語,2,,,68,
紅塵淚,陳盈潔,台語,558,,,90,
紅塵淚,龍千玉季明洋,台語,,539,,5,
紅塵王,建傑,台語,,7,,5,
紅塵緣,蔡小虎龍千玉,台語,,56671,,5,
紅塵路,方怡萍,台語,,5,,5,
紅塵路,龍軍,國語,,3,,2,
紅塵路,龍軍,華語,575,,,72,
紅塵路,,客語,8,,,51,
紅墨水,,台語,62,,,,
紅嫣,江志美,國語,,2,,1,
紅手巾,吳漢書,台語,,4,,5,
紅春聯,曰日,國語,,983,,2,
紅昭願,音闕詩,國語,,755,,1,
紅昭願,音闕詩聽,華語,576,,,65,
紅樓夢,李碧華,國語,,7,,2,
紅樓夢,甲子慧,台語,56785,446,,5; 62; 62; 62,
紅樓夢,白冰冰,台語,,568,,5,
紅樓琴聲,林子娟,台語,564,070,,61; 61; 6; 61,
紅模仿,周杰倫,國語,506,,,,
紅櫻桃,黃妃,台語,,57567,,5,
紅歌星,鄧詠家,台語,,684,,5,
紅河谷,潘安邦,國語,,549,,2,
紅海,羅時豐張秀卿,台語,,760,,5,
紅淚情,林姍,台語,,4,,5,
紅燈碼頭,陳一郎,台語,,2,,6,
紅燈酒廊,鄭秀月,台語,,499,,6,
紅燈酒館,,台語,,997,,6,
紅燈酒館,黄妃,台語,,3,,6,
紅燭守故里 中板靈魂樂 ★ 文夫,,華語,60,,,,
紅燭羅林,文聰,台語,,560,,5,
紅牌,董育君,台語,,4,,5,
紅玫瑰,大哲,國語,,9,,9,
紅玫瑰,彭鈺婷,台語,,547,,5,
紅玫瑰,陳茂豐,台語,559,9,,5; 61; 61; 61,
紅瓦厝,林文隆,台語,,4,,5,
紅甲黑,高向鵬方瑞娥,台語,,573,,5,
紅的黃的橙的灰的,彭佳慧,國語,575,,,44,
紅的黄的橙的灰的,彭佳慧,國語,,9,,3,
紅睡蓮,蔡幸娟,國語,,0,,2,
紅磚仔路,王定傑,台語,,441,,6,
紅磚仔路,王建傑,台語,562,,,68,
紅磚路,陳淑樺,國語,,649,,2,
紅紅的日子火火,,台語,,,,,
紅紅的日子火火的過,亞当,國語,,1,,1,
紅紅的日子火火的過,王一妮,國語,,883,,1,
紅紅的酒,蔡小虎龍千玉,台語,,6,,6,
紅紅青眷敲啊g敲,来方快,國語,,3,,3,
紅絲線,林子娟,台語,56756,587,,5; 62; 62; 62,
紅線,李明洋,台語,56964,,,60,
紅線情,王中平甲子慧,台語,,8,,5,
紅線情,甲子慧/王中平,台語,557,,,61,
紅線李,明洋,台語,,6,,5,
紅線江,蕙,台語,,3,,5,
紅線綁三個,沈芳如,台語,566,,,68,
紅與黒勃魯其,文夏,台語,,453,,7,
紅色太陽,蕭煌奇,國語,5,,,81,
紅色政瑰,謝金燕,台語,,2,,6,
紅色政瑰,郭桂彬,台語,,763,,6,
紅色木乃伊,林冠吟,國語,,3,,3,
紅色玫瑰,謝金燕,台語,8582,,,76,
紅色高跟鞋,閃亮三姊妹,台語,55859,,,63,
紅色高跟鞋閃姐,亮三外,台語,,570,,6,
紅花,羅時豐,台語,,43942,,8,
紅花,蒲庭龍一,台語,,760,,5,
紅花抹香,江蕙,台語,,5,,6,
紅花襟上插,鄧麗君,國語,,5,,3,
紅花雨,趙詠苹,國語,,6,,2,
紅花露水,邱芸子,台語,,385,,6,
紅花青葉,黄西田白礻冰,台語,,2,,6,
紅花香,談詩玲,台語,,854,,8,
紅葉,陳雷,台語,,56965,,5,
紅葉天星,揚江,台語,,5,,6,
紅薔薇,秀秀,國語,,1,,2,
紅薔薇,蔡琴,國語,,641,,2,
紅蜻蜒,小虎隊,國語,,7,,2,
紅螞蟻,,台語,,,,98,
紅袖劍,風采輸,台語,,7,,8,
紅豆,謝宜君,台語,,44890,,5,
紅豆詞,揚佩春,國語,,463,,2,
紅豆詞,蔡幸娟,國語,,9,,2,
紅透台灣,蔡英和,台語,,95691,,6,
紅酒,沈文程詹雅雯,台語,,6,,5,
紅雨,范美敏,台語,,467,,8,
紅雨傘,,國語,,,,00,
紅雨傘,趙默,國語,,8,,2,
紅鞋女孩,徐乃麟,國語,,3,,2,
紅頁乚劉,佳林,台語,,675,,5,
紅顏,陳艾玲,國語,5,,,,
紅顏女人花,,台語,,,,42,
紅顏江,蕙,台語,,4,,5,
紅顏淚,唐飛,台語,563,,,63,
紅顏知己,江洪,台語,,8,,8,
紅顏糐命,陳亮吟,台語,,4,,6,
紅顏羅,時豐,台語,,568,,5,
紅顏美人,龍千玉,台語,,59589,,8,
紅顏花,,華語,,,,,
紅顏花,方怡萍,台語,,676,,5,
紅顏花,方瑞娥,台語,,46958,,8,
紅顏落嵌,蔡小虎,台語,,4,,6,
紅顏薄命,董育君,台語,,495,,6,
紅麈一夢,黄偉霖,國語,,853,,9,
紇杯再會,馬沙,台語,,438,,6,
紐約之戀,裘海正,國語,,380,,2,
純屬意外,戴佩妮,國語,,57890,,2,
純屬虛構,游鴻明,國語,,674,,2,
純屬虛構,荒山亮,國語,,7,,2,
純情夢,葉啟田,台語,,6,,5,
純情夢,陳玉雯,台語,,542,,5,
純情天蜂羅,新寶島,台語,,446,,6,
純情女人心 米可,情的燈 陳瑞 ◆,華語,38,,,94,
純情少年家,黃妃,台語,,948,,6,
純情嶺,沈建豪,台語,565,0,,5; 61; 61; 61,
純情恰恰,吳淑敏,台語,555,,,98,
純情憨慢仔,張宇,台語,,749,,6,
純情曲,世賢,台語,56769,9,,5; 62; 62; 62,
純情曲,蔡小虎,台語,,438,,8,
純情的傷悲,張秀卿,台語,,7,,6,
"純情的匕,一",林湘楹,台語,,476,,6,
純情的夢,洪榮宏,台語,,746,,6,
純情的女性,莊淑君,台語,6751,,,,
純情的娜魯娃,方阡翊,台語,,9,,7,
純情的小百合,,台語,,966,,6,
純情的小百合(),良一,台語,567,,,62,
純情的悲傷,張秀卿,台語,,959,,6,
純情的愛,,台語,,6,,6,
純情的愛,蔡秋鳳,台語,,857,,6,
純情的戀夢,蔡素貞,台語,,95658,,6,
純情的戀夢,蔡素貞 特魯多,台語,682,,,,
純情的歌聲,田大邱,台語,947,9,,63; 63; 63; 8; 8,
純情的男兒,陳一郎,台語,,4,,6,
純情的男性,顏樂輝,台語,,745,,6,
純情的花蕊,,華語,96,,,,
純情的花蕊,林湘楹,台語,2,,,66,
純情紅玫瑰,袁小迪向玪,台語,,546,,6,
純情紅玫瑰,趙柳枝 特魯多,台語,3,,,65,
純情美夢,龍千玉呂雪鳳,台語,,44492,,6,
純情花,江蕙,台語,,747,,5,
純情花,簡媛儀,台語,,545,,5,
純情花,謝宜君,台語,,59742,,8,
純情誰人知,陳盈潔,台語,,452,,6,
純情賀爾蒙,草屯囝,台語,,791,,8,
純情阿狗兄,,台語,,7,,6,
純情青眷夢,潘越雲,台語,,748,,6,
純愛打造,吳勇濱,國語,,466,,2,
純純情屵的的女女性性,莊淑君,台語,,5,,8,
純純的愛,劉家昌,國語,,5,,2,
紗帽山之戀,士文,台語,,5,,6,
紙包袂條火,七郎,台語,,98771,,8,
紙包袂條火,七郎/喬幼 特魯多,台語,56588,,,66,
紙炮唔響盡出煙 ○ 胡泉雄,,客語,4,,,51,
紙甲筆,吳俊宏,台語,,565,,5,
紙短情長,劉藝佳,國語,,8,,1,
紙短情長,劉藝佳,華語,576,,,66,
紙筆,吳蕙君,台語,,46878,,8,
紙花,劉依純,台語,8997,,,,
紙雨傘,楊哲,台語,,3,,8,
紙雲煙,袁小迪,台語,,4,,5,
紙雲煙,遠小迪,國語,,997,,2,
紙風吹,謝金燕,台語,85,972,,71; 71; 71; 5,
紙風吹,鳳娘,台語,,76581,,5,
紙風箏,蕭玉芬,台語,,586,,5,
紙風車,鳳娘,台語,557,,,90,
紙飛機,張峰奇怡廷,國語,,480,,2,
紙飛機,林憶蓮,國語,5,,,,
紙飛機,王建傑,國語,566,7,,2; 68; 68; 68,
紙鷂斷了線,,客語,3,,,51,
紛紛飄墜的音符,潘安邦,國語,,778,,3,
素心蘭,張淑美,台語,,94790,,5,
素未謀面,,華語,69,,,,
素蘭媽媽,詹雅雯,台語,,9,,6,
素蘭萬歲,高,國語,,464,,2,
紡,,台語,,744,,5,
紡心,陳盈潔,台語,76,,,,
紡見,吳申梅,台語,,9,,5,
紡見是你的心,馬沙,台語,556,,,93,
紡見的初戀 潘益群 蔡淑雲 ◆,,華語,39,,,94,
紡見的心,謝金晶,台語,,44847,,6,
紡見的時間,江志豐,台語,56838,7,,64; 64; 6; 64,
紡見的時間,江惠儀,台語,,443,,6,
紡見的誓言,郭秀香,台語,9,,,65,
紡見的鎖匙,郭健一,台語,,2,,6,
紫外線,蔡詩蕓,國語,500,,,40,
紫竹調。,鳳飛飛,國語,,5,,2,
紫色煙花,,華語,,,,98,
紫色蝴,江美琪,國語,,3,,9,
紫雨,齊秦,國語,,3,,2,
累了痛了不愛了,,華語,64,,,,
細人仔時代,,客語,3,,,51,
"細妹安獎,",謝雷,台語,,98542,,8,
細妹恁趣,,客語,0,,,51,
細妹請問你,羅時豐,台語,,44464,,6,
細按靚,羅時豐,台語,,2,,6,
細漢時,安琪,台語,556,567,,98; 98; 98; 5,
細漢時的人情味,陳盈潔,台語,552,,,90,
細漢的故郷,,台語,,8,,6,
細漢的願望,秀蘭瑪雅,台語,,579,,6,
細聲話,方瑞娥,台語,,673,,5,
細雨,于台煙,國語,579,768,,2; 68; 68; 68,
細雨 中板靈魂樂 ★ 阿 YueYue,,華語,61,,,,
細雪落屋簷,,華語,67,,,38,
終成陌生人,,華語,6657,,,,
終於,,華語,68,,,,
終於,GT=二崇,國語,,8,,2,
終於愛情,陳嘉樺,Unknown,,47960,,1,
終於放手,邵人倫,國語,,465,,9,
終於明白,動力火車,國語,5,,,50,
終於要離開,林寶,國語,59,,,40,
終點,郭品超,國語,,682,,2,
終點站,廖秋濟,台語,,543,,5,
終點站,廖秋濟 特魯多,台語,1,,,64,
終點站,林子娟,國語,5,,,68,
終點站,蔡秋鳳夋宏,台語,,2,,5,
組曲,龍千玉,台語,,441,,5,
結,姚健敏,國語,,946,,2,
結,銀霞,國語,,638,,2,
結凍的愛,,台語,,,,51,
結婚調,石喬,台語,69,,,00,
結婚證書,吳俅,台語,,6,,6,
結局,冷漠,華語,578,,,61,
結局,張克帆,國語,,1,,2,
結束悲情,陳淑萍,台語,,780,,6,
結果咧,大嘴巴,國語,,565,,2,
結緣苶,黃大軍,台語,,4,,5,
絕不放手,黃征,國語,,4,,2,
絕不放棄,羅百吉,國語,5,445,,82; 82; 82; 2,
絕不能失去你,F4,國語,89,,,,
絕世英雄,黃文星,台語,,9,,6,
絕口不提愛你,鄭中基,國語,,488,,3,
絕唱,張獻仁,台語,,996,,8,
絕對不放,吳克群,國語,,573,,2,
絕對贏,,台語,,,,93,
絕對達令,楊丞琳,國語,,3,,2,
絕情人,吳小豪,國語,,49551,,2,
絕情劍,,台語,38,,,,
絕情夢,謝莉婷,台語,,43855,,8,
絕情夢,龍千玉,台語,,2,,5,
絕情批,吳淑敏,台語,,44380,,5,
絕情歌,段千尋,國語,,49882,,2,
絕情的夢,林姍,台語,,59468,,8,
絕情路,翁立友,台語,,58477,,5,
絕情雨,王瑞霞,台語,,1,,5,
絕情風,向蕙玲,台語,,38585,,8,
絕情風,黃乙玲,台語,,9,,5,
絕望,甲子慧,台語,562,,,61,
絕溫,楊孝君,國語,,789,,2,
給 Lisa,彭羚,國語,543,,,95,
給不了你未來,,華語,62,,,,
給了你最真的我的,心,國語,,4,,3,
給了你的愛是種傷害,羅百吉,國語,5,,,69,
給了你最真我,心黄品源,國語,,3,,3,
給他,郭采潔,國語,,577,,2,
給你,陳奕迅,國語,,569,,2,
給你一份溫柔,陳耀川,國語,3983,,,,
給你一個機會,閃亮三,國語,,4,,3,
給你一個機會,閃亮三姐妹,國語,548,,,67,
給你個機會,謝金燕,台語,,591,,8,
給你們,張宇,國語,,3,,2,
給你唱過的歌,,台語,,,,,
給你唱過的歌,張北北,Unknown,,3,,1,
給你機會誠實,,台語,97,,,,
給你機會誠實,莊心妍,國語,,787,,3,
給你的愛,,華語,61,,,,
給你靠,閃亮三姊蜯,國語,,4,,2,
給你靠,閃亮三姐妹,國語,5,,,81,
給你一些不給,些林志炫,國語,,3,,3,
給你騙不知,陳盈潔,台語,,9,,6,
給愛人的傾訴,龐龍,國語,,0,,3,
給我,李茂山,國語,,4,,2,
給我一個不傷心的,、理由,國語,,76665,,3,
給我一個可以親吻你的距離,戴燕妮,國語,,962,,9,
給我一個吻,張俐敏,國語,,5,,3,
給我一個吻,葉瞹菱,國語,,1,,3,
給我一個理由,記ALIN,國語,,576,,3,
給我一分艟不,你許茹芸,國語,,3,,3,
給我一支煙,姜宇清,華語,574,,,61,
給我一支煙,姜雨清,國語,,3,,9,
給我一段仁愛路,彭羚,國語,,3,,3,
給我一首歌的,問周杰倫,國語,,56484,,3,
給我一點愛的火,陳秀貞,國語,,3,,3,
給我個痛快,陳娟兒,國語,,2,,3,
給我吻一下,曾心梅,台語,,5,,6,
給我多一點,S.H.E,國語,,5,,3,
給我幾秒鐘,閃亮三,國語,,9,,3,
給我愛,閃亮三姊妹,國語,5,,,61,
給我愛,閃亮三姐&,國語,,497,,2,
給我愛的吻,姚蘇蓉,國語,,777,,1,
給我機會讓我,你鍾漢良,國語,,3,,3,
給我温情巴愛人、,余天,國語,,7,,3,
給我的心又給別人,,華語,6975,,,,
給我的摰友一火天,龐龍,國語,,461,,3,
給某某的信,,台語,,,,,
絲路,林冠吟,國語,,797,,2,
絲路,齊秦,國語,,452,,2,
絲雨長巷,千百惠,國語,,3,,2,
絶夕,甲子慧,台語,,043,,5,
絶對一百分,林在福,台語,,544,,6,
絶情,黄麗花,台語,,541,,5,
絶情批,方瑞娥,台語,,3,,8,
絶情無回頭,楊宗憲,台語,,2,,6,
絶情的批信,王霖河,台語,,547,,6,
絶情的洽洽,BOK+'和平組合,國語,,76774,,3,
經,詹雅雯,台語,,763,,5,
經常回家看一看,程響/王羽澤,華語,,,,61,
經過一年後,尤鳳,台語,,5,,6,
綠了芭蕉,,華語,66,,,,
綠光,孫燕姿,國語,5,397,,2; 61; 61; 61,
綠島之夜,文夏,台語,,7,,6,
綠洲,徐佳瑩,國語,,570,,2,
綠色希望凡山,鄭呂守,國語,,68454,,3,
綠色隧道北,原山,國語,,3,,3,
維也納的冬天,,華語,,,,,
網,王馨平,國語,,0,,2,
網路天使,2,國語,,8,,3,
網路情歌,唐飛,台語,56561,566,,66; 66; 6; 66,
網路情歌,林子娟,台語,560,2,,61; 61; 6; 61,
綷夫的愛,,國語,,3,,3,
綻放,,國語,,8,,9,
綻放,,華語,,,,,
綿綿一舊情主,林姍,台語,,575,,6,
綿綿情絲斷抹,周蓬霖,台語,,971,,7,
綿綿情網,邱芸子,台語,554,462,,61; 61; 6; 61,
綿綿戀愛夢,張蓉蓉,台語,,568,,7,
綿綿相目思,邱芸子,台語,,972,,6,
綿綿眷雨,蔡宜蓁,台語,,491,,6,
綿綿風雨情,,華語,,,,,
緊大漢,澎恰恰,台語,,464,,5,
緊張約會,,客語,3,,,51,
緊急的眼淚,梁詠琪,國語,,,,,
緊握我的手,夏天Alex,國語,,49978,,3,
線,,華語,00,,,00,
線,劉惜君,國語,,599,,1,
線上遊戲,黃義達,國語,5,,,51,
緣,,台語,88,,,,
緣,秀蘭瑪,台語,,467,,8,
緣,高勝美,國語,,1,,2,
緣亻,包娜娜,國語,,5,,2,
緣亻,蔡幸娟,國語,,3,,2,
緣份,,台語,59,,,,
緣份,于台煙,台語,55970,,,61,
緣份,唐飛,台語,,493,,5,
緣份,林翠玲,台語,561,,,61,
緣份,米淇林,台語,,438,,8,
緣份,陳冠霖,台語,,2,,8,
緣份不夠,,華語,45,,,96,
緣份來作伴,,華語,,,,39,
緣份到這站,劉美紅 特魯多,台語,940,,,,
緣份十字路 林展逸 ◆,,客語,886,,,51,
緣份啦,吳秀珠,台語,7382,,,,
緣份惹的禍,候俊輝,國語,,58593,,3,
緣份惹的禍,安東陽,華語,57499,,,71,
緣份惹的禍,安祈爾,國語,,460,,3,
緣份放一邊,林傅,台語,,76898,,7,
緣份無同路,,台語,,,,94,
緣份若來,周雅芳,台語,6395,,,,
緣份註定,李嘉,台語,,2,,6,
緣份註定,陳文山黃小菁,台語,,981,,8,
緣份透,甲子慧,台語,0,5,,60; 60; 60; 8; 8,
緣份靠天意 廖秋玲 ◆,,客語,8,,,51,
緣來,王錚亮藩辰,國語,,579,,2,
緣分,陳冠霖,台語,,468,,8,
緣分,鳳娘,台語,557,,,98,
緣分牆,,華語,68,,,,
緣分的魅力,沈志仲,華語,578,,,61,
緣分盡了還在逞強,,華語,6758,,,,
緣夢,,國語,,,,94,
緣情夢,林子娟,台語,557,,,61,
緣投少年家 梭 ◆ 張愛蔆,,客語,81,,,,
緣投與阿醜,黃立成/麻吉,台語,,,,,
緣散情亦去,,華語,6795,,,38,
緣斷忙了,王登雄林玉英,台語,,465,,6,
緣未到情未了,,華語,74,,,96,
緣未盡情未了 類型,,國語,,,,,
緣牽緣繫,林詩達,國語,,786,,3,
緣的終點,王建傑,國語,5,680,,68; 68; 68; 3,
緣盡情抹煞,,華語,92,,,,
緣盡情深,,華語,68,,,,
緣薄忙深,陳董育君,台語,,6,,6,
緣訂這份情,,台語,48,,,39,
編織情夢 恰恰 陳茂豐.一明.井 祥,,台語,,,,50,
編號89757,林俊傑,國語,,673,,2,
練歌場,,華語,,,,,
練歌場,李明洋,台語,,990,,8,
練瘋話,王瑞霞,台語,,940,,5,
練習,孫燕姿,國語,5,,,,
練習,詹曼鈴,國語,5,,,67,
練習习,孫燕姿,國語,,1,,2,
練舞功,謝金燕,台語,84,,,54,
縣長要選徐耀昌,,客語,02,,,51,
縫夢,許富凱,台語,,47587,,8,
縱使相逢,沐号,台語,,44676,,6,
總以為錯的是你,張清芳,國語,5,,,,
總是那麼傻,孫子涵,國語,,894,,9,
總會出頭天,李寶鳳,台語,870,,,63,
總會出頭天,沈芳如,台語,55886,,,61,
總會有人,,華語,66,,,53,
總會有人來愛你,,華語,6945,,,,
總會有人值得你期待,,華語,65,,,,
總有一天,詹曼鈴,台語,567,,,62,
總有一天你著知,,華語,55,,,,
總有些人,,華語,60,,,,
總有人適合,,華語,6655,,,,
總有山不清,,華語,6670,,,,
繁星,歐陽菲,國語,,856,,2,
繁華的台中市,趙柳芝,台語,951,,,63,
繁華的台中車,趙柳芝,台語,,8,,8,
繃X趾,謝金燕,國語,,463,,2,
繃繃,羅百吉,國語,,2,,2,
繍金區,,國語,,1,,2,
繞過羊腸小道,,台語,683,,,,
繡花鞋,伍寀玉,台語,,546,,5,
繡荷包,,國語,,465,,2,
繼磧一給歳的,己劉若英,國語,,2,,3,
繼續向前行,大合唱,台語,555,,,,
繼續打拼陳,雷,台語,,4,,6,
繼續捫流浪,石喬,台語,,777,,7,
繼續給十五歲的自,己,國語,,6,,3,
續喙,詹雅変,台語,,567,,5,
續攤,劉依純,台語,,573,,5,
續緣,詹雅雯,台語,555,,,,
續集,劉德華,國語,,0,,2,
纏綿,,華語,65,,,,
纏綿,劉德華,國語,,4,,2,
纏綿到天光,,華語,,,,,
纏綿愛河,流蘇/秋聲梧葉,華語,571,,,68,
缶妝,江淑娜,國語,,496,,2,
缶貝愛我,庹丹丹,國語,,49768,,3,
缶貝接招,麥徳羅,國語,,5,,3,
缺,勃露斯,國語,05,,,69,
缺口,庚澄慶,國語,,583,,2,
缺口,林凡,國語,,48392,,2,
缺口,齊秦,國語,,381,,2,
缺席,鄭秀文,國語,,382,,2,
缺氣,裘海正,國語,,383,,2,
缺氧,楊丞琳,國語,,56394,,2,
缺電耂,游芷吟,國語,,46438,,1,
罔市仔,詹雅雯,台語,55450,,,96,
罔腰 特魯多 ◆ 甲子慧,,台語,97,,,,
罔車仔,詹雅雯,台語,,567,,5,
罙氵末禾,徐譽縢,國語,,851,,2,
罙深的愛,謝莉婷,台語,,9,,6,
罙深迷醉王,建傑,台語,,94843,,6,
罙罙的愛曹,雅雯,台語,,572,,6,
罨神護台灣,董事長樂,台語,,575,,6,
罪過,法璦,國語,44,,,,
置深深愛袂停,陳雅莉,台語,,95657,,7,
罵春風,江蕙,台語,,3,,5,
羅密歐的世界,閃亮三姐妹,國語,5,,,78,
羅密歐與苯一麗一,許富凱,台語,,445,,7,
羅曼蒂克的愛情,賀敬軒,華語,,,,69,
羅曼蒂克的探戈,白冰冰,台語,67,,,,
羅漢腳仔,陳雷,台語,,1,,6,
羅聲若響,,台語,,4,,6,
羅蕾萊之歌,蔡琴,國語,,851,,3,
羅螺,黃暄雅,台語,565,,,00,
羊咩咩,,台語,,,,,
美人寸,蔡依林,國語,,4,,2,
美人崔,藍基地,國語,,498,,2,
美人痛,劉徳苹,國語,,462,,2,
美人關,林娜/TZ,台語,,,,61,
美人魚,周杰倫,國語,,599,,9,
美國時間,王瑞霞,台語,,054,,6,
美夢,龍千玉,台語,,2,,6,
美夢不願醒李,雅津,台語,,494,,6,
美夢像彩虹,田路路,國語,,962,,3,
美夢已經醒,,國語,,,,,
美夢成真,,台語,73,,,40,
美夢成真,七郎/佳虹,台語,552,,,92,
美夢成真,李素專,台語,,46950,,8,
美夢成真,柏翊梅,國語,,1,,2,
美夢成真,葉秋菊,台語,,,,61,
美夢成真,許茹芸,國語,,0,,2,
美夢攵成亠,謝宜君,台語,,43857,,8,
美夢易醒,剛澤斌 吉力巴,國語,5,,,44,
美夢變成空,詹曼鈴,台語,8599,,,73,
美夢變成空詹,曼鈴,台語,,47777,,6,
美好時光,光良/阿穆隆,國語,593,,,61,
美姑娘,閃亮三姊妹,台語,559,,,61,
美姑娘,馬兆駿,台語,,678,,5,
美捲入畫,,華語,66,,,,
美滿人生,陳秋滿,台語,651,,,61,
美滿的家,王霖河,台語,1,54790,,65; 65; 6; 65,
美滿的戀情,唐美滿,台語,652,,,61,
美滿的戀情唐,美滿,台語,,544,,6,
美滿良喙,呉永發林玲華,台語,,543,,6,
美濃夜曲,,客語,3,,,51,
美濃細妹,,客語,,,,55,
美瑤村,新寶島樂隊,台語,,883,,5,
美的幻想,江蕾,國語,,897,,2,
美矼的陷阱,張瀛仁,台語,,4,,6,
美麁芯夢,翁立友,台語,,475,,6,
美麗,神木與,Unknown,,4,,2,
美麗,神木與瞳,國語,551,,,61,
美麗一生,林國榮,國語,,,,,
美麗一的南都,陳麗鳳,台語,,546,,6,
美麗一的寶島,,國語,,3,,3,
美麗一的對白,洪百慧,台語,,6,,6,
美麗一齣戲,詹雅安,台語,,596,,8,
美麗人生,孫淑媚,台語,,46996,,8,
美麗人生,梁靜茹,國語,,589,,2,
美麗人生,梭,台語,,,,61,
美麗人生,江蕾,Unknown,,1,,1,
美麗人生,蔡小虎,台語,,554,,6,
美麗人生,陳雷,台語,84,5,,60; 60; 60; 6,
美麗基隆港,張津湘 特魯多,台語,654,,,61,
美麗天使,王鍵,華語,571,,,61,
美麗天堂,蕭煌奇,國語,,480,,2,
美麗女人,劉嘉亮,國語,,564,,2,
美麗娜魚滲,張蓉蓉,台語,,447,,6,
美麗尸來城,阿茹,台語,,6,,6,
美麗屏東城,阿茹,台語,567,,,62,
美麗島,羅大佑,國語,,4,,2,
美麗島,蘇姫,國語,,481,,2,
美麗島,蘇婭,國語,,567,,2,
美麗心情,本多RuRu,國語,,4,,2,
美麗情緣,吳秀雯,台語,,787,,8,
美麗情緣,吳秀雯,國語,979,,,63,
美麗愛情詩,,華語,,,,,
美麗新世界,S.H.E,國語,3876,,,40,
美麗新世界,伍佰,國語,,5,,3,
美麗新世界,林子娟,國語,5,,,67,
美麗水姑娘,甲子慧,台語,562,,,61,
美麗水姑娘甲,子慧,台語,,8,,6,
美麗白賊話,甲子慧,台語,9,,,65,
美麗的一天,楊坤,國語,,766,,3,
美麗的世界,羅欣,台語,,2,,8,
美麗的交換,江蕙,台語,,1,,6,
美麗的人生,于台煙/王燦,台語,557,,,61,
美麗的人生,林妍榛 搖滾,台語,6,,,63,
美麗的人生,林錦鸞,台語,4,,,64,
美麗的匕一,陳麗鳳,台語,,95655,,6,
美麗的台中港,揚韻甄,台語,,786,,8,
美麗的台中港,楊韻甄 特魯多,台語,978,,,63,
美麗的台灣,陸杰裡,國語,968,,,63,
美麗的台訁,陸未裡,台語,,788,,8,
美麗的土地,陳豪,台語,6690,,,00,
美麗的夢中,王識賢,台語,8542,,,70,
美麗的夢想,湯秋蓉,國語,5,,,68,
美麗的女孩,羅百吉,國語,5,,,69,
美麗的安平港 特魯多 ◆ 沈淑瓊,,華語,50,,,,
美麗的寶島,文鶯,台語,,44662,,6,
美麗的希望,鄧麗君,國語,,497,,3,
美麗的彩虹,李雨璇/洪少凱 吉力巴,台語,6,,,66,
美麗的情歌,范玉美/陳碧麗,台語,9,,,66,
美麗的情緣,張玉英 特魯多,國語,4,,,65,
美麗的意外,李千娜,台語,,463,,8,
美麗的戀夢,曲紋,台語,2,,,65,
美麗的戀情,林雨涵,台語,,547,,6,
美麗的所在,隨性Random,台語,,38654,,8,
美麗的插曲,蕭亞軒,國語,582,,,58,
美麗的故事,李素專/辦桌阿傑,台語,566,,,61,
美麗的朴子溪,劉家榮,台語,565,,,61,
美麗的水姑娘,甲子慧,台語,,576,,7,
美麗的相逢,龍千玉,台語,,4,,6,
美麗的碧潭覀,鄭日済,台語,,0,,6,
美麗的祝福,錢澄/一綾,台語,562,,,62,
美麗的空夢,王建傑,台語,557,,,61,
美麗的空茜,王建傑,台語,,760,,6,
美麗的等待,林信延,台語,,57860,,6,
美麗的約定,徐雯倩.孫建平,國語,,,,,
美麗的花,龍千玉,台語,,455,,6,
美麗的花蕊,陳麗鳳 特魯多,台語,3,,,65,
美麗的茜中,王識賢,台語,,9,,6,
美麗的謊言,,華語,88,,,51,
美麗的貓空,高慧美 吉力巴,台語,6,,,64,
美麗的邀請主,潘佩莉,台語,,95473,,6,
美麗的錯誤,龍千玉,台語,,6,,6,
美麗的鏡頭,龍千玉,台語,,4,,6,
美麗笨女人,李玟,國語,94,,,,
美麗純情夢,陳怡婷,台語,,46966,,8,
美麗與哀愁,,台語,,,,,
美麗蝴蝶,吳淑敏,台語,550,,,84,
美麗蝴蝶,英淑敏,台語,,765,,6,
群山外 月光白,,華語,6844,,,,
義海情天,高勝美,國語,5,,,66,
義無反顧,阮丹青,國語,,384,,3,
義理,,國語,42,,,,
羸,張秀卿,台語,,8,,5,
羽度,,華語,69,,,,
羽毛,王心凌,國語,5,3,,47; 47; 47; 2,
羽毛,陳奕晴,國語,581,49699,,2; 61; 61; 61,
翅膀,林依晨,國語,,57548,,2,
翅膀,林俊傑,國語,,698,,2,
翅膀,王心凌,國語,71,,,,
習愛忙,王大文,國語,,2,,3,
習愛情,陳勢安,國語,,592,,9,
習慣,,台語,69,,,,
習慣,季忠平,國語,,389,,2,
習慣,孫耀威,國語,,390,,2,
習慣,楊丞琳,國語,49,751,,; ; ; 2,
習慣,白曉,國語,,2,,2,
習慣,蘇振華,國語,,9,,2,
習慣,陶莉萍,國語,,689,,2,
習慣一個人,,台語,,,,,
習慣性想你,,華語,,,,,
習慣毌寂寞周,京洋,國語,,495,,2,
習慣沒人疼,,華語,6672,,,,
習眼涙,芭比,國語,,4,,3,
翠湖,張琍敏,國語,,1,,9,
翡冷翠的夜不眠,,華語,6691,,,,
翰羸,江宏恩,台語,,462,,5,
翰贏,陳雷,台語,,2,,5,
翻滾吧熱浪,,華語,62,,,38,
翻牆,R0bynn&Kendv,台語,,57959,,5,
翻白眼,人三夭,國語,,598,,9,
老K臉,陳小春,國語,,3,,2,
老了,龐龍,國語,,463,,2,
老人小孩與流浪狗,顏志文,國語,,4,,3,
老人阿哥哥,李炳輝,台語,,6,,6,
老件,米淇林,台語,,438,,8,
老伴,,台語,58,,,,
老伴,七郎/張麗君,台語,8539,,,73,
老伴,豬哥亮,台語,,96541,,5,
老伴,陳思安,台語,,95458,,5,
老來伴,范美敏,台語,,46781,,8,
老兄小阿娘ロ,尤對日,台語,,681,,6,
老兄弟要互相,,客語,,,,,
老兵不死,砰砰樂,國語,,647,,2,
老吉他,王識賢,台語,560,485,,5; 61; 61; 61,
老土地的話,洪榮宏,台語,,3,,6,
老地方,任賢齊,國語,44,2,,; ; ; 2,
老地方見,李漢昭,國語,,767,,2,
老大,idge,國語,,59,,1,
老大借過,陳政文,台語,,6,,8,
老天安排,,華語,6900,,,,
老天請給我一秒,鄭伊健,國語,,3,,3,
老夫妻,王中平,台語,569,393,,5; 61; 61; 61,
老娘就是我,閃亮三,國語,,767,,3,
老娘就是我,閃亮三姊妹,國語,589,,,69,
老婆,楊靜,台語,,577,,5,
老婆,鄭進一,國語,,76638,,2,
老婆你辛苦了,,華語,80,,,,
老婆最大,崔子格,國語,,581,,2,
老婆餅,田一龍,國語,,5,,2,
老子來了,陳政文,國語,,,,61,
老孤單,鄭進一,台語,,768,,5,
老實情歌,庾澄慶,國語,,484,,2,
老寶貝,唐銘良,台語,,8,,8,
老尪疼嫩婆,陳建铖,台語,,474,,8,
老師,兒童合,國語,,8,,2,
老師,吳俅,台語,,3,,5,
老情歌,,台語,,,,48,
老情歌,安琪,台語,558,,,00,
老情歌,江蕙,台語,,6,,5,
老情歌,秀蘭瑪雅葉諾,台語,,46600,,8,
老曲盤,曾心梅,台語,,555,,5,
老月亮,,台語,,,,,
老朋友,,台語,,,,00,
老朋友,七郎,台語,6467,664,,; ; ; 5,
老朋友,余天,台語,,948,,5,
老朋友,余天龍,台語,,43881,,8,
老朋友,歐恆,國語,,1,,9,
老朋友,王識賢,台語,,567,,5,
老朋友,鄭進一,國語,,3,,2,
老樂師,江蕙,台語,,0,,5,
老樣子,李昂,國語,,2,,2,
老歌,劉嘉亮,國語,,853,,1,
老氵對我說,徐一鳴,國語,,9,,9,
老漁翁,銀霞,國語,,754,,2,
老父,詹雅雯,台語,,2,,5,
老爸老媽,,國語,,5,,1,
老爺與水某,大台風樂團 吉力巴,台語,56857,,,64,
老爺與水芣,大台風,台語,,8,,8,
老爺船,石喬,台語,,9,,5,
老爺車,,台語,,6,,5,
老瓦厝,黃妃,台語,565,,,63,
老男人,,台語,93,,,,
老男孩,筷子兄,國語,,8,,9,
老老鼠鼠愛愛大大米米,揚臣剛香呑,國語,,5,,3,
老老鼠鼠愛愛大大米米,王敗文,國語,,573,,3,
老艼仔的歌,葉勝欽,台語,,38653,,8,
老芋仔的歌,北原山,台語,,5,,6,
老街,李榮浩,國語,,59660,,1,
老車頭,范美敏,客語,573,,,61,
老長壽,,台語,,3,,5,
老電影,溫瀚龍,台語,,957,,8,
老電影,王識賢,台語,,2,,5,
老鼠愛逛街,王瑞霞辨桌阿,台語,,76387,,6,
耂克群,吳克群,國語,,1,,2,
考驗,張芮馨,台語,,540,,5,
者之歌香,香,國語,,9,,2,
而已,呂雯,國語,,683,,2,
而我,這位太,國語,,8,,2,
耍花樣,吳宗憲,國語,,,,,
耍賴,,台語,62,,,,
耐得住寂寞,劉思思,國語,,9,,9,
耐得住寂寞,劉思思,華語,57486,,,66,
耕種个阿爸 Swing ○ 代表【midi無人聲】 ★ 代表【原聲 或 原聲原影】 適用機型：S-(BD.IMSBP系列.N系列.N2系列.W系列),● 代表【midi+人聲伴唱】 利用人如欲使用本產品於「公開場所」使用，請逕洽集管團體或著 ◆ 代表【midi+原聲伴唱】 作財產權人取得「公播授權」後，始得合法使用 1 上述符號為【歌曲類型】依機型及功能而有所不同 發行日期 /,客語,75,,,,
耳光,,華語,6997,,,,
耳旁風,,華語,94,,,,
耳旁風,莊心妍,國語,,8,,9,
耳朵,李榮浩,國語,,59685,,1,
耳根輕,賴秋安,台語,,5,,5,
耳沒有你的溫柔易,欣,國語,,49943,,3,
耳洞,趙薇,國語,,4,,2,
耳相遇也許來生張,鎬哲,國語,,3,,3,
耳笛,鳳飛飛,國語,,5,,2,
耳給我一次機會楊,克強,國語,,56700,,3,
耳聾講唔通,,客語,2,,,51,
耽擱,,華語,68,,,,
耽誤,徐天泉,台語,,959,,8,
耽誤阮一生,林淑容,台語,85,,,57,
聆聽,,台語,,,,,
聆聽,,華語,,,,,
聆聽過往的人,,華語,69,,,,
聊天,郭靜,國語,,573,,2,
聖日會想他,何耀珊,國語,,7,,3,
聖母,,台語,62,,,53,
聖誕分手節,吳克群,國語,,8,,3,
聖誕快樂,,華語,67,,,,
聖誕鈴聲,大合唱,國語,,468,,3,
聖魔戰印,荒山亮,台語,,2,,6,
聘無譴聘無譴,,客語,92,,,,
聚也依依散也依依李,碧華,國語,,8,,3,
聚少離別多,王傑,國語,,3,,3,
聚散不由我,陳徳容,國語,,9,,3,
聚散倆依依,李碧華,國語,,8,,3,
聞神不是神,,華語,65,,,,
聞香,陳盈潔,台語,559,76580,,90; 90; 90; 5,
聰明人糊塗心,江蕙,台語,6856,6,,43; 43; 43; 7,
聲聲句句,林子娟,台語,56689,5,,61; 61; 6; 61,
聲聲叫著你,陳雷,台語,8575,,,69,
聲聲呼喚,鄧妙華,國語,,6,,3,
聲聲慢,高勝美,國語,,7,,2,
聲聲攏是你的名,王瑞霞,台語,63,,,,
聲聲淚,,台語,,544,,5,
聲聲淚,陳美伶,台語,3,,,65,
聽人唱歌心頭癢,,客語,4,,,51,
聽你彈鋼琴,歐得洋,國語,4848,,,,
聽你講完我了,郭金發,台語,,0,,7,
聽媽媽的話,周杰倫,國語,,,,,
聽完這一曲就釋懷 Hip-Hop 吳瑭,,華語,6641,,,,
聽愛情走過,張玉華,國語,503,,,,
聽我、細言,張用敏,國語,,669,,3,
聽我一句話,陳小雲 慢迪斯可,台語,89,,,57,
聽我唱歌,溫嵐,台語,,2,,6,
聽我唱歌,秀蘭瑪,國語,,6,,3,
聽我唱歌,高佳群,台語,,9,,8,
聽我說，親愛的,鄭東,華語,575,,,66,
聽我講情話,久登,台語,55985,,,61,
聽是誰在唱歌,劉若英.黃韻玲,國語,3997,,,,
聽歌,詹雅雯詹雅云,台語,,695,,5; 5; 8,
聽歌的人,陳小霞,台語,,955,,6,
聽歌言故事,王定傑,台語,,490,,7,
聽老婆的話,美敏,國語,,461,,1,
聽花,,華語,66,,,,
聽著情歌流眼淚,,華語,42,,,,
聽袁惟仁彈吉他,S.H.E,國語,5,,,89,
聽見,孫燕姿,國語,3870,,,,
聽見,系燕姿,國語,,500,,2,
聽見了喝,張惠妹,國語,,8,,3,
聽見了瑪,盧廣仲,國語,,7,,3,
聽見有人叫珎,貝陳傑洲,國語,,1,,3,
聽見牛在哭,阿社,台語,,588,,7,
聽話,甲子慧,台語,55862,6,,5; 61; 61; 61,
聽話,黎姿,國語,,5,,2,
聽說愛情回來過,林憶蓮,國語,502,,,,
聽説當初你我過,賀航,國語,,3,,1,
聽雨念前塵,,華語,67,,,38,
聽雨聲,郭忠祐,台語,,595,,8,
聽雪,,華語,61,,,,
聽風吹落葉,,華語,69,,,,
聽風的秘密,,華語,6981,,,,
肉餅飯糰,藍心湄,國語,598,3,,; ; ; 2,
肉麻情歌,劉德華,國語,70,,,,
肖像襯衣,麥偉林,國語,,0,,2,
肖失,范曉萱,國語,,4,,2,
肖查某,小龍女,台語,,5,,5,
肥死,鄭進一&安迪,台語,,1,,5,
肩上蜻蜓,霍建華,國語,503,,,44,
肩胛頭,,台語,64,,,,
育.不育,温鐵竹堂,國語,,7,,2,
育不•邕,張峰奇,國語,,8,,2,
肷友俱樂,永溢張,台語,,543,,7,
肷聲滿天下,江蕙,台語,,8,,7,
胉踏雙船不應,,台語,,6,,7,
背包,蘇有朋,Unknown,,8,,2,
背匕叛風情,金素梅,國語,,0,,2,
背叛,張信哲,Unknown,,9,,2,
背叛,曹格,Unknown,,567,,2,
背叛,鄭秀文,Unknown,,7,,2,
背叛,鄭秀文,國語,566,,,42,
背叛情歌,動力火,國語,,459,,2,
背彡,謝金燕,台語,,590,,8,
背影,,華語,67,,,,
背影,K ONE,國語,5,,,45,
背影,楊黎蘇,Unknown,,5,,2,
背影,王建傑,台語,76,,,69,
背影,詹曼鈴,台語,559,,,61,
背影,龍千玉,台語,,4,,8,
背影王,建傑,台語,,765,,5,
背影詹,曼玲,台語,,1,,5,
背後,詹曼鈴/沈建豪,台語,55961,,,61,
背後沈詹,建豪曼鈐,台語,,966,,5,
背心,陳明真,Unknown,,7,,2,
背面,江妤淩,Unknown,,389,,2,
胎踏兩隻船',王冰洋,國語,,683,,3,
胡同裡有隻貓,溫嵐,國語,500,,,,
胡桃夾子,張碧晨,Unknown,,3,,1,
胡畔之宿,西卿,台語,,466,,6,
胡畔之戀,,台語,,4,,6,
胡蝆花開,文筱芮,國語,,68399,,3,
胡蝶弄花,秀蘭瑪,國語,,438,,3,
胡邊戀情,,台語,,4,,6,
胡飛呀,小虎隊,國語,,765,,3,
胡鬧,:吳克群,Unknown,,578,,2,
胭脂人生,黃乙玲,台語,,4,,6,
胭脂呠,張容容,台語,,595,,8,
胭脂夢,吳淑敏,台語,554,561,,83; 83; 83; 5,
胭脂淚,,台語,,565,,5,
胭脂淚,袁小迪龍千玉,台語,,57979,,5,
胭脂紅塵,唐楊仲阝,台語,,491,,6,
胭脂紅塵,唐飛,台語,563,,,63,
胭脂花,蔡秋鳳,台語,8558,6,,72; 72; 72; 5,
胭脂醉,方順吉,台語,,6,,5,
胼圖,郷忖二人組,國語,,0,,2,
能不能,鐵竹堂/溫嵐,國語,,,,,
能不能勇敢說愛,張韶涵,國語,5,,,91,
能否再愛,王強,Unknown,,846,,1,
能否再愛,王強,華語,,,,60,
能怎樣,雅妮,華語,57545,,,67,
脆弱,張震嶽,國語,,874,,2,
脆弱,鄭秀文,國語,,1,,2,
脚步聲,林俊吉,台語,,1,,5,
脫台換骨,譚詠麟五天,國語,,4,,9,
脫掉,杜德偉,國語,,0,,2,
脫身,,華語,67,,,,
脫軌,方文琳,國語,,391,,2,
脫軌演出,王美蓮,國語,,,,,
脫離軌道,吳宗憲,國語,47,,,,
腦海有浪,溫嵐,國語,,48463,,3,
腳印,王識賢,台語,55757,48877,,5; 61; 61; 61,
腳步,,客語,3,,,51,
腳步,孫浩雨,國語,,7,,9,
腳踏實地,江蕙,台語,,9,,6,
腳踏車,王識賢,台語,,456,,5,
膽小的翻車魚,,華語,,,,,
膽小鬼,,華語,6939,,,,
膽小鬼,梁詠琪,國語,,9,,2,
臉咋這麼厚,,國語,,,,,
臉頰貼緊月球,雷光夏,國語,,573,,3,
臧亠,陳子賢,台語,,976,,5,
臨時演貝,余天龍,台語,,44468,,6,
自二人的舞會,洪一峰,台語,,584,,7,
自作多情,東穸傳,國語,,7,,2,
自作多情,江蕙,台語,81,6,,48; 48; 48; 6,
自作多情,葉璦菱,台語,,952,,6,
自作多情,謝金燕,台語,69,0,,; ; ; 6,
自作自受,潘美辰,國語,580,3,,79; 79; 79; 2,
自你走後,葉佳修,國語,,659,,2,
自君別後,陳思思,國語,,2,,2,
自告奮勇,林子良,國語,593,,,78,
自在,林美,台語,556,,,83,
自在江湖笑周,厚光,台語,,7,,6,
自在隨緣,,台語,93,,,,
自始無終,,華語,63,,,,
自娛自樂,,華語,64,,,,
自導自演,周杰倫,國語,,458,,2,
自己,李玟,國語,,3,,2,
自己餵狗,何欣穗,國語,,3,,2,
自己騙自己,,華語,68,,,,
自從,佳上慧,國語,,6,,2,
自從愛到你,方琪,台語,,494,,6,
自從有了你,趙薇,國語,,2,,3,
自從遇見你,呂雯,國語,,452,,3,
自從離別後,趙薇,國語,4959,8,,; ; ; 3,
自戀,沈芳如,台語,565,,,67,
自我催眠,羅志祥,國語,585,,,68,
自抛要幸福,呉申梅,台語,,596,,8,
自救,,華語,67,,,; ; ; ,
自欺欺人,任潔玲,國語,,3,,2,
自欺欺人,劉依純,國語,,540,,2,
自然Ø顏,梁文音,國語,,484,,1,
自然反應,許慧欣,國語,,9,,2,
自然就是美,陳雷,台語,,1,,6,
自然而然,YIYO,國語,59,,,39,
自然醒,林宥嘉,國語,,574,,2,
自然風,陳雷,台語,82,660,,65; 65; 65; 5,
自由,堂娜,國語,71,,,,
自由,張震嶽,國語,,56552,,2,
自由,李心潔,國語,,939,,2,
自由,林曉培,國語,,3,,2,
自由,黃思婷,國語,,546,,2,
自由女神哭泣了,陳淑樺,國語,,580,,3,
自由尚介好,高向鵬,台語,,56888,,6,
自由時代,洪一峰,台語,,44685,,6,
自由歌,張雨生,國語,,3,,2,
自由的歌,詹雅雯,台語,6898,5,,; ; ; 6,
自由的美麗,恰恰,台語,,,,61,
自由翱翔,,華語,,,,,
自由自在,,台語,,,,00,
自由自在,大信之星,台語,63,,,,
自由自在,大信合,台語,,0,,6,
自由自在,翁立友,台語,,56439,,6,
自由自在,謝金燕,台語,,658,,6,
自由自在,閃亮三,台語,,0,,6,
自由自在,閃亮三姊妹,台語,55981,,,61,
自由飛,袁小迪,台語,,6,,5,
自由飛翔,,台語,,,,95,
自的世界,沈振益章玉罖,台語,,549,,6,
自的天,李明洋楊靜,台語,,3,,5,
自的心願,文夏,台語,,592,,6,
自的故鄉,鄭進一,台語,,573,,6,
自的約定,陳謝明輝,台語,,7,,6,
自的骨氣,余俊,台語,,5,,6,
自私的鬼,,華語,6668,,,,
自罰三杯,第57次取消發送,華語,64,,,,
自自己己的的電電影彡,成周,國語,,56763,,3,
自自行一車之之戀,陳小雲,國語,,483,,3,
自言自語,,華語,64,,,,
自言自語,范曉萱,國語,,4,,2,
自證清白,,華語,6669,,,,
自責,康康,國語,,7,,2,
自首,李翊君,國語,551,,,95,
臭男人,黃義達 洛克,國語,,,,,
臭男人,黄義達,國語,,6,,2,
臭花欉,吳晉准,台語,,957,,5,
至少愛過你,,華語,6764,,,,
至少我深愛過一次,,國語,,3,,3,
至少選有你,林憶蓮,國語,,3,,3,
至少還有你愛,龍嗨子,Unknown,,59758,,1,
至少還有我,鄭伊健,國語,555,3,,41; 41; 41; 3,
至少還有我在丷,林子祥,國語,,3,,3,
至深的愛,曾明煌,台語,9,,,64,
至深的愛,楊順吉,台語,,547,,6,
至理名言,鄭秀文,國語,,0,,2,
致命情毒,,華語,6686,,,,
致我愛的女孩,,華語,69,,,,
致最愛的人,,華語,67,,,,
致紅拂書,,華語,67,,,38,
致自己（潮語）,,台語,,,,96,
致青春,八三夭,國語,,596,,1,
臺中市五線譜歌唱協會會歌,劉惠芬 吉力巴,國語,553,,,71,
與世隔絶王,祖賢,國語,,3,,3,
與你到永久,伍佰,國語,,3,,3,
與寂寞無關,王品,國語,,495,,3,
與你有關,,Unknown,,696,,1,
與幸福有關,胡揚林,國語,,49873,,3,
與你同飛宇,恫非,國語,,450,,3,
與愁,伍思凱,國語,,842,,2,
與愛共有,張星唯,國語,,463,,9,
與愛無關的情,黃宗緯,國語,575,,,64,
與我我共舞蔣,修容,國語,,9,,3,
與我無關,,華語,95,,,,
與我無關,莊心妍,國語,,8,,9,
與時間對峙,,華語,6566,,,,
舉枷,,台語,86,,,,
舉枷,紹大倫,台語,,46785,,8,
舉枷,邵大倫,台語,,983,,8,
舉棋不定,李驥張,國語,,5,,3,
舉起來,MACHI,國語,,684,,2,
舊,,華語,6498,,,,
"舊,清罙罙",阿吉仔,台語,,457,,6,
舊人難忘,荒山亮,台語,,0,,6,
舊傷新痕,沈建豪,台語,55887,674,,61; 61; 6; 61,
舊傷痕,楊宗憲,台語,60,0,,; ; ; 5,
舊喙難了,麥珒婷,國語,,393,,3,
舊夂,柯以敏,國語,,390,,2,
舊夢何處尋,陳淑樺,國語,,7,,3,
舊夢難拾回,,國語,,1,,3,
舊式的新娘,葉啟田/雷絲絲 特魯多,台語,7387,,,,
舊忙,羅百吉,國語,,685,,2,
舊忙也糹糹,江蕙,台語,,9,,7,
舊忙難捨,大哲,國語,,9,,9,
舊情,方瑞娥,台語,,56444,,5,
舊情,龍千玉,台語,,3,,5,
舊情也綿綿,沈文程,台語,,2,,7,
舊情也綿綿,王建傑,台語,,479,,7,
舊情也難忘,邵大倫乖文綺,台語,,96485,,7,
舊情人,櫻花姊,台語,,2,,5,
舊情人,王瑞霞,台語,,892,,5,
舊情人,田溫天慧,台語,,2,,8,
舊情人,蘇又鎔文山,台語,,442,,5,
舊情夢,詹曼鈴,台語,4,,,61,
舊情夢,邱芸子,台語,,43838,,8,
舊情如火,黎沸揮,國語,,388,,3,
舊情批 議會新時代-蕭詠萱,,台語,,,,56,
舊情新愁,陳盈潔,台語,,4,,6,
舊情新愛,蔡麗津/廖偉志,台語,568,,,61,
舊情新愛,蔡麗津章志,台語,,94872,,6,
舊情永難忘,,台語,,,,48,
舊情深深,阿吉仔,台語,66,,,,
舊情甭提起,詹雅雯,台語,,56389,,7,
舊情綿綿,洪一峰日,台語,,98660,,8,
舊情綿綿,洪榮宏,台語,,9,,6,
舊情綿綿再相,張瀛仁李明洋,台語,,45445,,7,
舊情綿綿再相久,李明洋,台語,,8,,8,
舊情綿綿再相逢,,華語,,,,,
舊情難了斷,王建傑,台語,562,838,,61; 61; 61; 7,
舊情難忘,,客語,0,,,51,
舊情難忘 華爾滋 ◆ 張瀛仁 ◆ 黃崇凱,,國語,,,,,
舊情難斷,田帥,台語,,3,,8,
舊愛新歡,方瑞娥,台語,,5,,6,
舊批信,林久登/黃妃,台語,563,,,62,
舊批信,林久登黃妃,台語,,574,,5,
舊時光,,台語,,,,41,
舊暦十五,詹雅雯4,台語,,9,,8,
舊棉絮被,阿吉仔,台語,,0,,6,
舊相片,秀蘭瑪,台語,,3,,5,
舊相片,蔡小虎,台語,,8,,5,
舊竹篙,,台語,,,,,
舊衫,,台語,,,,,
舊被單,甲子慧,台語,56989,3,,69; 69; 69; 8; 8,
舊詩籤,林良歡,台語,,43954,,8,
舊賬,,華語,63,,,,
舊賬（DJR7版）,,華語,68,,,,
舊鞋,王識賢孫淑媚,台語,,451,,5,
舊韱詩,林良歡,台語,,97992,,8,
舌是為著你,李明洋ネ海君,台語,,566,,6,
舍房風雲,陳明仁,台語,,644,,6,
舑,李宇春,國語,,1,,2,
舒適啝,阿李素車,台語,,59469,,8,
舒適啦,,台語,,,,48,
舜伴不是你,龍千玉,台語,,43975,,8,
舜女中的舞女,,台語,,6,,7,
舜魅,",王思佳",國語,,463,,9,
舞,歐陽菲菲,國語,,9,,2,
舞伴,袁小迪,台語,64,,,,
舞伴嘛是有知,卓依婷,台語,,1,,7,
舞伴情歌 Twist 劉鳳枝,,台語,,,,47,
舞台,余天,台語,,7,,5,
舞台ㄟ人生,何華,台語,981,,,63,
舞台人生,鄧妙華,台語,,94758,,6,
舞台心,白人豪,台語,6,,,65,
舞台頂的人生 Swing 蘇芊蓉,,客語,57,,,55,
舞女情深,劉俐婷,台語,,4,,6,
舞女的夢,陳小雲,台語,,2,,6,
舞孃,蔡依林,國語,47,,,,
舞廳,楊樺,國語,,476,,2,
舞影歌聲,七阿,台語,,58483,,6,
舞影歌聲,阿茹/七郎,台語,567,,,62,
舞會女孩,羅百吉,國語,594,,,69,
舞月光,伍思凱,國語,5,,,50,
舞棍阿伯,葉復台,國語,,741,,3,
舞池,白冰冰,台語,,8,,5,
舞池西施,林好蓁,台語,,840,,8,
舞池西施,林妤蓁 吉力巴,台語,965,,,63,
舟川愛情故事,厲娜,國語,,682,,3,
船,七郎,台語,85,,,59,
船上兄哥,葉敕田,台語,,9,,6,
船上月夜,呉晉涖,台語,,645,,6,
船上的小姐,文夏,台語,,2,,6,
船上的男兒,洪一,台語,,4,,6,
船上的男兒文,夏,台語,,496,,6,
船伕歌,,客語,5,,,51,
船去情也斷,,台語,,8,,6,
船歌,凌峰,國語,,0,,2,
船歌,齊豫,國語,,741,,2,
船隻海岸,阿吉仔,台語,6694,,,,
船頂的歐里桑,張勝南,台語,,061,,7,
船頂的歐里桑,梭,台語,55446,,,96,
船頭可愛,郭金發,台語,,8,,6,
舻者,李偉賓,國語,,683,,2,
艋舺,蔡麗芬 慢迪斯可,台語,,,,60,
艮久沒哭了,符瓊音,國語,,575,,3,
艮你不回頭,余天,國語,,1,,3,
艮心楊,哲,台語,,1,,5,
艮恨很愛你,山野,國語,,683,,3,
艮情歌,彭莉,台語,,561,,5,
艮愛很愛你,劉若英,國語,,8,,3,
艮狠哭,郭采潔,國語,,568,,2,
艮著我一輩子,社徳偉,國語,,7,,3,
艮角色,張惠妹,國語,,551,,2,
艮酒歌,阿吉仔,台語,,46854,,8,
良,姜育恆,國語,,3,,2,
良人,,華語,57,,,,
良心,陳盈潔,台語,550,,,96,
良心發現,韓寶儀,台語,,640,,6,
良月星辰又一,劉家昌,國語,,2,,9,
良程,蔡依林,國語,,8,,2,
良莅,張信哲,國語,,661,,2,
良費,林宥嘉,國語,,967,,2,
良辰難寐,,華語,67,,,38,
良途夜風,,台語,,7,,6,
艱苦無人知,沈文程,台語,,59774,,8,
色誡,王菲,國語,,3,,2,
艷涼曲,荒山亮,台語,,1,,5,
艹一優先,蔡依林,國語,,5,,2,
艹亻匕,五月天,國語,,8,,2,
艾琳娜,動力火,國語,,57883,,2,
艾莉,張艾莉葉凡,台語,,46755,,8,
芈頭,柯有倫,台語,,575,,5,
芋仔蕃薯,謝謝小雄,台語,,489,,6,
芋頭蕃薯,砰砰樂,台語,,7,,6,
芒果乚,喬幼,台語,,3,,8,
花,康雅嵐,國語,,9,,2,
花中謎,蔡佳榮阿掵,台語,,0,,5,
花兒在微笑,鄧麗君,國語,,862,,9,
花兒愛上忘憂草,王強,國語,,887,,9,
花兒為什麼有煩惱,鳳飛飛,國語,,7,,1,
花兒為什麼這樣紅,謝雷,國語,,569,,3,
花刹刹,鄭進一,台語,,8,,5,
花啊花,黃乙玲,台語,558,,,61,
花園,梁靜茹,國語,4941,,,,
花太香,任賢齊,國語,,671,,2,
花容情,江蕙,台語,,4,,5,
花戀,高向鵬鄭琇h,台語,,44481,,5,
花房,,華語,6569,,,,
花房姑娘,林志炫,國語,,8,,2,
花期,,台語,,,,,
花枝招展,,台語,,,,00,
花枝招展,沈丹丹,國語,,4,,2,
花樣年華,陳琳,國語,,766,,2,
花水人亠眷,黄妍莠,台語,,540,,6,
花海,周杰倫,國語,,56487,,2,
花淚,邱芸子,台語,,4,,5,
花火,汪峰,國語,,463,,9,
花火,深白色二人組,國語,,572,,2,
花火,阿信丁,國語,,569,,2,
花為誰紅,王亞君,台語,560,,,00,
花無百日紅,張秀玲,台語,,558,,6,
花瓣雨,張爽,國語,,49960,,2,
花瓣雨,童安格,國語,,6,,2,
花瓶,曹雪,國語,,688,,2,
花瓶,陳旭,國語,,687,,2,
花瓶,陳旭,華語,577,,,61,
花田錯,楊燕,國語,,574,,2,
花田錯,王力宏,國語,,681,,2,
花當香,,台語,40,,,54,
花的嫁紗,王心凌,國語,5,0,,45; 45; 45; 2,
花祭,張清芳,國語,,987,,2,
花祭,齊秦,國語,,3,,2,
花秋月,黄乙玲、君,台語,,566,,6,
花與馬（抒情版）,,華語,60,,,,
花花公子 PLAY BOY,羅百吉,國語,5,,,60,
花落土時,蔡秋鳳,台語,66,,,,
花落塵埃(DJ阿卓版) House 宋熙銘,,華語,6862,,,,
花落誰家,,國語,,987,,2,
花落雨紛飛,,華語,,,,,
花蓮讚,鄭寬助 特魯多,台語,0,,,68,
花蕊,楊哲,台語,,46997,,8,
花蕊也堅強,孫桂香,台語,3,,,68,
花蕊也悲傷,洪文斌/黃小菁,台語,555,,,,
花蕊也悲傷,洪文斌昔小菁,台語,,8,,6,
花蕊夢醒 探戈 歌曲 周素美.寒雲 ◆,,台語,61,,,,
花蕊情,成威/麗君,台語,67,,,,
花蕊惦惦仔水,朱冠華 特魯多,台語,,,,60,
花蕊戀情,余天 特魯多,台語,89,,,49,
花蕊我尚水 沈梅子 ◆,,華語,,,,93,
花蕊望眷風,唐飛,台語,,497,,6,
花蝴蝶,游鴻明,國語,48,57565,,; ; ; 2,
花蝴蝶,蔡依林,國語,,56800,,2,
花蝶之戀,我很遠,台語,88,,,,
花言巧語,Sweety,國語,45,,,,
花言巧語,林靖恩,台語,0,,,65,
花言巧語,黄鷽鶯,國語,,3,,2,
花言巧語五四三,劉依純 吉力巴,台語,552,,,94,
花言甲巧語 特魯多 ◆ 詹曼鈴,,台語,,,,,
花謝的暗暝,周育嬋,台語,,5,,6,
花謝的暗暝,蔡麗津,台語,6544,,,,
花轎,陳莉,客語,454,,,00,
花都開好了,S.H.E,國語,3882,,,,
花醒了,秀蘭瑪,國語,,48488,,2,
花開不回來 梭 於昊洋,,華語,6961,,,38,
花開人間,李素專,台語,565,44739,,61; 61; 6; 61,
花開何時,蔡佳瑩,台語,,46870,,8,
花開再會,辦祟阿亻劉依,台語,,57644,,6,
花開富貴,陳雲唐/李秀玉,台語,0,,,66,
花開月圓,王又萱,台語,2,,,65,
花開的聲音,張靚穎,國語,,0,,9,
花開等花謝,莊心妍,台語,,9,,8,
花開繁華,鳳凰傳,Unknown,,747,,1,
花開花謝,,台語,,769,,6,
花開花謝,詹曼鈴,台語,55940,,,61,
花開花謝,謝莉嬶,台語,,497,,6,
花開花謝,黄乙玲,台語,,5,,6,
花開這當時,,華語,61,,,,
花開遇知音,江音,國語,,743,,3,
花間道,王又萱,國語,2,,,66,
花離枝,秀蘭瑪,台語,,475,,5,
花飄流,石元彬,台語,,490,,5,
花香,,客語,,,,38,
花香,江蕙,台語,553,752,,80; 80; 80; 5,
花香,許紹洋,國語,57,690,,; ; ; 2,
花香,龍千玉,台語,,591,,5,
芹一,林志穎,國語,,3,,2,
芹新卒的的望望甄,甄秀珍,國語,,753,,3,
芼升指,,國語,,981,,2,
芼聽話,孫淑媚,台語,,77546,,8,
苑裡情歌,施文彬安苡晟,台語,,46570,,8,
苔上牡丹,,華語,6575,,,39,
苔痕,謝雷,Unknown,,876,,2,
苗栗中小企業頌,,客語,,,,46,
苗栗山水好風光,,客語,96,,,,
苗栗願景-前程似錦,,客語,98,,,,
苟且在眼前,明天的錢買不了昨 抒情搖滾 也可.王忻辰 徐劍秋,華語,66,,,,
若,,台語,,,,97,
若不是因烹你,周華健,國語,,3,,3,
若不是太愛你,周韋杰,台語,,886,,7,
若不是你,江蕙,台語,,750,,6,
若不是你,黄思婷,台語,,684,,6,
若你像月光,天過期的賬,華語,67,,,,
若你碰到他,蔡健雅,國語,,4,,3,
若命,,華語,63,,,,
若問,張秀卿,台語,,595,,8,
若在眠夢,王建傑,台語,,455,,6,
若你真的有相,台安,國語,,449,,3,
若得到你干若得到全世界,揚哲 特魯多,台語,553,,,87,
若得到你干若得到全,界揚哲,台語,,470,,7,
若想著伊,陳莉,台語,556,,,61,
若是ㄟ凍娶到,沈建豪,台語,,5,,7,
若是ㄟ凍娶到妳,沈建豪,台語,56681,,,61,
若是你不愛我,劉佳軒,台語,82,,,60,
若是情長,,台語,77,,,,
若是春風已吹過,,華語,66,,,,
若是有喙,尃振輝千玉,台語,,664,,6,
若是無伊,林娜,台語,1,,,66,
若有一天,,華語,,,,,
若有來生,林沐華,台語,,955,,6,
若有可能,蔡小虎,台語,67,2,,; ; ; 6,
若有我就有你,陳財嘉/蘇玉珍,台語,655,,,,
若有我就有你,陳財嘉蘇玉珍,台語,,544,,7,
若有歲月可回首,,華語,6567,,,38,
若沒愛你要愛誰,黃妃,台語,63,,,,
若無你是要按,黃淑惠,台語,,546,,7,
若無你來作伴,,台語,,687,,7,
若疋有一天,楊哲,台語,,59590,,8,
若紅塵沒有了你小,王建榮,國語,,847,,9,
若遇見他,,台語,54,,,00,
"苦,心王",中平,台語,,57546,,5,
苦了珎,邵正宵,國語,,5,,2,
苦傷悲,楊麗花,台語,,985,,8,
苦命的有情人 特魯多 趙默 ◆,,華語,42,,,99,
苦心,王中平,台語,560,,,61,
苦心,陳雷,台語,,46590,,8,
苦情海,王江發,台語,,94848,,5,
苦情的咖啡,士文,台語,,3,,6,
苦情花,白冰冰,台語,,2,,5,
苦情花,黃秀美,台語,,547,,5,
苦惱的感情,陳茂豐,台語,565,457,,61; 61; 6; 61,
苦戀,陳美鳳,台語,,682,,5,
苦戀,陳茂豐,台語,559,941,,5; 61; 61; 61,
苦戀夢,陳小雲,台語,,5,,5,
苦戀情,,台語,00,,,51,
苦戀歌,蔡琴方瑞,台語,,2,,5,
苦戀歹,李凱昇,台語,,492,,5,
苦戀海,,台語,,,,97,
苦戀的滋味,江蕙,台語,,3,,6,
苦戀的男性,洪一峰,台語,,4,,6,
苦戀路,陳雷,台語,566,046,,5; 61; 61; 61,
苦探戈,洪百慧,台語,,8,,5,
苦旦,白冰冰,台語,67,,,,
苦旦陳,思安,台語,,959,,5,
苦是無塊換,孫淑媚,台語,,0,,6,
苦果,,台語,60,,,,
苦海,王瑞霞,台語,,493,,5,
苦海女神龍,李翊君,台語,,680,,6,
苦海有情人,伍浩哲,台語,,442,,6,
苦澀的咖啡,林在福,台語,,543,,6,
苦澀黑咖啡,張蓉蓉,台語,,592,,8,
苦的探戈,洪百慧,台語,,7,,8,
苦盡甘來,陳秋滿,台語,,543,,6,
苦盡甘著來,,台語,90,,,,
苦苦的酒,呉淑敏,台語,,9,,6,
苦衷,七郎,台語,55572,,,61,
苦衷,詹曼鈴/沈建豪,台語,3,,,61,
苦酒,七郎,台語,6473,,,,
苦酒,劉佳軒,台語,83,56382,,64; 64; 64; 5,
苦酒,金門王,台語,,7,,5,
苦酒怎樣飮,揚靜,台語,,7,,6,
苦酒戀歌,施文彬,台語,559,,,93,
苦酒浴喉,謝金燕,台語,,9,,6,
苦酒滿林,謝雷,國語,,4,,2,
苦酒甲治吞,艾莉,台語,,490,,8,
苦酒的探戈,江蕙,台語,,1,,6,
苦酒神仙,謝雷,台語,56577,741,,65; 65; 6; 65,
英雄,丁于,Unknown,,684,,2,
英雄,蕭承祥,台語,,1,,8,
英雄,蕭承祥 特魯多,台語,946,,,63,
英雄,謝雷,台語,56670,44459,,5; 67; 67; 67,
英雄,風采輪山,台語,,44692,,5,
英雄,黃西田,台語,,3,,5,
英雄不驚出身,陳思安,台語,,5,,7,
英雄不驚出身低,陳思安,台語,86,,,48,
英雄夢,林俊彥,台語,65,,,,
英雄夢,袁小迪,台語,,591,,8,
英雄夢,高向鵬啊辰,台語,,688,,5,
英雄好漢,余天龍陣四皆,台語,,958,,6,
英雄好漢,尃振輝,台語,,443,,6,
英雄好漢,羅時豐,台語,,447,,6,
英雄好漢,類型 特魯多 ◆ 沈建豪 ◆ 趙鑫,華語,,,,98,
英雄心,袁小迪,台語,,766,,5,
英雄本無淚,余天,國語,562,,,50,
英雄涙,王傑,國語,,4,,2,
英雄淚,王中平,台語,,8,,8,
英雄淚,王中平 搖滾,台語,56877,,,65,
英雄無傷,曾瑋中,台語,,638,,8,
英雄無名,荒山亮,台語,,4,,6,
英雄的代價,荒山亮,台語,,441,,6,
英雄膽,石喬,台語,,951,,8,
英雄贊歌,劉熾,國語,,982,,2,
英雄路,荒山亮,台語,,48855,,5,
英雄造時勢,唐飛,台語,,473,,6,
英雄配美人,鄧詠家謝雷,台語,,457,,8,
英雄難過美人,羅時豐林孟坤,台語,,451,,7,
英雄魂,,台語,44,,,,
英烈千秋,,客語,4,,,51,
苶山姑娘,江劉韻,國語,,9,,2,
苶山情歌,,國語,,384,,2,
茉一莉花的日子,曽淑勤,國語,,4,,3,
茉莉花,,台語,68,,,,
茉莉花,梁靜茹,國語,,,,,
茜裡也墟,楊林,國語,,8,,3,
茫然,陳珊妮,國語,,9,,2,
茫茫世間情,王瑞霞,台語,,677,,6,
茫茫人海,方怡萍 慢迪斯可,台語,55547,,,,
茫茫人生路,,台語,,1,,6,
茫茫到深更,羅時豐,台語,,0,,6,
茫茫十字路,郭大誠,台語,,0,,6,
茫茫在想你,林姍,台語,,7,,6,
茫茫夢都市,張蓉蓉,台語,,0,,6,
茫茫的世界,龍千玉,台語,,9,,6,
茫茫的情路,楊樺,台語,,494,,6,
茫茫純情夢,郭健一,台語,,6,,6,
茫茫過一生,詹曼鈴,台語,,751,,6,
茫茫阮的心,于台煙,台語,6481,,,,
茫茫隨風飄,林娜,台語,2,,,67,
茫霧的愛,林玉英 吉力巴,台語,79,,,57,
茫霧罩太陽,龍千玉,台語,,6,,6,
茱麗葉與祝英台,NS,國語,,391,,3,
茶山姑娘,楊小萍,國語,59,,,,
茶山的仙女,張維祐,台語,55641,,,61,
茶涼換酒 House 高桐,,華語,61,,,,
茶緣情歌,楚紅秋/蘇富權,華語,572,,,68,
茶酒戀,,台語,,,,,
草、地老阿伯,葉啟田,台語,,5,,6,
草原上昇起,美麗其,國語,,980,,3,
草原都是愛的歌,,台語,,,,,
草地人,,台語,,0,,5,
草地人,素蘭,台語,,5,,5,
草地人,羅冠中,台語,69,,,,
草屯媽之歌,,華語,,,,,
草戒指,神木與,國語,,488,,2,
草笠仔傾傾,,台語,,752,,6,
草莓情長,,客語,8,,,51,
草藤掛銅鈴,黃西田,台語,,581,,6,
荊棘,,華語,64,,,,
荊棘地,大豪,國語,,2,,2,
荊棘與玫瑰,,台語,66,,,,
荊棘裡的花,F.I.R,國語,,575,,3,
荊軻,,台語,,,,99,
荒唐,辛曉琪,國語,3879,9,,; ; ; 2,
荟山屵歌鄧,麗君&,國語,,5,,2,
荷塘夜色,,台語,85,,,47,
荷塘月色,,華語,82,,,,
荼葉青,鄧麗君,國語,,9,,2,
荼酒戀,邱芸子李洋,台語,,46957,,8,
莅蓮情,士文,台語,,2,,5,
莅蕊情,成威,台語,,764,,5,
莅言巧語,林靖恩,台語,,96590,,6,
莅開月圓,王又萱,台語,,548,,6,
莉小姑娘蔡,小虎,台語,,798,,7,
莊聊,呉淑敏,台語,,564,,5,
莊腳囝仔的志氣 特魯多 利用人如欲使用本產品於「公開場所」使用，請逕洽集管團體或,,台語,,,,47,
莎優娜啦,羅百吉,國語,5,,,69,
莎啦啦,蔣雪璇小峰峰,國語,,8,,1,
莎喲哪啝恰恰,白冰冰,台語,,8,,7,
莎喲娜啝,江蕙,台語,,576,,6,
莎喲娜啦,伍佰,台語,,966,,6,
莎喲娜啦-恰恰,白冰冰,台語,6944,,,,
莎喲娜啦再會啦,李茂山,台語,6782,,,,
莎喲娜娜,陳淑萍,台語,,6,,6,
莎喲那啦輕聲叫 陳慶池/洪雯萍 著你的名,陳慶池/洪雯萍,客語,556,,,52,
莎喲那啦輕聲叫著你的名,陳慶池/洪雯萍,台語,7,,,50,
莎士比亞的天,林俊傑,國語,,757,,3,
莎約叨啝,新桌二人姐,台語,,762,,6,
莎約娜啝輕聲叫著你,名陳慶池洪雯萍,台語,,581,,7,
莎約娜拉再一,林嬌,台語,,59393,,8,
莎約邪啝再會,小辣椒,台語,,76381,,7,
莫名奇妙,余天龍謝萂婷,台語,,440,,6,
莫嫌山歌,,客語,2,,,51,
莫待失敗徒戚,陳芬蘭,國語,,393,,3,
莫忘今宵,甄妮,國語,,8,,2,
莫斯科沒有眼淚,Twins,國語,541,,,47,
莫斯科的雪,,華語,6881,,,,
莫讓年華付水,山呂,國語,,455,,3,
莫讓我獨醉,謝秀薇,國語,398,,,69,
莫逞強,,客語,6,,,51,
莫逞英雄,,客語,8,,,51,
菊花台,周杰倫,國語,5,,,,
菊花情,王秋菊 特魯多,台語,2,,,65,
菊花辟的時,陳明章,台語,,6,,6,
菜籽命,詹曼鈴,台語,6642,,,00,
菜鳥仔,唐飛,台語,,49454,,5,
菜鳥仔,唐飛 吉力巴,台語,563,,,63,
菠蘿菠蘿亡,李漢昭,國語,,76766,,3,
菩提偈,劉惜君,國語,,654,,1,
菩薩的孩子,方又亭/楊秉橙,台語,569,,,68,
菩薩的目屎,楊欣樺,台語,569,,,68,
華它,江志豐,台語,,44666,,5,
華少,陳黎明,國語,,49778,,2,
華爾滋,孫淑媚,台語,,7,,5,
華爾滋,孫淑媚 快華爾滋,台語,568,,,64,
華西街的一蕊花蕭,福德,台語,,9,,7,
華麗冒險,閃亮三,國語,,469,,2,
華麗冒險,閃亮三姐妹,國語,580,,,67,
菲丶近一點,游鴻明,國語,,6,,3,
菲你更近,剛澤斌,國語,,0,,3,
菲岸,陳百潭,台語,,2,,5,
菲你活落去,蔡小虎,台語,,8,,7,
菲站不停,芭比,國語,,484,,3,
菸煙夢,方怡萍,台語,55542,,,,
菽寞的剌峭,波拉,國語,,9,,3,
萍水相逢,,國語,,3,,2,
萍水相逢,林慧萍,國語,,783,,2,
萍水相逢,林美惠,台語,,7,,6,
"萍聚,",李翊君,國語,,8,,2,
萬丈深坑,,華語,,,,,
萬世情,陳茂豐,台語,564,96550,,5; 61; 61; 61,
萬事0K,豬哥亮,台語,,442,,5,
萬人迷,何嘉文,國語,,62,,2,
萬人迷,李聖傑,國語,553,,,61,
萬古哭城,阿輪,台語,,4,,6,
萬家燈火',周雅芳,國語,,4,,3,
萬底深溪,林美惠,台語,,672,,6,
萬愛千恩,,華語,6395,,,,
萬朵玫瑰送給你,甜美真/冰冰火,華語,575,,,68,
萬条攻瑰送給你,甜美真礻火,國語,,3,,1,
萬歲,,華語,66,,,,
萬物可期,,華語,6455,,,,
萬花瞳,一依林,國語,,5,,2,
萬象更新,李晨,國語,,869,,9,
萬里鋒芒,劉昱賢,台語,,992,,8,
萱不住的癡,許秋怡&對唱,國語,,842,,3,
落、葉聲∕,羅文聰,台語,,56970,,5,
落了空,,華語,6800,,,,
落單的戀人,,台語,48,,,,
落單的戀人,莊心妍,國語,,9,,9,
落大雨彼日,鄭日済,台語,,4,,6,
落寞忙人街,林隆璇,國語,,4,,3,
落山風,江蕙,台語,,4,,5,
落日之前帶你去 張齊山 DanieL 海邊,,華語,6485,,,,
落日劫,,華語,63,,,,
落日時分,崔苔菁,國語,5,,,67,
落日與晚風,,華語,63,,,,
落涙的虚、子,鄭智化,國語,,647,,3,
落漆,七郎,台語,,445,,5,
落秋,,華語,66,,,,
落翅仔歌,葉啟田,台語,,6,,6,
落花亻的夜,黎亞,國語,,499,,3,
落花流水,堂娜,國語,,844,,3,
落花淚,,華語,66,,,,
落花淚影,紀露霞,台語,,5,,6,
落花的窗台,唐磊,國語,,574,,3,
落花等不到春風憐惜 House 張齊山 DanieL,,華語,66,,,,
落葉,于台煙,台語,560,,,61,
落葉、,于台煙,台語,,1,,5,
落葉、,唐儷,台語,,443,,5,
落葉、,張秀卿,台語,,587,,5,
落葉、,董育君,台語,,052,,5,
落葉、一命,王瑞霞,台語,,0,,5,
落葉丶的煩惱,甄蝿,國語,,8,,3,
落葉命,王瑞霞,台語,66,,,,
落葉情,龍千玉,台語,,662,,5,
落葉歸根,七郎,台語,6477,,,,
落葉歸根,王力宏,國語,545,568,,80; 80; 80; 3,
落葉殘花夢,林郁芳,台語,,7,,6,
落葉秊節,劉家昌,國語,,8,,3,
落袂煞,,台語,01,,,51,
落跑,王碧蓮,台語,5,,,66,
落雨天,櫻花姊,台語,,978,,8,
落雨天,黄乙玲,台語,,6,,5,
落雨天,龍千玉,台語,,9,,5,
落雨暝,于台煙,台語,562,764,,5; 68; 68; 68,
落雨暝,余天,台語,6793,,,,
落雨暝,余夭,台語,,3,,5,
落雨暝,謝金燕,台語,,083,,5,
落雨暝,錢澄,台語,56394,2,,5; 65; 65; 65,
落雨暝的怨嘆,江玲,國語,,3,,3,
落雨毛仔,,客語,,,,,
落雨的冬天 華爾滋 歌曲 ◆ 鄭志宏.蔣新蘭,,台語,42,,,38,
落雨的車站,詹雅雯,台語,,560,,6,
落雨答滴,,台語,,,,,
落雨聲,劉依純/藍弘欽,台語,551,,,84,
落雪情,蔡銘澤,台語,,657,,8,
著愛想,黃西田,台語,,559,,5,
葡萄仙子,張俐敏,國語,,5,,3,
葡萄成孰古,・陳蘭麗,國語,,2,,3,
葡萄美酒夜光杯,,客語,395,,,51,
董得我心,王又萱,國語,,547,,3,
董愛的人,裘海正,國語,,8,,3,
葫蘆觀音媽,,華語,,,,,
葬心,黃鶯鶯,國語,5,,,67,
葬花,江志豐,台語,01,,,69,
葬花匕,紫薇,國語,,547,,2,
蒙朧,齊秦,國語,,383,,2,
蒲公英,,華語,66,,,; 39; 39; 39,
蒲公英的花,,華語,66,,,,
蒼天一筆,風采輪,台語,,454,,6,
蒼天了解,孫淑媚,台語,64,,,,
蒼天饒過誰,,華語,61,,,38,
蒼白,,華語,72,,,,
蒼白的記憶,余帝,國語,,1,,3,
蒼蠅女,糯米糰,台語,,8,,6,
蓋世傳說,劉昱賢,國語,,463,,9,
蓋世英雄,王中平,台語,7,,,61,
蓬線衫,羅時豐,台語,67,9,,; ; ; 5,
蓬萊之戀,秋容,台語,3,,,69,
蓮花美,一綾 特魯多,台語,6866,,,,
蓮花魚水同一位,石琇惠,台語,,868,,7,
蓺人,袁小迪,台語,,483,,5,
蓺人的生涯,,台語,,445,,7,
蓺界人生,江蕙,台語,,2,,6,
蔓延,阮筱芬,國語,,784,,2,
蔚藍海岸,,華語,66,,,,
蔡董,小虎,台語,,7,,6,
蕃薯仔命,王中平,台語,558,575,,61; 61; 6; 61,
蕩漾,許美靜,國語,,3,,2,
蕭瑟風雨,荒山亮,台語,,7,,6,
薄命的花蕊,,客語,3,,,51,
薄情狼,,台語,,8,,5,
薄情的人,,華語,,,,,
薄情郎癡情花,沈芳如,台語,,8,,8,
薄清郎,陳思安,台語,,884,,8,
薔微,蕭亞軒,國語,,3,,2,
薔薇,蕭亞軒,國語,,881,,2,
薔薇訴願,葛蘭,國語,,2,,3,
薰衣草,林子娟,國語,567,,,63,
藉口,周杰倫,國語,500,000,,; ; ; 2,
藉口,唐銘良,台語,,6,,5,
藉口,曾心梅,台語,,9,,5,
藉口,謝明,台語,,0,,5,
藍圖,童童,國語,,767,,2,
藍天,張惠妹,國語,,394,,2,
藍天,黄義達,國語,,2,,2,
藍天白雲,,國語,,2,,3,
藍寶石,王建傑,台語,55976,0,,5; 61; 61; 61,
藍眼晴,蘇打碌乖韶涵,國語,,566,,2,
藍眼淚,揚蔓,國語,,6,,2,
藍眼淚,楊蔓,Unknown,,0,,,
藍眼睛,張韶涵/蘇打綠,國語,5,,,89,
藍空,歐陽菲,國語,,655,,2,
藍色圍巾,沈文程,台語,,449,,6,
藍色土耳其,周傳雄,國語,5,,,89,
藍色戀人 明年一定更幸福吧,,華語,69,,,,
藍色月莞,張世彬,國語,,767,,3,
藍色的夢,冉肖玲,國語,,462,,9,
藍色的夢,蔡琴,國語,,397,,3,
藍色的山嶺,,台語,,2,,7,
藍色的暑假,羅百吉,國語,541,,,60,
藍色的月光,上佳,台語,,675,,7,
藍色的著假,驫百吉,國語,,6,,1,
藍色的街燈,吳晉淮,台語,,569,,7,
藍色眼晴,ZAYIN,國語,,56564,,3,
藍色眼睛,Zayin,國語,574,,,52,
藍色貝殼,邰正宵,國語,40,,,,
藍色貝殼,邵正宵,國語,,4,,3,
藍色雨,溫嵐,國語,538,,,,
藍色風暴,周杰倫,國語,501,,,38,
藍蓮花,許巍,國語,,851,,9,
藍藍色色的的午午夜夜,林良樂,國語,,396,,3,
藍藍色色的的玫攻瑰瑰,林婀,國語,,7,,3,
藍藍貝貝殼殼之之戀戀,黄瑞文,國語,,4,,3,
藍血婆,鳳飛飛,國語,,399,,2,
藍血黒,湯蘭花,國語,,3,,2,
藍雨,張學友,國語,43,398,,; ; ; 2,
藏不住,利綺,國語,,383,,2,
藏心肝,吳俊宏向蕙玪,台語,,645,,5,
藏愛,,台語,00,,,; ; ; 51,
藏鏡人,秦揚,台語,,451,,8,
藏鏡人,秦楊,台語,7648,561,,49; 49; 49; 5,
藏鏡人,黃俊雄,台語,,562,,5,
藕一斷絲連,陳瑞,國語,,5,,3,
藕斷絲連,,客語,1,,,51,
藝人,袁小迪,台語,69,,,,
藝人的心情,董麗華,台語,,958,,7,
藝曰,龍千玉,台語,,386,,5,
蘇三起解,周治平,國語,553,,,42,
蘇偉在哪裡,羅百吉,國語,,040,,3,
蘇偉在哪裡,羅百吉/寶貝,國語,5,,,60,
蘇州夜曲紀,露霞,台語,,056,,6,
蘇菲亞的盛宴,JS,國語,5654,,,,
蘇菲亞的願望,JS,國語,3872,,,,
蘇蘭林,世芳,台語,,447,,6,
蘋果人生,,台語,50,,,,
蘋果追忙,,台語,,7,,6,
蘋果追情,,台語,,973,,7,
蘭亭序,周杰倫,國語,,56489,,2,
蘭花草,齦霞,國語,,6,,2,
蘿拉,陳潔儀,國語,546,,,95,
虎妞,劉嘉亮,國語,,9,,2,
虎姑婆,金智娟,國語,,575,,2,
虎尾是幸福的城市 Funk ○ 代表【midi無人聲】 ★ 代表【原聲 或 原聲原影】 適用機型：S-(BD.IMSBP系列.N系列.N2系列.W系列),● 代表【midi+人聲伴唱】 利用人如欲使用本產品於「公開場所」使用，請逕洽集管團體或著 ◆ 代表【midi+原聲伴唱】 作財產權人取得「公播授權」後，始得合法使用 1 上述符號為【歌曲類型】依機型及功能而有所不同 發行日期 /,台語,80,,,41,
虎虎口口,李登威,國語,,6,,2,
虎頭山之戀 恰恰 ◆ 趙乙臻,,國語,90,,,,
虎頭虎腦惹人愛,石一楠,華語,570,,,61,
虎頭蜂,阿弟仔,國語,,4,,2,
虐心,亦帆,國語,,463,,9,
虚假的人生,黄西田,台語,,053,,6,
虚子人生,陳淑萍,台語,,580,,6,
虚弄人生,孫淑媚,台語,,1,,6,
虚華的査某,謝雷,台語,,438,,6,
虛偽的愛,張瀛仁,台語,,46757,,8,
虛情假愛,,台語,82,,,41,
虛情假愛,林秀琴,台語,770,,,,
虞男人,黄妃,台語,,56579,,5,
虞美人,黃妃,台語,563,,,62,
虧欠,,華語,6551,,,,
虧欠,亞賜,台語,83,,,60,
虧欠,林清賜,台語,,764,,5,
虧欠,潔絜儀,國語,,3,,2,
虧欠,王中平,台語,564,000,,5; 61; 61; 61,
虧欠的歌,許富凱,台語,,44848,,6,
虱的顏色,趙詠華對唱,國語,,398,,2,
虱雨愛人,李翊君,國語,,0,,2,
虸儀的亻一伴侶侶,陳莉,國語,,6,,3,
虹彩妹妹,鄧麗君,國語,,778,,2,
蚊子愛忙進行曲,中國姓,國語,,8,,3,
蛇與蘋果,謝金燕,國語,545,,,63,
蛇舞,周傑倫&Lara,國語,,56486,,2,
蜀一無二,鄭秀文,國語,,3,,3,
蜀佔礻話,蔡依林,國語,,6,,3,
蜀家記憶,陳小春,國語,,56556,,3,
蜀水溪之戀詹葷,雅雯煌奇,台語,,768,,7,
蜀立宣亠,許慧欣,國語,,9,,3,
蜀自生活,高勝美,國語,,7,,3,
蜁戲陳,弘家,台語,,542,,5,
蜘蛛網,洪文斌 慢迪斯可,台語,555,,,,
蜘蛛網,陳嘉唯,國語,5758,,,,
蜚面女孩看過∕,任賢齊,國語,,775,,3,
蜜月的時刻,甄秀珍,國語,,791,,3,
蜜蜂愛花蕊,洪文斌,台語,555,,,,
蜜蜂與蜂蜜,台灣女孩&子,國語,,461,,3,
蜻蜓,陳淑萍徐立鸿,台語,,9,,5,
蝆,譚維維,國語,,682,,2,
蝦仔倒彈毛蟹噴灡,林財寶 吉力巴,台語,553,,,88,
蝴垰,羅時豐,台語,,441,,5,
蝴夢,蔡小虎,台語,,492,,5,
蝴忙夢,邱芸子,台語,,478,,6,
蝴虫亂飛,黃妃,台語,,7,,6,
蝴虫戀花匕夭,林子娟,台語,,586,,7,
蝴虫流浪兒,余夭,台語,,6,,7,
蝴虫飛,彭立,台語,,5,,5,
蝴虫飛,柔均,台語,,648,,5,
蝴虫飛,王識賢,台語,,473,,5,
蝴虫飛,蘇路,台語,,8,,5,
蝴蝶,陳寶蓮,國語,,883,,2,
蝴蝶不流淚,耿嘉涓渼 搖滾,華語,57664,,,68,
蝴蝶亂飛,,華語,87,,,,
蝴蝶夢飛,葉啟田/羅時豐,台語,64,,,,
蝴蝶弄花,秀蘭瑪雅,台語,8593,,,76,
蝴蝶弄花欉,劉雅惠,台語,,8,,8,
蝴蝶情夢,邱芸子,台語,554,,,,
蝴蝶戀花香,林子娟,台語,56755,,,62,
蝴蝶效應,,華語,64,,,,
蝴蝶的眼淚,張振宇,華語,571,,,61,
蝴蝶自由飛,馮子晏,台語,,439,,8,
蝴蝶與深海,,華語,66,,,,
蝴蝶與蝴蝶結,,華語,6956,,,,
蝴蝶雙飛,林俊吉,台語,,389,,6,
蝴蝶飛,王識賢,台語,550,,,,
蝴蝶飛不過滄海,陳振雲,華語,572,,,61,
"蝴蝶飛遠了,",江淑娜,國語,,3,,3,
蝶仔,黃妃,台語,6979,,,,
蝶忈匕,DJ&BLAC仔哥,國語,,893,,2,
蝶戀花,DJ Black仔哥/黃詩玲,國語,5,,,61,
蝸牛,周杰倫,國語,4592,,,,
蝸牛與黄鶸鳥,銀霞,國語,,1,,3,
融化,王冰洋,國語,,49548,,2,
螢月橋,謝雷,國語,,1,,2,
螢火火蟲蟲,伊能靜,國語,,573,,2,
螢火蟲,,華語,65,,,,
螢火蟲,林依晨,國語,,569,,2,
蟻炬,白冰冰,台語,,639,,5,
蟻燭火,李明洋怡萍,台語,,566,,5,
蠟炬,白冰冰,台語,63,,,,
蠟燭無心點袂著,吳蕙君,Unknown,,1,,8,
蠟燭點抹著,陳思安,台語,,9,,8,
蠶,褚海辰,國語,,682,,2,
蠶蠶,王瑞霞,台語,,7,,5,
血,甲子慧,台語,,078,,5,
血亘血日,江蕙,台語,,9,,6,
血人,張燕清,台語,,049,,5,
血人悲歌,王建傑,台語,,760,,6,
血人比我卡堅強,喬幼,Unknown,,59746,,8,
血人的海邊,黃仲崑,國語,,390,,3,
血人知,尤雅,台語,,445,,5,
血人知,阿成,台語,,46383,,8,
血人知影,李素專,台語,,438,,8,
血人知影,黄乙玲,台語,,6,,6,
血伊我不娶,沈文程,台語,,498,,6,
血卆的風采,甄媚,國語,,3,,3,
血可救藥,,國語,,1,,2,
血呾血日,宋逸民,台語,,43999,,6,
血声聲的的忙情歌歌,孫淑媚,台語,,863,,6,
血声聲的的怎感謝,王壹珊,台語,,762,,6,
血大,豪記大對唱,台語,,697,,5,
血夲的註定,陳雷,台語,,5,,6,
血夺的愛情,李秀蘭,台語,,8,,6,
血彩工,黃乙玲,台語,,5,,5,
血情刀,鄭君威,台語,,887,,8,
血情夢,龍千玉,台語,,898,,5,
血情巷,黃乙玲,台語,,485,,5,
血情是你不是我,陳“,台語,,568,,7,
血情歌,詹曼鈴,台語,,4,,5,
血情海,林姍,台語,,449,,5,
血情淚,詹雅雯,台語,,568,,5,
血情雨,王中平,台語,,56945,,5,
血情雨,秀蘭瑪,台語,,491,,5,
血成勿愛,八三夭,國語,,6,,2,
血月的中秋,唐儷,台語,,5,,6,
血月的晩暝,蘇路,台語,,442,,6,
血樂不作,范逸臣,國語,,566,,2,
血法忘訁己,山風點火,國語,,3,,2,
血無聲的的相相辭,陳秀玲,台語,,442,,6,
血眠無人問,,台語,,2,,6,
血緣的戀夢,洪百慧,台語,,966,,6,
血緣的酒杯,陳思安,台語,,592,,8,
血聊的人生,文夏,台語,,2,,6,
血聲淚,楊靜,台語,,686,,5,
血藥醫的愛,吳淑敏,台語,,8,,6,
血血咅詹陣,曼鈴茂豐,台語,,564,,6,
血論如何,莊振凱洪百慧,台語,,991,,6,
血論如何都愛你小,江明娟,國語,,2,,3,
血譜的歌,林昕陽黃乙玲,台語,,563,,6,
血路可退,楊克強,國語,,7,,2,
血路用是我不敢,陳思安,Unknown,,8,,8,
血里,謝雷,國語,,998,,2,
血須要你的關懷,素蘭,台語,,899,,7,
衄MYFRIEND,SOS,國語,,5,,2,
衄MYGOD,蘇路,台語,,574,,5,
衄MYLOVE,葉復台,國語,,459,,2,
衄OH衄,王思佳,台語,,481,,8,
衄YEAH,盧廣仲,國語,,56972,,2,
行,荒山亮,台語,,5,,5,
行,高佳群,台語,,9,,8,
行一行衝一,伍佰,台語,,6,,5,
行出一片天,憶晴,台語,4,,,65,
行出光明路,柯錦雲,台語,2,,,66,
行出阮的路,何迪迪,台語,,,,61,
行善最快樂,燕子,國語,992,,,64,
行女人心,邱芸子,台語,,7,,8,
行星,,華語,65,,,,
行星與太陽 我有一些話想對你說,,華語,6767,,,,
行棋,翁立友,台語,,56575,,5,
行舟曲,達人,台語,,769,,5,
行船人的純情曲,陳一郎,台語,,3,,7,
行船人緊返來,謝宜君,台語,,43976,,8,
行船歌,楊哲,台語,,889,,8,
行船的人,郭金髮,台語,,8,,6,
行船阿,陳一郎,台語,,4,,6,
行行出狀元,徐紫淇,台語,,8,,8,
行行出狀元,徐紫淇 搖滾,台語,56873,,,65,
行衝一衝一,張蓉蓉,台語,,565,,5,
行路有風,張蓉蓉,台語,,98745,,8,
街,祁隆,華語,57449,,,61,
街景,系豪,國語,,5,,2,
街舞,羅百吉,國語,5,3,,2; 61; 61; 61,
街角的情歌,范逸臣,國語,3999,,,,
街角的祝福,戴佩妮,國語,,0,,3,
街頭偶相,黎亞,國語,,495,,2,
街頭的戀歌,陳念陸,台語,,541,,6,
街頭藝人,,台語,60,,,39,
衝,許效舜,台語,,49393,,5,
衝一動的懲罰,刀郎,國語,,878,,3,
衝不破情網,李翊君,國語,5,,,61,
衝出一月天,王江發,台語,,57671,,7,
衝出一片天,王江發,台語,56572,,,65,
衝動,蔡健雅,國語,,1,,2,
衝動,蕭亞軒,國語,,565,,2,
衝衝衝,嚥下所有 梭 抒情搖滾 ◆ 江曉雲.陳茂豐,台語,,,,,
衝衝衝,李登威,國語,,8,,2,
衝衝衝,蔡義德,台語,,595,,8,
衝衝衝孑,夏國興孫珮林,國語,,563,,2,
衝過難關,陳中,台語,,494,,6,
衝鋒陷陣,黎明,國語,5,,,51,
衣,甄妮,國語,,3,,2,
衣廚演唱會,Lnda,國語,,844,,3,
衣服占心術,蔡依林,國語,47,854,,; ; ; 3,
衣櫁的秘密,王心凌,國語,,488,,3,
表明,蘇曉芊,國語,,458,,2,
表白,林子娟,國語,569,568,,2; 68; 68; 68,
表示,翁立友,台語,,44391,,5,
表達愛,林俊傑&,國語,,56746,,2,
衰宇專説,荒山亮,台語,,56991,,6,
袂冫回頭的路,孫淑媚,台語,,753,,7,
袂冰將妳留,莊振凱,台語,,466,,8,
袂凍愛,,台語,,0,,5,
袂凍愛,一綾,台語,56543,,,61,
袂凍愛的人,蔡佳麟,台語,,456,,6,
袂凍挽回,游麗紅,台語,8,,,64,
袂凍挽回,謝宜君,台語,,46883,,8,
袂凍擱回頭,楊宗憲,台語,,3,,6,
袂凍放棄,曾朝松,台語,,540,,6,
袂凍欠你一半,,華語,40,,,,
袂凍漏氣,,台語,55,,,52,
袂凍無你,蔡小虎千玉,台語,,568,,6,
袂凍講的愛,洪百慧林俊吉,台語,,4,,6,
袂吃袂睏,阿吉仔,台語,6,,,66,
袂堪的思念,大芭,台語,,48899,,6,
袂孤單,蘇錦煌,台語,,472,,5,
袂孤單,阿忠,台語,,755,,5,
袂孤單,阿忠,國語,,968,,2,
袂慣習,,台語,99,,,,
袂擱愛別人,王識賢,台語,,969,,6,
袂攔心茫汒,陳明仁&對唱,台語,,653,,6,
袂暈船,陳雷,台語,,447,,5,
袂暈船,陳雷 慢迪斯可,台語,68,,,00,
袂條的手,王識賢,台語,,575,,6,
袂況的太陽,上豪,台語,,47992,,8,
袂涷言的广,徐瑰珍,台語,,846,,8,
袂無妳,何元平,台語,,763,,8,
袂當跟你行,楊樺,台語,,49447,,6,
袂看破,王建傑,台語,85,760,,69; 69; 69; 5,
袂見笑,董事長,台語,,972,,5,
袂速配,吳俊宏唐儷,台語,,571,,5,
袈裟,,華語,63,,,,
被人放捨的女,李芋慧,台語,,44877,,7,
被他傷透你才會想起我,帥大哲,國語,,959,,9,
被傷過的心還可,以愛誰,國語,,8,,3,
被傷過的心還可以愛誰,六哲,華語,571,,,61,
被動,伍佰,國語,,482,,2,
被困的野馬,,華語,6562,,,38,
被你愛過我很,樂社文萱,國語,,565,,3,
被忽略的女人,劉純如,國語,,3,,3,
被情傷過的女,黒龍,國語,,4,,3,
被情所困,蘇錦煌,台語,56774,,,62,
被情所捆,蘇錦煌,台語,,765,,6,
被愛,楊采妮,國語,,396,,2,
被愛也是一種,福:月+,國語,,7,,3,
被愛也是一種幸福,正月十五,華語,57564,,,68,
被愛傷害的男人,呂品,華語,,,,61,
被愛傷透的女人,司徒蘭,國語,,9,,9,
被愛好像有靠山,,華語,66,,,,
被愛射傷的鳥,,客語,,,,98,
被愛射傷的鳥,黑龍,Unknown,,795,,1,
被愛是一種癮,陳峙民,國語,,3,,3,
被愛暖過的人,,台語,,,,,
被愛暖過的人,賀一航,Unknown,,884,,1,
被矸所害,,華語,46,,,,
被遺忘的弦,,華語,66,,,,
被遺忘的時光,蔡琴,國語,,785,,3,
被遺忘的海,,華語,,,,,
袸我塊心碎,,台語,05,,,51,
裂痕,張惠妹,國語,,57840,,2,
裙擺搖搖,李心潔,國語,,391,,3,
補償,江宏恩,台語,55880,,,61,
補償,王建傑,台語,76,,,,
補儥,李冠璋,台語,,1,,5,
補儥,江宏恩,台語,,592,,5,
補儥,江蕙,台語,,3,,5,
補情網,邱芸子,台語,556,458,,87; 87; 87; 5,
補情網,鄭琇月,台語,8986,,,,
補破網,江蕙,台語,,5,,5,
補空夢,陳雷,台語,,2,,5,
補紅妝,林子娟,台語,564,8,,5; 61; 61; 61,
裝可憐,阿爆/Brandy,國語,561,,,61,
製造奇蹟,胡楊林,國語,,49582,,3,
製造浪漫,鄭中基陣物体,國語,,976,,3,
複製人平隊,黄立行,國語,,9,,9,
複雜愛,趙多娜,國語,,743,,2,
褪色愛情無値錢,李芋慧,台語,,9,,7,
褪色的唇印,林靈,國語,,9,,3,
褪色的彩筆,蔡小虎,台語,,564,,7,
褪色的愛無人知,邱芸子,台語,,2,,7,
褪色的戀情,,台語,00,,,,
褪色的戀情,江蕙,台語,,8,,7,
褪色的戚情,王瑞霞伍浯晢,台語,,939,,7,
褪色的日記,游家順,台語,55492,,,57; 57; 57; 63; 63; 63,
褪色的相月,傅振輝,台語,,2,,7,
褪色的相月,楊宗憲,台語,,2,,7,
褱亼,蔡依林,國語,,8,,2,
褱友,呉貞慧,國語,,8,,2,
褱念,鳳飛飛,國語,,6,,2,
褱珠,楊宗喡,國語,,575,,2,
褱田,潘安邦,國語,,8,,2,
襟掌岬,,國語,,3,,2,
襟裳岬,鄧麗君,國語,,949,,2,
西北行,梁山妹,國語,,6,,2,
西北雁,民歌往,國語,,0,,2,
西北雨,鳳飛飛,台語,,8,,5,
西北雨直直落,陳芬蘭 特魯多,台語,6668,,,,
西北風,簡美雀,台語,56767,95480,,5; 62; 62; 62,
西向北方。,黃明志王力宏,國語,,465,,1,
西子姑娘,,國語,,2,,2,
西子姑娘,費玉清,國語,,578,,2,
西安故事,,華語,63,,,39,
西施,向蕙玲,台語,,545,,8,
西樓嘆,蔡秋鳳,台語,6669,,,,
西泊好男兒,洪米正,台語,,542,,7,
西海情歌,刀郎,國語,,964,,2,
西湖戀,荒山亮蔡佳縈,國語,,3,,2,
西湖眷,蔡幸娟,國語,,1,,2,
西班牙狂想曲,黃湘怡,國語,62,,,,
西班牙狂想曲,黄湘怡,國語,,899,,3,
西窗月,黃思婷,台語,,3,,5,
西藏之戀,米線,國語,,544,,2,
西風,阿魯阿,國語,,4677,,1,
西風往東吹 Hip-Hop 梧彤 Vickie,,華語,6493,,,,
西風的故郷,,國語,,9,,3,
西風的話,銀霞,國語,,7,,2,
要不你先說,,華語,6659,,,,
要乎你好過,許效舜,台語,,563,,6,
要你感動不要你心痛,余帝/魏海珊,國語,3896,,,,
要來不就汰,王瑞霞,台語,,491,,6,
要再見,陳予新,國語,,2,,2,
要出帆,蘇錦煌,台語,,564,,5,
要去做你去,李芊慧,台語,,7,,6,
要去做你去,西卿,台語,,9,,6,
要大牌,蔡依林,國語,,56858,,2,
要安怎,黃千芸,台語,,8,,5,
要定你,言承旭,國語,,9,,2,
要幸福,林翠玲/林俊宏,台語,567,,,62,
要幸福,林翠玲林俊宏,台語,,97649,,5,
要愛就愛,劉虹燁,國語,,7,,2,
要愛有情人,陳思安,台語,,1,,6,
要成功靠本領,陳中,台語,,492,,7,
要拼才會贏,葉啟田,台語,,689,,6,
要按怎,,台語,,6,,5,
要按怎,七郎,台語,55540,,,,
要按怎,李麗品,台語,657,,,61,
要發達,謝金燕,國語,,7,,2,
要知道你的感覺,陳曉東,國語,589,,,55,
要飲就飲分佢醉,,客語,384,,,51,
見你一面,,華語,,,,,
見怪不怪,黃舒駿,國語,,5,,2,
見愛的別走,胡雯,國語,,49549,,3,
見愛的小孩,蘇芮,國語,,1,,3,
見愛的路人,劉若英,國語,,57992,,3,
見愛陌生人,丁嚆,國語,,579,,3,
見招拆招,阿曽之喬,國語,,58857,,9,
見景思情,張峯子 特魯多,台語,9,,,60,
見本櫥的小姐,葉啟田,台語,,95389,,7,
見笑花,,台語,00,,,51,
見習愛神,Twins,國語,87,,,,
視而不見,,華語,6390,,,,
親人,羅時豐,台語,,9,,5,
親像在夢中的,暝洪榮宏,台語,,6,,7,
親像我這款男人,王建傑,台語,562,,,61,
親像象我這款男人,王建傑,台語,,452,,7,
親吻寂奌旅人,范珒琪,國語,,684,,3,
親埶,鍾漢良,國語,,3,,2,
親家,江志豐張秀卿,台語,,57492,,5,
親密愛人(變奏曲),梅豔芳,國語,,3,,3,
親密朋友,,華語,6977,,,,
親忙,",楊淑慎",台語,,544,,5,
親情,洪百慧,台語,550,,,86,
親情比海深,余天,台語,,447,,7,
親情與愛情,洪榮宏,台語,,660,,7,
親愛寶貝,郭富城,國語,,3,,3,
親愛的,李聖傑,國語,554,,,61,
親愛的,李非奚,國語,,3,,1,
親愛的,西單女保納,國語,,456,,2,
"親愛的,你很了不",,華語,6944,,,,
親愛的下雨了,,華語,6487,,,,
親愛的人. 袂閣,,客語,74,,,,
親愛的你,沈芳如,國語,5,,,61,
親愛的你,陳艾湄,國語,,9,,3,
親愛的你呀,,華語,61,,,,
親愛的你怎麼不在,身邊,國語,,56542,,3,
親愛的你怎麼不在身邊,江美琪,國語,84,,,,
親愛的你知不知道,,華語,,,,,
親愛的別想我,祁蘇,國語,,8,,9,
親愛的別讓我,過新千尋,國語,,497,,3,
親愛的妳,江志豐,台語,56986,3,,69; 69; 69; 8; 8,
親愛的姐妹,,台語,,,,,
親愛的就這樣結束,了嗎,國語,,8,,3,
親愛的我愛你,祁隆,華語,57451,,,61,
親愛的我有了,徐譽滕,國語,,8,,3,
親愛的我陪你走,陽林,國語,,9,,9,
親愛的是你把我寵,壞,國語,,56839,,3,
親愛的老爸,,國語,,,,,
親愛的能不能再,,客語,69,,,38,
親愛的請你回到我,身邊,國語,,49788,,3,
親愛的這不是你的,錯,國語,,49992,,3,
親愛的那不是,清•張韶涵,國語,,565,,3,
親手折斷的玫瑰,,華語,67,,,,
親親姉妹,詹雅雯詹雅云,台語,,763,,6,
親親愛愛的的媽媽媽媽,蔡小虎,台語,,98749,,8,
覺吾,翁立友,台語,,56466,,5,
覺吾,藍山,台語,,7,,5,
覺察,,華語,62,,,,
覺悟,,台語,,,,99,
覺悟,沈建豪,台語,8,,,68,
覺醒,王瑞霞,台語,63,,,,
覺醒,陳隨意,台語,,491,,5,
覺醒,陳鳳琴,台語,9,95683,,5; 64; 64; 64,
觀月,,華語,6386,,,,
觀眾,林子娟,台語,568,497,,5; 61; 61; 61,
觀眾,楊丞琳,國語,,595,,9,
觀自在,,台語,84,,,,
觀音亭的黃昏 吉力巴 王中平,,客語,,,,46,
觀音山之戀 想念也能是一種快 倫巴 黃忠義 自由派對,,台語,,,,52,
角問阮的名,楊宗憲,台語,,652,,6,
角抱沙,工瑞霞,台語,,47972,,8,
角擱想彼多,蔡秋鳳,台語,,564,,6,
角擱牽抱,呉嘉翎,台語,,547,,6,
角擱舉枷,許鄭龍,台語,,549,,6,
角擱黒白花,張秀卿,台語,,465,,6,
角攔想些多,龍千玉,台語,,655,,6,
角板山,温梅桂,國語,,472,,2,
角烹別人塊活,郭婷葯,台語,,578,,7,
角落裡的光,,華語,6464,,,,
角訁卡袂凝,謝沛琳八次,台語,,491,,6,
角靠你喙投,方瑞娥,台語,,495,,6,
解回意的生,肖飛,國語,,49900,,3,
解放區的天,袂名,國語,,987,,3,
解替,王識賢,台語,,7,,5,
解脫,林子娟,台語,56688,,,61,
解脱,林子娟,台語,,5,,5,
解藥,,台語,,,,97,
解藥,,華語,62,,,,
解藥,堂娜,國語,597,,,61,
解藥,李明洋,台語,,444,,5,
解藥,李翊君,國語,,579,,2,
解藥,蕭玉芬,台語,,497,,5,
解酒,七郎,台語,,5,,5,
解釋,,華語,64,,,,
"解除防衛,",芭比,國語,,481,,3,
觸不到的戀人,陳慧琳,國語,,,,,
觸不到的雪 中板靈魂樂 焦七七 ★,,華語,65,,,,
觸動,潘瑋柏,國語,,6,,2,
觸碰不到的你,,華語,6596,,,,
觸電,芭比,國語,,5,,2,
觸電,陳譯賢,國語,,9,,2,
觸鬚星系,,華語,6852,,,,
言0聲弋我愛你,七黄;,台語,,58455,,7,
言不由衷,,華語,66,,,,
言不由衷,劉德華,國語,,9,,2,
言不由衷,徐佳瑩,國語,,595,,1,
言主定,王瑞霞,台語,,9,,5,
言主定,阿輪,台語,,447,,5,
"言乎,你知",鄧妙華,台語,,455,,6,
言什麼日暝歹勢,,台語,,652,,7,
言你自由,李琳,國語,,498,,3,
言愛敕呈,伊琳,國語,,9,,3,
言愛繼續,譚詠麟,國語,,947,,3,
言愛自由,黄鶯鷽,國語,,387,,3,
言愛離辟,葉瞹菱&Stefan,國語,,7,,3,
言我孤獨,黎亞,國語,,495,,3,
言我愛你,周渝民,國語,,543,,3,
言源紅,容中爾,國語,,689,,2,
言風吹巴,鄭華娟,國語,,386,,3,
訁,鳳飛飛,國語,,543,,2,
訁主你愛保重,凌鳳君,台語,,984,,8,
訁亠他過去,瀟月,國語,,8,,9,
訁厭的主紅燈,游小鳳,台語,,6,,7,
訁吳一會,葉啟田,台語,,0,,5,
訁吳一會,阝兆邦蔝宥蓉,台語,,755,,5,
訁吳夻,向蕙玲袁小迪,台語,,763,,5,
訁序作主,毛寧,國語,,572,,3,
訁海人的心声,蔡雅鈴,台語,,762,,7,
計程車之戀,羅時豐,台語,,443,,6,
計程車的心聲,莊明樹/莊明惠,台語,7689,,,61,
"計較,",王馨平,Unknown,,8,,2,
訊號,郭嘉璐,國語,59,393,,; ; ; 2,
訊號,鄭秀文,國語,,8,,2,
討人厭的字,張懸,國語,541,,,95,
討債情歌,玖壹壹,台語,,597,,8,
討厭唱情歌,安琪,台語,555,56672,,98; 98; 98; 6,
討好,K&ONE,國語,,399,,2,
討寸每人,良山,台語,,754,,5,
討海人,唐飛,台語,,554,,5,
討海人,唐飛 森巴,台語,567,,,66,
討海人的心聲,蔡亞玲,台語,82,,,54,
討海兄哥,石喬,台語,,7,,6,
討海情歌,,華語,,,,,
討海情歌,王中平,台語,,9,,8,
討海捉漁人,高向鵬許巧盈,台語,,755,,6,
記不住你百容顏,劉德華,國語,,644,,3,
記不記得我是誰,鍾鎮濤,國語,,386,,3,
記事本,周傳雄,國語,61,,,,
記事本,陳慧琳,國語,,383,,2,
記付我愛你小,劉芷妃,國語,,7,,3,
記住你的香,陳志朋,國語,,387,,3,
記得,張惠妹,國語,,56553,,2,
記得我,木吉他,國語,,388,,2,
記得我們有約,葉歡,國語,,389,,3,
記得我愛你,光良,國語,3991,,,38,
記得要幸畐,安俐娜,國語,,856,,9,
記念,蔡健雅,國語,,8,,2,
記憶熄是太況重,許效舜,台語,,49392,,7,
記憶碎月,賀一航,Unknown,,3,,1,
記號,夾子道,國語,,747,,2,
記號,系耀威,國語,,390,,2,
訣別,童安格,國語,,5,,2,
訪友,,客語,8,,,51,
設計愛情,陳淑萍,國語,552,7,,61; 61; 61; 2,
許你,,華語,6393,,,,
許願,古巨基,國語,,0,,2,
許願,謝金燕,台語,56980,0,,69; 69; 69; 8; 8,
許願池的希臘少女,蔡依林,國語,5,,,58,
訴,銀霞,國語,,872,,2,
訴不盡的情意,韓寶儀,國語,,6,,3,
訴情,,國語,,3,,2,
註定,沈建豪,台語,,989,,61; 61; 61; 8; 8,
註定孤單,楊宗憲,台語,61,,,,
註定的命,張蓉蓉,台語,,59541,,8,
註定的愛,高向鵬方鼎確,台語,,978,,8,
註定這一生愛的 劉曉龍.夏小暖 人是你 梭 ★,,華語,6591,,,,
註該的命,鄭進一,台語,68,,,,
試心,沈芳如,台語,55994,,,61,
試愛TT,,華語,6869,,,,
試探,張済芳,國語,,575,,2,
試著一忘記你,原始林,國語,,4,,3,
試著忘己,李琳,國語,,49872,,3,
試試看,北原山,國語,,866,,9,
詩 水蛇 山神廟,許慧欣,國語,505,,,38,
詩人漫步,蔡依林,國語,,963,,3,
詩人的眼淚,游鴻明,國語,59,,,,
詩戀,蔡詩蕓,國語,500,,,38,
詩響起,王俊傑,台語,567,3,,5; 62; 62; 62,
話哪不講頭前,方怡萍,台語,65,,,,
話說從頭,高明駿,國語,5,,,62,
該不該,張學友,國語,,644,,2,
該不該放手,,台語,70,,,,
該如何快樂,Jenny Yang,國語,4953,,,,
該忘了,郭采潔,國語,,57571,,2,
該忘記的忘不記,杜忻恬,國語,,467,,9,
該愛就愛,伍思凱,國語,,395,,3,
該是離別的時候,陳小雲,國語,574,,,55,
該死的温柔,馬矢宇,國語,,499,,3,
該死的溫柔,馬天宇,華語,578,,,61,
該給的愛,呂方,國語,,394,,3,
該醒了,潘越雲,國語,,571,,2,
該難過的人是他,CITY魅,國語,5,,,61,
詹心又何奈,洪榮宏,台語,,658,,7,
誅仙創,痞克四,台語,,56480,,5,
誅心（DJAh版）,,華語,68,,,,
認份,吳淑敏,台語,551,,,86,
認份,王霖河,台語,,95660,,5,
認份,王霖河 特魯多,台語,5,,,64,
認命,,華語,,,,00; ; ; ,
認命,陳茂豐,台語,564,5,,5; 61; 61; 61,
認命愛打打拼,鄭家涵,台語,,473,,7,
認命愛打拼,鄭家涵,台語,55647,,,61,
認定,談詩玲忄迪,台語,,987,,8,
認定,談詩玲袁小迪,台語,,840,,8,
認真就好,彭羚,國語,,3,,3,
認真打拚,施志興,台語,,469,,6,
認真打拚順自然 華爾滋 李雨璇 ◆,,華語,,,,,
認真打拼,施志興,台語,,545,,6,
認真打拼,施志興 勃露斯,台語,55659,,,51; 51; 51; 52,
認真的人最快,王識賢,台語,,971,,7,
認真的人最快樂,王識賢,台語,85,,,70,
認真的女人最美麗,高慧君,國語,46,,,,
認真的雪,薛之謙,國語,,460,,1,
認罪,林慶源,台語,,952,,5,
認認真一定,蔡義德,台語,,5,,7,
認認真一的的眼眼晴晴,張清芳,國語,,9,,3,
認認真直的的朋朋友友,黎亞,國語,,451,,3,
認認識識你你真直好好,孫耀威,國語,,683,,3,
認錯,優克李,國語,,9,,2,
認錯,張可芝,國語,,47796,,2,
誓言,何華 快華爾滋,台語,7,,,68,
誓言,洪榮宏,台語,,38583,,8,
誓言,游鴻明,國語,59,2,,; ; ; 2,
誓言,王菲,國語,,6,,2,
誓言,葉諾帆,台語,,485,,5,
誘惑,蔡秋鳳,國語,,460,,2,
誘惑我的心,張衛健,國語,,883,,3,
誠實地想你,郭采潔,國語,,56547,,3,
誠心悔不是,七郎,台語,68,,,,
誠心誠意來作,余甜,台語,,96976,,7,
誠心邀請,林俊吉,台語,,6,,6,
誠意,,華語,68,,,,
誠意來交陪,陳铖安,台語,,49463,,6,
誠意吃水甜,林雪美,台語,7,,,64,
誠懇的關懷,方瑞娥,台語,,467,,8,
誠懇鬥,莊振凱,台語,,599,,8,
誠懇鬥陣,張蓉蓉莊凱,台語,,439,,8,
誤入迷途,,華語,67,,,,
誤合來造成,慕鈺苹,台語,,98677,,8,
"誤吳前,塵",黃鳳儀,台語,,98775,,8,
誤吳會,柔均,台語,,763,,5,
誤情路,,台語,,,,51,
誤會,,客語,9,,,51,
誤會,,華語,6900,,,,
誤會,柔均,台語,553,,,00,
誦經人 Hip-Hop 邊靖婷 ★,,華語,6891,,,,
說不出的快活,伊能靜,國語,,0,,3,
說不出的愛,羅百吉,國語,5,7,,3; 67; 67; 67,
說不哭,潘嘉麗,國語,,4,,2,
說不完的故事,甄媚,國語,,8,,3,
說你曾深愛,冷顯達,國語,,49959,,3,
說你為什麼愛我,,台語,69,,,,
說出來誰會相,蔡幸娟,國語,,58592,,3,
說分手不可以,,華語,63,,,39,
說分手之後,小宇,國語,,569,,3,
說分手就放開,段千尋,國語,,49754,,3,
說喜歡,,台語,,,,97,
說好不分手,高進vs金子揚,國語,,0,,3,
說好不分離,小榮,國語,582,,,65,
說好不後悔,金海心,國語,,456,,3,
說好的幸福呢,夢然,華語,576,,,66,
說實話,李千娜,國語,,466,,9,
說得到做不到,甲子慧,台語,561,047,,61; 61; 61; 7,
說愛,徐雯倩,國語,5,,,40,
說愛你,蔡依林,國語,5,,,46,
說散就散,,國語,,464,,1,
說散就散,賀敬軒/邵明明,華語,576,,,65,
說散就散的人,,客語,,,,,
說清楚,鄭秀文,國語,,3,,2,
說真的,彭佳慧,國語,5,,,66,
說破,,華語,63,,,,
說給海聽,,華語,67,,,,
說聲你愛我,成鳳,國語,5966,,,39,
說聲對不起,鳳飛飛,國語,,0,,3,
說聲我愛你,,台語,,,,,
說聲我愛你,郭富城,國語,,3,,3,
說聲謝謝,李佳芮,華語,57491,,,66,
說話,楊麗菁,國語,,5,,2,
說說話,,華語,64,,,53,
說過再見後會無期,,華語,6660,,,,
説.時士依售,林慧萍,國語,,3,,3,
説不出口,張爽,國語,,495,,3,
説了再見,周杰倫,國語,,571,,3,
説好的事,李雅微,國語,,8,,3,
説好見面,林慧萍,國語,,399,,3,
説你愛我,鱆螂,國語,,6,,3,
説我愛你,火小波,國語,,684,,3,
説聲珍重,王傑,國語,,3,,3,
説走就走,周杰倫,國語,,955,,9,
誰,蔡健雅,國語,,569,,2,
誰也不愛,謝金燕,台語,,4,,6,
誰人不想走好路,洪榮宏,台語,,6,,7,
誰人了解我,蔡秋鳳,台語,84,485,,73; 73; 73; 7,
誰人伴一我過実冬,文妹,台語,,986,,8,
誰人來安慰,莊振凱,台語,,59545,,8,
誰人來疼,向蕙玲,台語,,76456,,6,
誰人來講嗎講,情陳盈潔,台語,,3,,7,
誰人卡花,袁小迪,台語,,7,,6,
誰人叫你愛著行,人江對。,台語,,1,,7,
誰人同情阮,倖奴,台語,,94757,,7,
誰人塊酒醉,龍千玉,台語,,65575,,7,
誰人安慰,沈芳如,台語,55990,693,,61; 61; 6; 61,
誰人愛你親像我,王識賢,台語,550,,,70,
誰人愛你親像我,王識賢,台語,,594,,7,
誰人愛我親像你小,洪榮宏,台語,,9,,7,
誰人愛酒醉,白冰冰,台語,554,,,84,
誰人是英雄,余天,台語,85,0,,56; 56; 56; 7,
誰人有心誰人贏,呉淑君,台語,,2,,7,
誰人甲你作伴,揚哲,台語,552,,,97,
誰人甲我比,楊宗憲,台語,,3,,7,
誰人甲阮疼,邱芸子葉惧,台語,,43839,,8,
誰人疼惜我,甲子慧,台語,560,4,,61; 61; 61; 7,
誰人的錯,慕鈺華,台語,,98682,,8,
誰人袂怨嘆,林澄冬,台語,,490,,7,
"誰來,同情我",鄧麗君,國語,,842,,3,
誰來剪月光,陳迅,國語,,594,,1,
誰來愛我,姚蘇蓉,國語,,954,,9,
誰又能說給你聽,,華語,6972,,,,
誰啊,辛曉琪,國語,,880,,2,
誰在眨眼晴主,劉文正,國語,,385,,3,
誰塊醉,游麗紅,台語,4,94746,,5; 64; 64; 64,
誰念西風獨自涼,,華語,60,,,,
誰怕誰,4 IN LOVE,國語,,,,,
誰怕誰,許慧欣,國語,3875,,,,
誰想輕輕偷走我的吻,張學友,國語,47,,,,
誰愛我,,華語,71,,,38,
誰懂,伍思凱,國語,,5,,2,
誰懂女人花,陳瑞,國語,,672,,3,
誰懂男人的眼淚,,華語,65,,,,
誰敢相信你,姚蘇蓉,國語,,989,,3,
誰是對的人,,華語,,,,,
誰是心上人,楊小萍,國語,,838,,3,
誰是最愛,陳小春/蜜雪薇琪,國語,3874,,,,
誰是知音人,譚順成,國語,,9,,3,
誰是誰的愛人,SUI,台語,,6,,7,
誰是誰的誰,夏天ex,國語,,495,,3,
誰最漂亮,七朵花,國語,66,,,,
誰會心疼我,,華語,68,,,,
誰會記得,,國語,,9,,9,
誰會記得我,郭富城,國語,,391,,3,
誰會記得我姓名,,華語,66,,,,
誰為誰流淚,江淑娜,國語,,465,,9,
誰的媽媽,伍珈慧,台語,6,47987,,61; 61; 61; 8; 8,
誰的心最痛,王建傑,國語,5,681,,67; 67; 67; 3,
誰的眼涙在飛,孟庭葦,國語,,387,,3,
誰的錯,邱芸子,台語,,0,,5,
誰的香水味,李玟,國語,,4,,3,
誰知女人心,林慧省,台語,,678,,7,
誰能了解我,陳明仁,國語,,5,,3,
誰要你理睬,,國語,,388,,3,
誰要我寵壞了你,趙詠華,國語,,,,,
誰說,,華語,69,,,,
誰說我不在乎,高明駿陳湄,國語,,488,,3,
誰說我不愛你,林宗興,國語,,543,,3,
誰說我想你,剛澤斌,國語,5,,,,
誰說男人不會在女人面前流淚,陳雅森,國語,,6,,9,
誰説男人為女人流,涙是,國語,,681,,3,
誰誰誰,閃亮三姐妹,國語,5,,,77,
誰誰誰姊,閃亮三,國語,,5,,2,
誰辜負了誰,宇桐非,國語,,683,,3,
誰還相信,江美琪,國語,5,,,81,
諂、序夂卩歹,張為祐&許燕,台語,,497,,5,
諂替工,陳怡婷,台語,,44442,,5,
諂諂諂,陳雷,台語,,4,,5,
談判,詹雅安,台語,,669,,5,
談情說愛,西黃湫田,台語,,898,,6,
請不要這樣傷害我,帥霖,國語,,7,,9,
請不要這樣傷害我 帥霖 ◆,,國語,,,,95,
請不透,丁嚆,國語,,56587,,2,
請主君也保重,華星,台語,,3,,7,
請主試著愛我,陳明仁,國語,,5,,3,
請主讓我離開,馬健濤,國語,,49755,,3,
請作讓我走,江音,國語,,1,,3,
請你CHACHA,汪佩蓉,國語,,3,,3,
請你不要說,姚蘇蓉,國語,,776,,3,
請你不要走,“楊臣刚,國語,,5,,3,
請你不要走,林玉英,國語,,6,,3,
請你保重,施文彬/秀蘭瑪雅,台語,557,,,74,
請你保重,施文彬秀蘭瑪,台語,,2,,6,
請你借過,張文綺,台語,,44675,,6,
請你別再走,,國語,,496,,3,
請你原諒,,華語,6664,,,,
請你告訴我,湯秋蓉 特魯多,台語,,,,61,
請你坦白,崔慧萍,台語,,548,,6,
請你惦惦聽,楊宗憲,台語,60,,,,
請你想看覓,小辣嬌,台語,849,,,,
請你抱緊我,毛泓豔,華語,573,,,61,
請你摸心肝,甲子慧,台語,557,,,61,
請你放心,俞隆華,台語,,8,,6,
請你放心,趙詠華,國語,,7,,3,
請你放我走,馬沙,台語,556,,,61,
請你相信我,,國語,86,,,,
請你著等待,陳雷 吉力巴,台語,84,,,69,
請你說愛我,易冖,國語,,499,,3,
請你陪我走,,台語,,,,47,
請你麥擱卡,黃乙玲,台語,60,,,,
請來我、的城堡,陳俊生,國語,,382,,3,
請借問!心愛的人,詹雅雯,台語,,2,,7,
請借問！心愛的人,詹雅雯,台語,83,,,53,
請先好好愛自己,,華語,66,,,,
請再給我一吹,柔笑天,國語,,556,,3,
請別說愛我,胡66,華語,,,,69,
請君保重,詹雅雯,台語,76,,,,
請問芳名,施文彬,國語,,383,,3,
請妳相信我,謝浩復 特魯多,台語,851,,,,
請嫁給我,,華語,,,,,
請嫁給我巴,帥霖,國語,,8,,9,
請你嫁一我,陳雷,台語,,98756,,8,
請你將阮放袂記,李雅津,台語,,493,,7,
"請你相信我的愛,",林國慶,台語,,0,,7,
請你站在我身邊,,台語,,3,,7,
請你緊、返來,陳金鳳,台語,,94879,,8,
請你聽阮一句話,曹雅安,台語,,449,,7,
請你著等待,陳雷,台語,,4,,7,
請你要原諒,楊靜,台語,,7,,7,
請你緊返來,西卿,台語,,561,,7,
請你聽我講,蔡義德蔡秋鳳,台語,,9,,7,
請你講清楚,羅時豐,台語,,2,,7,
請暫時忍耐,洪榮宏,台語,,5,,7,
請比我愛她,柯震東,國語,,576,,3,
請求,,國語,,3,,2,
請珍惜對你好的人,,華語,,,,00,
請珍惜對你好的人,齊晨,國語,,8,,1,
請聽我解説,陳明仁,台語,,655,,7,
請開窗,庾澄慶,國語,,,,,
諒解,楊宗憲,台語,553,,,84,
論情,,台語,,,,,
諜對諜,輙玟,國語,,8,,2,
諜海英冖,鳳飛飛,國語,,6,,3,
諷泊的心停泊在基,隆港,國語,,1,,3,
諾亞方:,五月天,國語,,57552,,3,
諾言,李翊君,國語,558,,,61,
諾言,葉蘊儀,國語,,3,,2,
謊=L言口,,國語,,4,,2,
謊愛,王羽澤,國語,,498,,2,
謎底,棠星琪 搖滾,國語,550,,,61,
講一百聲ㄟ我,你黃,台語,,444,,7,
講不出的告別,刀郎,國語,,6,,3,
"講乎,故鄉知",,台語,,5,,7,
講乎伊知,,華語,94,,,,
講乎故鄉知,吳漢書,台語,6797,,,,
講來講去也是,酒劉福助,台語,,066,,7,
講唱山歌最多,,客語,397,,,51,
講啥米,陳文發,台語,872,,,64,
講坦白,沈芳如,台語,565,767,,5; 68; 68; 68,
講好的幸畐,陳怡嵉佳,台語,,8,,8,
講情講愛,羅時豐,台語,,7,,6,
講抹出來的一,話楊宗憲,台語,,2,,7,
講抹出嘴的話,伍浩哲,台語,,5,,7,
講放就放,羅欣,台語,66,,,,
講氣魄,謝雷,台語,,6,,5,
講真話,錦繡二重唱,國語,,,,,
講袂出的愛,,台語,,6,,7,
講話,,台語,,,,,
講酒話,沈文程,台語,66,,,,
講醉話,荒山亮,台語,55959,,,61,
"謝去的化,一",詹曼鈴,台語,,5,,7,
謝去的花蕊,詹曼鈴,台語,8577,,,76,
謝天謝地,王識賢,台語,,2,,6,
謝幕,,華語,96,,,,
謝謝一路有你陪著,我,國語,,6,,3,
謝謝你,,台語,84,,,,
謝謝你,,華語,,,,,
謝謝你愛過我,王中平,國語,5,,,61,
謝謝你給我成熟的,機會,國語,,871,,3,
謝謝你給我的幸福,,華語,,,,00,
謝謝再聯絡,謝金燕,台語,,562,,7,
謝謝你,浩角翔,國語,,440,,2,
謝謝你,陳黎明,國語,,49749,,2,
謝謝你的美好,嚴爵,國語,,572,,3,
謝謝你讓我愛,你,國語,,5,,3,
謝謝你愛過我,劉小慧,國語,,7,,3,
謝謝你的温杀、,周晨嘉,國語,,959,,9,
謝謝你給我的,畐趙默,國語,,76671,,3,
謝謝您老帥,,台語,,,,45,
謫仙,,華語,62,,,,
證明,何以奇,國語,,879,,2,
證明,羅時豐昔思婷,台語,,568,,5,
"譱,園",呉秀珠,國語,,662,,2,
護花鈴,陳盈潔,國語,,584,,2,
讀你,蔡琴,國語,,8,,2,
變,方瑞娥,台語,,2,,5,
變,蘇巧寧,台語,,49399,,5,
變,蘇芮,國語,,3,,2,
變,郭富城,國語,,8,,2,
變,阿信,國語,89,,,,
"變,",莊薪樺,台語,,548,,5,
變化無常,劉信明,台語,,94846,,6,
變化無常,蘇錦煌,台語,63,6,,00; 00; 00; 6,
變卜,陳隨意,台語,,5,,5,
變卦,游麗紅,台語,7,,,64,
變天,小東,台語,56591,,,66,
變形的心情,藍山,台語,,7,,7,
變心,曾心梅,台語,67,,,,
變心,沈芳如,台語,,6,,8,
變心,王冰洋,國語,,49547,,2,
變心我別人,甲子慧,台語,,7,,7,
變心找別人,甲子慧 特魯多,台語,558,,,61,
變心無非,詹雅雯,台語,,5,,6,
變心的人不要留,,客語,,,,98,
變心的心肝,鄒兆邦,台語,,947,,7,
變心的愛人,陳小雲,台語,,765,,7,
變心的藉口,鄭君威,台語,,689,,7,
變把戲,,客語,5,,,51,
變掛,陳亮吟林冠中,台語,,0,,5,
變換心忄,楊樺,國語,,49683,,3,
變數,,華語,,,,00,
變數,趙默,國語,,2,,2,
變臉的愛人,林晏如,台語,55463,3,,; ; ; 7,
變色喙,張秀卿呉宏,台語,,555,,5,
變色的愛,曾心梅 Reggae,台語,553,,,96,
變色的愛,蔡小虎,台語,6585,1,,; ; ; 6,
變色的愛,邱芸子,台語,558,,,84,
變色的戀情,,華語,,,,98,
變色的相片,蔡國義,台語,564,,,00,
變色風飛沙,方怡萍,台語,,5,,7,
變調,方怡萍,台語,65,,,,
變調戀歌,彭恰恰,台語,,6,,6,
變調戀歌,澎恰恰,台語,66,,,,
變調的愛情,周一,台語,,950,,7,
變調的戀情,沈芳如,台語,56595,489,,61; 61; 61; 7,
變調的戀歌,傅振輝,台語,,9,,7,
變調的戀歌,傅振輝/周慧璇,台語,552,,,,
變調的戀歌,蕭承祥,台語,,543,,7,
變調的戀歌,蕭承祥 特魯多,台語,8,,,64,
變調的探戈,鄭琇月,台語,,567,,7,
變變了了模摸樣長,翁虹,國語,,5,,3,
變質的幸畐,沈芳如,台語,,696,,7,
變質的幸福,沈芳如,台語,55856,,,63,
變遷愛情,,客語,3,,,51,
讓,蕭煌奇,國語,,775,,2,
讓世界看見台灣,,台語,99,,,55,
讓你媽媽 NEW一下,庾澄慶,國語,40,,,,
讓你知道我的心,談芳兵,國語,3866,,,00,
讓你走,任賢齊,國語,59,,,41,
讓你走,文奎,國語,,68447,,2,
讓全世界知道我愛你,六哲/賀敬軒,華語,576,,,65,
讓善良長出荊棘,,華語,6755,,,,
讓你媽媽New一,庚澄慶,國語,,5,,3,
讓情擱淺,楊瑞香 特魯多,國語,,,,61,
讓愛你的心從此巟,廢,國語,,753,,3,
讓愛充滿全世界,龍飄飄,國語,,8,,3,
讓愛哽芳,甄媚,國語,,7,,3,
讓愛發光,色,國語,,6,,3,
讓愛那麼愉快,杜德偉,國語,4642,,,,
讓愛重來,林幼萍,國語,,450,,3,
讓愛重來,韋東明,華語,579,,,61,
讓愛重生,F.I.R,國語,,7,,3,
讓愛領舞,鳳凰傳奇 搖滾,華語,57500,,,71,
讓愼珎的人愛妳,蘇永康,國語,,390,,3,
讓懂你的人愛你,蘇永康,國語,68,,,,
讓我伸手幫助,洪榮宏,台語,,6,,7,
讓我們自由,范瑋琪,國語,3965,,,,
讓我再點一根煙 抒情搖滾 ★,,華語,62,,,,
讓我孤獨的時候選,能鉤,國語,,6,,3,
讓我忘記你的臉,張信哲,國語,,387,,3,
讓我愛,阿桑,國語,545,,,77,
讓我愛上你好喝,張瓊瑤,國語,,9,,3,
讓我愛你,周渝民/徐熙媛,國語,3865,,,,
讓我愛她,倪安来,國語,,48393,,3,
讓我挽著你的手,,華語,67,,,,
讓我歡喜讓我憂,周華健,國語,,381,,3,
讓我永遠愛你,王傑,國語,554,,,42,
讓我留在你身邊,陳奕迅,國語,,595,,9,
讓我的愛情沒有黑,夜,國語,,9,,3,
讓我輕輕告訴你,葉佳修,國語,,1,,9,
讓我醉,詹曼鈴,國語,5,,,67,
讓我醉別讓我心,碎葉瓊菱,國語,,0,,3,
讓步,吳蕙君,台語,,2,,8,
讓歩,陳隨意許志豪,台語,,440,,5,
讓毎個人都心碎,黄大煒,國語,,384,,3,
讓涙化作相思雨,南合文,國語,,2,,3,
讓珎哭紅了眼晴,草蠖隊,國語,,385,,3,
讓自己 High,庾澄慶,國語,3998,,,,
讓自己HIGHⅢ,庾澄慶,國語,,1,,3,
讓開,王力宏,國語,542,,,78,
讓風帶走我的,念夏天,國語,,495,,3,
讓風進來,林慧萍,國語,,4,,3,
讚讚讚,陳茂豐/陳韻竹 特魯多,台語,8,,,68,
讚讚讚〔女人40一礻,」張秀卿,台語,,5,,8,
谷缸,黃立行,國語,,0,,9,
豁然開朗,于冠華,國語,,571,,3,
豆曲物,劉力揚,國語,,689,,2,
豆漿油條,林俊傑,國語,,7,,2,
豆腐,,台語,,,,39,
豆號甜心,張韶涵,國語,,56548,,3,
豆豆青匕,范曉萱,國語,,5,,2,
豆陣行,,台語,,,,53,
豐年祭,夏國興,國語,,447,,2,
豐收,曾瑋中,台語,,2,,8,
豔紅小曲,鄧麗君,國語,,393,,3,
象愛我一樣愛自己,張嘉洵,國語,,798,,3,
象我一樣愛她,孫浩雨,國語,,9,,9,
象我一樣愛你的人,蘇盈之,國語,,58482,,3,
象水一樣,,Unknown,,597,,1,
豪情四海,陳雷,台語,,0,,6,
豬仔歌,,華語,,,,99,
豬哥仔兄,黃西田,台語,,643,,6,
豬你生日快宍,范曉萱,國語,,486,,3,
豬福 梭 ◆ 趙默,,華語,,,,00,
貓王,七郎,台語,56568,,,65,
貓系女友,,華語,68,,,,
貝加用湖畔,李健,國語,,460,,9,
貝又,sos,國語,,7,,2,
貝哥哥,,台語,,,,,
貝多芬,清源,國語,,68439,,2,
貝殼花,鳳飛飛,國語,,6,,2,
貝自,蔡麗津,台語,,94877,,5,
貞賭服輸,那英,國語,,3,,3,
負心漢,方怡萍,台語,88,476,,64; 64; 64; 5,
負心的人,黄美月,台語,,6,,6,
負心的女人不要留,李志測,國語,,49761,,3,
負擔,,台語,,,,,
負擔,許志安,Unknown,,0,,2,
財源滾滾來,東方傳,國語,,991,,3,
財神到,口曰,國語,,980,,2,
財神到,新年慶,國語,,464,,1,
財神福神好運來,,客語,97,,,,
販賣溫柔,卓義峰,國語,597,6,,99; 99; 99; 2,
貪圖,林慧萍,國語,,3,,2,
貪得無厭,,華語,6684,,,,
貪心,詹雅安,台語,,56988,,5,
貪心,詹雅雯,台語,,699,,8,
貪戀,翁立友,台語,,56467,,5,
貪戀你的愛,周雅芳,台語,6390,,,,
貪戀妳的美,,台語,01,,,51,
貪戀的愛,,華語,90,,,,
貪戀的酒,艾莉,台語,,438,,8,
貪求,于台煙,國語,5,449,,62; 62; 62; 2,
貫在有夠花,唐飛,台語,,495,,7,
責任,張宇,國語,,482,,2,
"買,“",王中平,台語,,569,,5,
買單,董育君,台語,,498,,5,
買心,王中平,台語,56748,,,62,
買愛,佳音,台語,,46849,,8,
買花姑娘,姚蘇蓉,國語,,8,,3,
買醉的女人,,台語,04,,,51,
買醉的理由 類型 倫巴 吳艾媄.莊長明 羅聰 ◆ ◆,,華語,,,,39,
買醉的藉口,袁小迪,台語,,574,,6,
買非,沈芳如,台語,,487,,5,
貼心,陳曉東,國語,,3,,2,
貼心收藏,徐世珍,國語,548,3,,45; 45; 45; 2,
貼身保鑣,陳雷,國語,5,7,,2; 61; 61; 61,
貼身情人,張智成,國語,3849,9,,; ; ; 2,
貼近,洪欣,國語,,9,,9,
資源回收,石喬,台語,553,,,00,
資源回收,石琇惠,台語,553,,,00,
賜我,,華語,6666,,,,
賞,,華語,66,,,,
賞月,張秀月,台語,6,,,65,
賢妻,懿嫻,台語,853,,,,
賢妻,林慧省,台語,,680,,5,
賢良婦女,,客語,8,,,51,
賣悲傷,江志豐,台語,0,,,69,
賣晚報的孩童文,夏,台語,,1,,7,
賣火柴小女孩,謝金燕,台語,8745,,,75,
賣火柴小女孩謝,金燕,台語,,48543,,7,
賣煙的姑娘,對唱,台語,,500,,7,
賣煙的姑娘,張素堎,台語,,063,,7,
賣煙的姑娘,方瑞娥,台語,,4,,7,
賣獎券的小姐文,,台語,,547,,7,
賣罪,洪百慧,台語,,8,,5,
賣菜的阿公,夏國星蓀珮林,國語,,563,,3,
賣菜義仔,黃西田 特魯多,台語,7646,,,48,
賣雜細,,客語,8,,,51,
賣鹽的遇著西北雨,石喬,台語,,956,,8,
賭命的堅持,邱芸子,台語,,399,,7,
賭孔,甲子慧,台語,,044,,5,
賭徒,,台語,,,,97,
賭情搏愛,蔡小虎,台語,,3,,6,
賭氣,甲子慧,台語,563,,,61,
贊歌,蒙古族,國語,,980,,2,
贏乎水 恰恰 李明洋 游宜橙,,國語,00,,,46,
贏你喲,詹雅雯,台語,,4,,5,
贏是竡的名,陳百潭,台語,,44544,,7,
贖回,,台語,,467,,8,
贖回,一綾,台語,56946,,,68,
贖罪,於櫻櫻,國語,,6,,2,
贖罪,沈芳如,台語,56593,,,61,
贖罪的心,沈建豪,台語,9,,,68,
赤伶,,華語,6758,,,,
赤子心,陳耀川,國語,,4,,2,
赤崁樓之丶,張蓉蓉,台語,,46890,,8,
赤裸裸,,國語,,59663,,1,
走,溫嵐,國語,5,,,38,
走,蘇有朋,國語,,8,,2,
走不出的回憶,任然,華語,57576,,,63,
走丐燈,邱芬蘭,台語,,3,,5,
走了何必又回頭,,華語,67,,,,
走到最後,高瑞欣,國語,,56854,,2,
走卒(DJ余小磊版),,華語,6648,,,,
走向孤獨,李翊君,國語,,1,,2,
走向我、走向你,包美聖,國語,,6,,3,
走吧,沈芳如,國語,,0,,2,
走味的咖啡,林晏如,台語,,6,,6,
走味的歌,蔡秋鳳,台語,,9,,6,
走味的歌,蔡秋鳳 特魯多,台語,8394,,,57,
走味舞步,郭健一,台語,555,452,,; ; ; 6,
走唱人生,阿吉仔,台語,,948,,6,
走唱的心聲,張蓉蓉,台語,,5,,6,
走唱的無奈,郭馨琦,台語,,6,,8,
走在人生的路口,,華語,6768,,,,
走在冷風中,劉思涵,國語,,46471,,1,
走在紅毯那一天,彭佳慧,國語,553,,,95,
走天涯,降央卓,國語,,4,,2,
走好自己的路,,華語,63,,,,
走完這旅途,,華語,6767,,,,
走心,賀敬軒,華語,57571,,,64,
走找幸福,大芭,台語,,56767,,6,
走找的心肝,,客語,,,,56,
走投無路,李惠樺,台語,,874,,6,
走揣,,台語,,,,,
走散,,華語,67,,,,
走樣,張宇,國語,,4,,2,
走火入魔,伊琳,國語,,850,,2,
走火入魔,芭比,台語,,463,,6,
走火入魔,阿信丁,國語,,56663,,2,
走甲若飛,林在褔,台語,,541,,6,
走若氘,蔡義德張蓉蓉,台語,,577,,5,
走著走著就散了,莊心妍,國語,,590,,9,
走著走著就散了,莊心妍,華語,57445,,,61,
走著走著花就開了 卓舒晨 ◆,,台語,,,,97,
走走味味的的忙忙份份,張秀卿,台語,,438,,8,
走路有風,孫淑媚,台語,566,455,,61; 61; 6; 61,
走路有風,張宇,國語,,1,,2,
走過,伍思凱,國語,,2,,2,
走過,楊樺,國語,,49679,,2,
走過以後,李恕,國語,,464,,1,
走過紅塵,陳亮吟,國語,,964,,2,
走遠路,余天,台語,,1,,5,
走音的吉他,吳申梅,台語,,57857,,6,
走馬燈,西卿,台語,,4,,5,
走馬燈,陳泰翔,台語,,995,,5,
走馬燈的愛情,黃思婷,台語,,566,,7,
起來,四分衛,國語,,5,,2,
起繃,葉瞹菱,國語,,9,,2,
起落人生,王中平,台語,,571,,6,
起落人生,王中平 特魯多,台語,55771,,,61,
起風了,吳青峰,Unknown,,59793,,,
起點,S.B.D.W,國語,5,,,40,
趁今夜,蔡議德,台語,,571,,5,
趁早,張宇,國語,,996,,2,
趁早,張惠妹,國語,,3,,2,
趁燒,小辣椒 吉力巴,台語,6498,,,,
趁著今夜月光暝,,華語,51,,,,
超人,羅百吉,國語,597,47797,,2; 69; 69; 69,
超人不會飛,周杰倫,國語,,4,,3,
超低音,羅百吉,國語,,867,,2,
超口愛,何以奇,國語,,9,,2,
超口愛,超口愛樂團 迪士可,國語,3948,,,,
超口愛耍新年,超口愛,國語,,4,,3,
超可能,S.H.EE,國語,,6,,2,
超快感,孫燕姿,國語,5,,,63,
超快感孑,系燕姿,國語,,586,,2,
超有感,黃鴻升,國語,,464,,2,
超級偶像,吳海文,國語,,57384,,2,
超級賣,蔡秋鳳,台語,,9,,5,
超越,徐承邦,國語,,1,,2,
超越另一個自我,小松/小柏,國語,570,,,61,
超越無限,林俊傑,國語,,946,,9,
超越男一個自我,小小,國語,,6,,3,
超越顛峰,張衛健王韻嬋,國語,,9,,2,
超跑女神,周杰倫,國語,,490,,2,
越來越愛你,黄乙玲,台語,,8,,6,
越來越會愛,林曉培,國語,,7,,3,
越南情歌,,國語,,98386,,2,
越唱越大聲,葉懷佩,台語,,58561,,6,
越忙,,華語,6595,,,,
越想越寂寞,,華語,,,,,
越愛越難過,呉克群,國語,,486,,3,
越懂你越疼你,孫耀威,國語,,3,,3,
越是喝醉越想你,,客語,,,,98,
越是喝醉越想你,趙真,國語,,6,,1,
越界,辦桌二人組,國語,,485,,2,
越笑越難過,莊心妍,華語,57441,,,60,
越走越勇,黄文星,台語,,894,,8,
越頭,袁小迪,台語,,76390,,5,
越頭作珎去,陳小龍,台語,,44542,,6,
越頭作阮行,曾心梅,台語,,4,,6,
越頭看,王尚宏,台語,566,96675,,5; 61; 61; 61,
越頭看,蔡秋鳳,台語,,4,,5,
越頭看情路,江蕙,台語,62,9,,; ; ; 6,
越頭看無你的人,沈芳如,台語,563,,,68,
越頭看無你的人沈,芳如,台語,,763,,7,
越頭看自己,豬哥亮,台語,,574,,6,
趕快回到釶那裡,楊小萍,國語,,779,,1,
趕路,巫啟賢,國語,,3,,2,
趣味趣味,,台語,,2,,6,
趣味趣味,王建傑,台語,558,,,92,
足夠,田躍君,華語,577,,,61,
足愛你,,台語,99,,,,
距離,林俊傑,國語,,877,,2,
距離,林吉玲,國語,,5,,2,
距離,葉良俊,國語,,3,,2,
距離,鄭中基,國語,,3,,2,
距離,陳綺貞,國語,,56752,,2,
跟你做朋友,夏國星,國語,,9,,9,
跟你趴趴走,黃乙玲,台語,6800,,,,
跟你行到底,林晏如,台語,,7,,8,
跟屁蟲,葉復台,國語,,5,,2,
跟影子賽地,中堅分,國語,,3,,3,
跟我來,「蘇芮,國語,,384,,3,
跟我來,童安格,國語,,398,,2,
跟我來人,范逸臣,國語,,5,,3,
跟我免煩惱,林麗灣 特魯多,台語,8,,,,
跟我派對,羅百吉,國語,559,,,71,
跟我説愛我,蔡琴,國語,,0,,3,
跟我談戀愛,楊臣剛,國語,,5,,3,
跟我走,新棠二人劉,台語,,739,,5,
跟煩惱說ByeBye,廖珮均 特魯多,台語,,,,61,
跟自己和解,,華語,6695,,,38,
跟著地球旋轉,費玉清,國語,571,,,63,
跟著感覺走,蘇苗,國語,,9,,3,
跟著我,溫嵐,國語,500,,,40,
跟風,,華語,6941,,,,
跨時代,周杰倫,國語,,2,,2,
跨海大橋,詹雅雯詹雅云,台語,,949,,8,
跩個屁,,台語,,,,38,
路,徐紫淇,台語,56844,772,,64; 64; 64; 8; 8,
路,戴佩妮,國語,,386,,2,
路,梁靜茹,國語,95,657,,; ; ; 2,
路,王傑,國語,,3,,2,
路,阿吉仔,台語,,2,,5,
路中沙,黄思婷,台語,,97575,,8,
路人甲,動力火,國語,,54565,,1,
路口,,台語,69,,,,
路口的轉彎,黄妃,台語,,6,,6,
路在半山腰,北原山,國語,,1,,3,
路彎彎,巫啟賢,國語,,3,,2,
路澹澹,蕭承祥,台語,,654,,5,
路燈,呉宗憲王城,台語,,1,,5,
路燈,王開城/吳宗憲,台語,551,,,80,
路燈伴我心哀悲 吳艾媄 ◆,,客語,,,,51,
路燈可比我的心,沈文程,台語,66,,,,
路燈為誰明,余天,國語,500,,,51,
路燈照孤影,莊振凱洪百慧,台語,,7,,8,
路燈照阮的心,王建傑,台語,556,,,73,
路燈瞭解阮心,洪榮宏,台語,,8,,7,
路途,李晨,台語,,849,,8,
路過人海,,華語,6871,,,,
路過人間三月的風,,華語,69,,,,
路過愛,東來東往,華語,579,,,61,
路還要走下去,方怡萍,台語,65,,,,
路邊a珈畊廳,林俊彦,台語,,497,,7,
路邊彼個小姐,葉敗田,台語,,861,,7,
路邊攤,張政雄薛珮潔,台語,,569,,5,
"路邊的小花,",尤雅,國語,,7,,3,
路邊野芼不要,鄧麗君,國語,,1,,3,
路長情更長,許景淳,國語,585,,,45,
跳,L&A&BOY,台語,,1,,5,
跳DtToneTone,王思佳,國語,,469,,9,
跳恰恰,龍千玉,台語,,0,,5,
跳舞乎你看,李嘉,台語,552,,,,
跳舞時代,白冰冰,台語,,3,,6,
跳舞時代,白冰冰 吉力巴,台語,6654,,,,
跳舞流眼涙,蕭玉芬,台語,,498,,6,
跳舞跳恰恰,侯美儀,台語,8595,,,76,
跳袂煞,呉淑敏,台語,,56951,,5,
跳袂熬,陳中,台語,,493,,5,
跳起來,羅百吉,國語,,8,,1,
跳起來,羅百吉/寶貝,國語,558,,,71,
跳起來,謝金燕,國語,5,4,,2; 61; 61; 61,
跳跳躍的的愛愛情情,甄秀珍,國語,,6,,3,
跳跳迪斯可,張用敏,國語,,9,,3,
跳進來,張惠妹,國語,,673,,2,
跳電,羅百吉/寶貝,國語,5,,,61,
跺跺腳,,華語,,,,38,
踏上白雲層,甄秀珍,國語,,5,,9,
踏星河,,華語,6383,,,,
踏無到底,張蓉蓉,台語,,1,,6,
踏破鐵鞋無塊,王莱,台語,,598,,8,
踏踏著一夕夕陽陽歸鏆去去,葉佳修,國語,,5,,3,
踏雪尋梅,鄧麗君,國語,,7,,3,
踏青,,客語,4,,,51,
踢到鐵板,Energy,國語,,858,,3,
踢踢踏,朱茵,國語,,396,,2,
踩在夕陽裡,蕭孋珠,國語,,2,,3,
踩著你的臉,藍心湄,國語,,397,,3,
踮起腳尖愛,洪佩瑜,國語,,697,,3,
蹦蹦,羅百吉/寶貝,國語,5,,,61,
躊躇,鄭君威,台語,,995,,8,
身不由己,丁噹,國語,,6,,2,
身份,,華語,6649,,,,
身後,張惠妹,國語,,463966,,1,
身軀邊彼個人,王建傑,台語,85,6,,69; 69; 69; 7,
身邊,許紹洋,國語,38,,,,
身邊有你,,台語,,,,,
身騎白馬,徐佳瑩,國語,,56797,,2,
身體音階歌,,華語,65,,,,
車,吳俊宏,台語,,43984,,8,
車撞甲無車,,台語,,449,,7,
車票,張秀卿,台語,,59386,,8,
車站夜雨,李芊慧,台語,,6,,6,
車站張,秀卿,台語,,2,,5,
車站最後一夜,詹雅雯,台語,,2,,7,
車鼓調,原野三,台語,,473,,5,
軋舞,閃亮三,台語,,570,,5,
軋舞,閃亮三姊妹,台語,559,,,61,
軋車,五月天,台語,,5,,5,
軋車,羅百吉,國語,5,867,,77; 77; 77; 2,
軌跡,周杰倫,國語,5,,,,
軟土深堀,蘇錦煌,台語,63,,,00,
軟土深堀,錦煌,台語,,8,,6,
軟心肝,鳳娘,台語,559,564,,83; 83; 83; 5,
軟淡,鄧詠家,台語,,967,,8,
軻仔麺線,黄西田,台語,,573,,6,
輕功,五月天,國語,,9,,2,
輕啟我心靈,鄧妙華,國語,,3,,3,
輕嗅青梅,,華語,64,,,,
輕愁,,國語,,3,,2,
輕描淡寫,,華語,6943,,,,
輕易傷害我,沈世愛,國語,,451,,3,
輕易的愛,杭天祺,國語,,2,,9,
輕煙寄情,麥珒婷,國語,,8,,3,
輕聲細語,詹曼鈴,台語,8644,660,,76; 76; 76; 6,
輕聲說我愛你,林子娟,台語,557,,,61,
輕輕叫一聲心,的詹曼鈴,台語,,460,,7,
輕輕叫一聲心愛的,詹曼鈴,台語,85,,,71,
輕輕叫著你的,陳美鳳,台語,,8,,7,
輕輕說愛我,楊峻榮,國語,,495,,3,
輕輕輕一話話,江志豐,台語,,96990,,7,
輕輕輕吻一下,方瑞娥,台語,,450,,7,
輕鬆舞曲,徐紫淇,台語,5,,,63,
輪到我,,華語,63,,,,
輪杆,阿錡,台語,,494,,5,
輸不起,,華語,6488,,,,
輸了你贏了世界又,如何,國語,,550,,3,
輸人不翰陣,龍千玉,台語,,8,,7,
輸人不輸陣,,台語,,,,94,
輸甲贏,王中平,台語,,5,,5,
輸甲贏,王中平/陳茂豐,台語,569,,,61,
輸的是我贏的不是,你,國語,,49666,,3,
輸給你了,,華語,6462,,,,
輸者,,華語,68,,,,
輸贏,,台語,,,,,
輸贏,江宏恩,台語,56783,,,62,
輸贏,陳雷,台語,6796,,,,
輾轉反側,,華語,61,,,,
轉來Ke,台灣美樂地,台語,,8,,8,
轉來阮身邊,李嘉,台語,559,,,94,
轉大人,施文彬,台語,,446,,5,
轉手愛情,度丹丹,國語,,49800,,3,
轉瞬為風,永邦,國語,,569,,3,
轉角的夏天,彭于晏,國語,,571,,3,
轉角那個女孩~,”楓,國語,,48482,,3,
轉身,付玉龍,國語,,6,,2,
轉身,高慧君,國語,,0,,2,
轉身之後,BII,國語,,570,,3,
轉身的時候,賴雅妍,國語,4947,8,,; ; ; 3,
轉轉,羅美玲,國語,,448,,2,
轉頭來相找,李雅津,台語,,495,,7,
轟動武林,荒山亮,台語,,440,,6,
轟掣天下,荒山亮,台語,,448,,6,
辛德瑞拉立,,國語,,9,,2,
辜不衷,張蓉蓉,台語,,445,,5,
辜負,翁立友大芭,台語,,563,,5,
辜負,金素梅,國語,,3,,2,
辜負你情意,詹曼鈴,台語,6788,,,00,
辜負你的愛,孫淑媚,台語,55798,5,,61; 61; 6; 61,
辜負妳的愛,翁立友,台語,,770,,6,
辜負阮的愛,林春榮,台語,,476,,8,
辣妹,閃亮三,國語,,767,,2,
辣妹,閃亮三姊妹,國語,5,,,69,
辣火的愛情,陳子賢,台語,,973,,8,
辣辣辣,張秀卿,台語,,965,,5,
辣駕到,張秀卿,台語,,57753,,6,
辨不到,張覯穎大嘴巴,國語,,457,,2,
辨泉,辯棠二人組,台語,,9,,5,
辰情,陳瑞,台語,,47399,,8,
辰書,蔡琴,國語,,8,,2,
"農出來,",嚴詠能打狗亂,台語,,572,,5,
農夫的朋友,黃吉雄,台語,,957,,7,
農妝搖滾,藍心湄,國語,,0,,3,
農村女,于撄櫻,台語,,0,,5,
農村曲,江蕙,台語,,6,,5,
農村謠,,客語,1,,,51,
農耕節氣,,客語,0,,,51,
辷君,楊燕,國語,,586,,2,
辻路,工傑,國語,,399,,2,
辻路,廢五金,國語,,0,,2,
辻迷路路,,國語,,572,,2,
迎媽祖之夜,文夏,台語,,2,,6,
迎接好春天,洪榮宏,台語,,068,,6,
迎接希望,林萬生/莊侑親,國語,562,,,00,
迎接希望,林萬生侑親,國語,,4,,2,
迎新年,,台語,,,,52,
迎眷,林智惠,國語,,540,,2,
迎著風,,台語,,,,55,
迎著風迎著雨,蘇呉,國語,,469,,3,
迎親,,華語,6754,,,,
近,李聖傑,國語,,8,,2,
近水樓台,鄧麗君,國語,,7,,2,
近水樓台的月,胡楊林,國語,,499,,3,
返來作伴,楊靜,台語,,9,,8,
返來去,文宏,台語,60,6,,00; 00; 00; 5,
返來我的愛,李明洋,台語,,975,,6,
返來故鄉,余帝,台語,,6,,6,
返來故鄉才知老,石喬 特魯多,台語,55481,,,,
返來阮的夢,江蕙.陳隨意,台語,6965,,,,
返來阮的夢,江蕙陳,台語,,757,,6,
返來阮的心,謝宜君,台語,,97640,,6,
返來阮身邊,林素秋,台語,,443,,6,
返來阮身邊,江蕙,台語,,6,,6,
返去故鄉,伍佰,台語,,6,,6,
返要愛你,周苹健,國語,,692,,3,
迗亻丁,翁立友,台語,,5,,5,
迢級白,HE&有激人,國語,,4,,2,
迢負荷,斯琴高麗,國語,,49552,,2,
迪斯可 歌曲 ◆ 林俊吉,,台語,89,,,,
迴,李恕權,國語,5944,4,,; ; ; 2,
迷亂,許美靜,國語,39,,,,
迷人的危險,DANCE&FLOW,國語,,4,,3,
迷人的探戈,詹曼鈴,台語,55694,47778,,61; 61; 6; 61,
迷人的華爾滋 華爾滋 文豪 ◆,,華語,92,,,,
迷人花香,,客語,3,,,51,
迷到無藥醫,吳淑敏,台語,556,561,,83; 83; 83; 6,
迷夢,許亞童,華語,57546,,,67,
迷失,,台語,70,,,,
迷失,蘇苗,國語,,396,,2,
迷失幻境,,華語,60,,,,
迷失的嘆息,成鳳,國語,5967,,,40,
迷宮,張艾文,國語,,497,,2,
迷幻,蔡依林,國語,,48439,,2,
迷你裙,旺福,國語,,9,,2,
迷情,,國語,,3,,2,
迷情,陳小雲,國語,5,6,,44; 44; 44; 2,
迷惑,張懸,國語,4998,,,,
迷惘,陶莉萍,國語,,690,,2,
迷戀,,華語,69,,,,
迷戀,沈芳如,台語,561,,,61,
迷戀,詹雅雯,台語,555,,,,
迷戀,高劍銘/許惠華,台語,55687,,,61,
迷戀恰恰,類型 恰恰 ◆ 王俊清 ◆ 祁隆,華語,,,,,
迷戀的心,林俊吉,台語,,1,,6,
迷戀的情,祥祥,台語,684,54438,,61; 61; 6; 61,
迷戀的愛,七邱芸子,台語,,438,,6,
迷戀的愛,七郎.邱芸子,台語,6470,,,,
迷戀的酒,蘇錦煌,台語,68,,,00,
迷戀的酒,蘇錦煌欣諭,台語,,765,,6,
迷戀的酒,陳建誠美雀,台語,,3,,6,
迷戀的酒,霈涵,台語,,5,,6,
迷戀舞世界,劉登科,台語,686,54775,,61; 61; 6; 61,
迷航記,黃立行,國語,,8,,9,
迷迭香,周杰倫,國語,503,699,,; ; ; 2,
迷途知返,葉明德,國語,,3,,9,
迷醉,,台語,00,,,51,
迷霧中共舞,傅薇,國語,,7,,3,
迷霧闍城,荒山亮,台語,,8,,6,
迷魂宮,邱芸子,台語,552,441,,87; 87; 87; 5,
迷魂的探戈,,華語,95,,,,
迷魂計,3Club,國語,4562,,,,
迷魂酒,,台語,88,,,,
迷魂陣,江美琪,國語,3981,,,,
迷魂香,翁立友,台語,,561,,5,
迷戀,,客語,895,,,51,
迺夜市,李嘉,台語,,759,,5,
追,,華語,6477,,,,
追,蒲庭龍辦桌二,台語,,3,,5,
追,鳳飛飛,國語,,0,,2,
追不到的愛,葉諾帆,台語,,2,,8,
追光而來,,華語,6766,,,,
追夢,余天,國語,,7,,2,
追寸,人小百,國語,,3,,2,
追尋,林志炫,國語,,3,,2,
追尸,林玉英,國語,,5,,2,
追尹,何方,國語,,9,,2,
追幸福,朱海君,台語,,575,,5,
追得過一切,蘇慧倫,國語,93,3,,; ; ; 3,
追心心肝肝,詹雅雯,台語,,8,,5,
追心肝,張蓉蓉,台語,,58868,,8,
追悔,,華語,6768,,,,
追意,羅義達,國語,,49785,,2,
追憶的戀夢,,台語,,1,,6,
追憶的戀夢,邱蘭芬,台語,,2,,6,
追殺邱比特,蔡依林,國語,5,,,,
追求,M3,國語,,1,,2,
追求,剛澤斌,國語,5,,,50,
追求,楊錦煌,台語,687,,,64,
追求,火星熊,國語,5,975,,2; 61; 61; 61,
追求,陳百潭,台語,66,,,,
追求我的夢,向蕙玲,台語,,9,,6,
追求理想 類型 恰恰 趙柳芝 魏晗（懋懋） ◆ ◆,,華語,53,,,,
追求美夢,蘇洺慧,國語,380,,,69,
追追追,黃妃,台語,,6,,5,
追逐,DJ Black仔哥,國語,5,,,61,
追逐,DJ&BLAC亻寸,國語,,891,,2,
追逐信仰,,華語,67,,,38,
追風的女兒,高勝美,國語,,6,,3,
退伍,張衛健,國語,,9,,2,
退回的信,詹雅雯,台語,,758,,6,
退場,,華語,6690,,,,
退後,周杰倫,國語,,56747,,; ; ; 2,
退後,王中平,台語,9,,,61,
退色的愛,茆惠觀,台語,,6,,6,
退讓,,台語,40,,,94,
退讓,阿杜,國語,501,,,40,
退路,林姍,台語,,7,,5,
送你一句話,張蓉蓉,台語,,972,,6,
送你出帆,陳盈潔,台語,,757,,6,
送你到這,,台語,,,,48,
送你花一朵,季逸,國語,,1,,9,
送你送到這,翁立友,台語,,593,,8,
送出帆,,台語,,756,,5,
送別,,客語,84,,,,
送別,蔡琴,國語,,4,,2,
送君,,國語,,3,,2,
送君,謝宜君,台語,,449,,5,
送君,陳隨意宜君,台語,,665,,5,
送君,黃乙玲,台語,,4,,5,
送君一封批,陳淑芬,台語,,677,,6,
送君出帆,方瑞娥,台語,,476,,6,
送君別離,胡美紅對唱,台語,,94797,,6,
送君在碼頭,,台語,,5,,6,
送君心綿綿,尤鳳,台語,,498,,6,
送君歸,,客語,5,,,51,
送君珠淚滴,丁黛,台語,,5,,6,
送你一句Iamsorry,豬哥亮。珊,台語,,8,,7,
送你到門口,中堅分,國語,,395,,3,
送給你,龍千玉,台語,,574,,5,
送給舻眾朋友的歌,黃三元,台語,,443,,7,
送親,,華語,6394,,,,
送送君君心心糹糹,詹雅雯,台語,,43858,,8,
送送君君情糹糹,于櫻櫻,台語,,8,,8,
送阮的衫,許富凱,台語,556,57892,,50; 50; 50; 50; 50; 52; 6; 52; 52,
逃亡,孫燕姿,國語,,3,,2,
逃犯,吳梵,國語,599,,,82,
逃脱,李玟,國語,,591,,2,
逃避沒有不好,ALIN,國語,,2,,3,
逃離,,華語,65,,,,
逃（致敬父親）,,華語,6539,,,39,
逆光,孫燕姿,國語,5,,,,
逆流成河,金南玲,國語,,59,,1,
逆流成河,金南玲,華語,,,,61,
逆流成海,,客語,65,,,,
逆鱗,周杰倫,國語,500,,,,
逍遙,董育君,台語,,466,,5,
逍遙自在,候貴美,台語,,788,,8,
逍遙過日子,陳铖安,台語,,494,,6,
透明,梁詠琪,國語,5,1,,55; 55; 55; 2,
透明呼吸,,華語,61,,,,
透明眼晴,黃成粼,國語,,498,,2,
透明荒漠,,華語,69,,,,
透露,五月天,國語,,763,,2,
逐夢,鳳琴,國語,7,,,66,
逐夢英雄,,台語,73,,,,
逐沙,王鍵,華語,572,,,61,
途中,黃美珍,國語,,57583,,2,
逗留的地方,陳莉,國語,,974,,3,
逗陣兄弟,袁小迪郭聖,台語,,46694,,8,
逗陣兄弟,陶吉吉虖廣仲,國語,,48472,,2,
逗陣唸歌,蘇振華洪百慧,台語,,945,,6,
逗陣是天意 倫巴 一綾 ◆,,華語,59,,,,
逗陣牽手走作,陳慶池洪守萍,台語,,4,,7,
逗陣牽手走作伙,慢迪斯可,台語,55649,,,61,
逗陣的,伍浩哲,台語,,839,,5,
這一刻,,華語,63,,,,
這一吹我絶不,手齊秦,國語,,467,,3,
這一天過得依然平靜,陳艾湄,國語,,,,,
這一生回憶有你就足夠,,華語,68,,,,
這一生我只牽你的,手,國語,,3,,3,
這一生為了什麼,,華語,6481,,,,
"這一秒,你好不好",許志安,國語,577,,,,
這不是我,炎亞綸,國語,,9,,2,
這世人只希望有亻亇,陳對,台語,,8,,7,
這世界,,台語,,,,,
這世界,阿吉仔,國語,,466,,9,
這些年過得好累,,華語,69,,,,
這個世界,蔡藍欽,國語,39,,,,
這個人已經與我無,關,國語,,3,,3,
這個冬天會很,張衛健,國語,,6,,3,
這個城車,辯棠二人組,台語,,444,,6,
這個男人曾經是我,的,國語,,1,,3,
這呢賜配,陳秀玲,台語,,8,,8,
這就是愛,蟑螂,國語,589,,,91,
這就是我,傅振輝,台語,56645,87996,,67; 67; 6; 67,
這張忙批,詹曼鈴,台語,,4,,6,
這張情批,詹曼鈴,台語,56487,,,61,
這愛情誰對誰錯,林隆璇,國語,590,,,91,
這拵還不知,尤雅/俞隆華,台語,7993,,,54,
這日一個好所,傅振輝,台語,,56678,,7,
這是一個好地方,傅振輝,台語,553,,,94,
這是一個好所,萬梓良,台語,,8,,7,
這是不可能,七郎,台語,55563,,,61,
這是我的生存,道帕妃,國語,,3,,3,
這是最後一吹,謝和弦,國語,,45774,,9,
這杯飮落去,翁立友,台語,,445,,6,
這條情歌,林玉英,台語,,9,,6,
這樣也好,禹芳,國語,,0,,2,
這樣對我最好,郭子,國語,5,,,52,
這樣你還要愛,瑪張惠妹,國語,,58394,,3,
這樣愛你對不對,陳淑樺,國語,39,,,,
這樣愛你好可,林凡,國語,,577,,3,
這樣愛你對不,陳淑樺,國語,,385,,3,
這樣愛你錯了,,國語,,3,,3,
這樣的夜晚你需不,需要,國語,,7,,3,
這樣的夜晚你需不需要我,陳羽容,國語,5,,,68,
這樣的感情到底,,華語,,,,,
這樣的我,李翊君,國語,,391,,2,
這次你是真的傷了,我的,國語,,3,,3,
這次真的動了心,,華語,89,,,53,
這段情,李嘉,台語,,948,,5,
這段緣,,台語,,398,,5,
這甘是戀愛,張清芳,台語,6864,,,,
這甘是阮的愛,孫淑媚 吉力巴,台語,8596,,,76,
這甘算是幸福的生活,林娜,台語,57584,,,64,
這裡有愛等我回來,蔡榮祖,國語,5,,,55,
這裡還有童話,,台語,,,,41,
這輩子只想牽你的手,大哲,國語,,960,,9,
這通電話,陳淑萍,台語,557,480,,75; 75; 75; 6,
這邊那邊,伍思凱,國語,42,,,,
這雨下得好大,,華語,6666,,,,
這首情歌 恰恰 ◆ 張維祐,,台語,86,,,,
這首歌,,台語,85,,,,
這首歌,孫淑媚,台語,56899,885,,65; 65; 65; 8; 8,
逛街,范文芳,國語,,574,,2,
逝愛,韋東明,華語,579,,,61,
逞強,,國語,,575,,2,
逞強,,華語,64,,,,
速力八,安苡葳&許志,台語,,46844,,8,
速配,江惠儀,台語,,444,,5,
速配,許富凱曹雅雯,台語,,5,,8,
造物弄人,冷漠,國語,,458,,2,
造飛機,謝金燕,台語,56790,576,,5; 63; 63; 63,
連哭都是我的,柬來柬主,國語,,497,,3,
連回憶都不給,喝彭羚,國語,,3,,3,
連夢也沒有,蔡榮祖,國語,,2,,9,
連杯酒,高向鵬台萍,台語,,8,,5,
連的真心,王定傑,台語,,2,,6,
連耦心,謝莉婷,台語,,444,,5,
週末白沙灣,藍聖文,國語,,3,,3,
進無步退無路,陳慶池,台語,556,579,,50; 50; 50; 50; 50; 52; 7; 52; 52,
進行式,胡彥斌,國語,,9,,9,
進退,王江發,台語,,94854,,5,
進退兩難,張真,國語,,3,,2,
進退兩難,蔡小虎,台語,,43860,,8,
進退攏為難,羅時豐王瑞需,台語,,9,,6,
逼得太緊,陳潔儀,國語,,3,,3,
逾矩,,華語,64,,,,
遀人打算,豬哥亮,台語,,572,,6,
遇,劉文正,國語,,3,,2,
遇見,孫燕姿,國語,,,,,
遇見,陳淑萍,台語,,476,,8,
遇見.愛,王中平林雨葶,國語,,950,,2,
遇見你,,國語,,3,,2,
遇見你失去你,趙嘉,Unknown,,894,,1,
遇見你才懂愛情,,華語,,,,,
遇見你時風好甜,,華語,6400,,,39,
遇見另外一個,許茹芸,國語,,3,,3,
遇見愛,,台語,,,,95,
遇見愛,陶鈺玉,國語,,6,,1,
遇見愛的你,,華語,6598,,,,
遇見最愛的你,張雷,華語,57487,,,66,
遇見絕望,董育君,國語,,546,,3,
遇見過就好,,華語,63,,,,
遇見．愛,王中平/林雨葶,國語,5,,,61,
遊園产,張語倢,國語,,497,,3,
遊夜市,李嘉,台語,,442,,5,
遊夜彳,尤雅,台語,,0,,5,
遊夜行一,,台語,,4,,5,
遊子吟,蔡琴,國語,,553,,2,
遊山玩水,彭秀珠 特魯多,台語,0,,,66,
遊戲人間,鄭智化,國語,,3,,3,
遊戲終止,凌峰,國語,5953,,,,
遊樂園,趙秋凱,國語,,76759,,2,
遊覽車 百萬點閱神曲夯歌 歌曲,,台語,50,,,93,
運,劉嘉亮亮,國語,,575,,2,
運,黃乙玲,台語,,7,,5,
運命,,台語,,2,,5,
運命,潘佩莉,台語,,7,,5,
運命,風采輪,台語,,8,,8,
運命之歌,石喬,台語,553,,,00,
運命你是一隻風吹,蔡義德,台語,6455,,,,
運命天注定,蕭孋珠,台語,,494,,7,
運命莫怨天,阿吉仔,台語,,9,,7,
運將ㄟ 迪斯可 楊欣樺,,台語,,,,43,
運將的心情,吳宗和,台語,,496,,7,
運河悲喜曲,,台語,,1,,7,
運河悲歌,文夏,台語,,4,,6,
運河追想曲,江蕙,台語,,581,,7,
運河追想曲,葉啟田,台語,,966,,7,
過,,華語,6650,,,,
過,郎軍,國語,,849,,2,
過一眠甘會凍將你放袂記,阿樂,台語,57587,,,65,
過了今夜,袁小迪,台語,69,484,,; ; ; 6,
過了卡快活,沈芳如,台語,56596,490,,61; 61; 61; 7,
過了幾年,,國語,66,,,38,
過來人,楊美蓮,國語,,2,,2,
過動兒,蔡健雅,國語,562,,,85,
過去不是過錯,,客語,,,,98,
過去不是過錯,趙真,Unknown,,3,,1,
過去乾杯,韓寶儀,台語,,0,,6,
過去啦乾杯,王建傑,台語,,380,,7,
過去放抹記,洪百慧 特魯多,台語,559,,,84,
過去是過去,周育嬋,台語,,948,,7,
過去是過去,陳秀玲,台語,6740,,,,
過去當做一場,,台語,,9,,7,
過去的,,台語,,,,,
過去的,李明洋,台語,,59750,,8,
過去的代誌,,台語,,6,,7,
過去的你,,華語,6469,,,,
過去的情夢,,台語,,598,,7,
過去的情夢,良一,台語,6865,,,,
過去的春夢,姚蘇蓉,國語,,9,,3,
過去的溫杀,芬華,台語,,687,,7,
過去的溫柔,蔡小虎,台語,,571,,7,
過去的過去,洪榮宏,台語,,655,,7,
過各,,國語,,8,,1,
過境的心,王靜埜,國語,,3,,3,
過大年,李漢昭白娜,國語,,76741,,2,
過完冬秊,李玟,國語,,9,,3,
過客,,國語,,7,,1,
過客,于台煙,台語,55971,997,,5; 61; 61; 61,
過客,人對唱,台語,,0,,5,
過客,李子陽,華語,57575,,,63,
過客,楊靜,台語,,456,,5,
過年恭喜發財,張秀枝,台語,4,,,66,
過得去,蘇盈之,國語,,57957,,2,
過我的生活,蕭煌奇,國語,,57867,,3,
過日子,小錬椒,台語,,5,,5,
過時告白,,台語,71,,,,
過時的花蕊 探戈 ◆ 李芝蓁,,客語,87,,,,
過暝酒,白冰冰,台語,550,76546,,80; 80; 80; 5,
過期,,華語,63,,,,
過期的一聲對不起,江志豐,台語,,46845,,8,
過期的車票,蔡秋鳳,台語,,46944,,8,
過渡期,小宇,國語,,970,,2,
過火,張信哲,國語,3891,,,,
過眼雲煙,王菲,國語,,3,,3,
過路人,孫淑媚,台語,563,045,,5; 61; 61; 61,
過路人,陳一郎,台語,,492,,5,
過路情,陳百潭陳有娜,台語,,6,,8,
過路的人,王秀琪,台語,,847,,8,
過過去去一一段段情情,陳明仁,國語,,5,,3,
遐呢愛妳,林俊吉,台語,,8,,6,
道上,阿錡,台語,,490,,5,
道歉,揚哲,台語,556,455,,87; 87; 87; 5,
道聽塗説,林芯儀,國語,,58872,,9,
道路,高峰,台語,,948,,5,
道路,高峰 森巴,台語,564,,,67,
達令我愛你,黄品源,國語,,4,,3,
達爾文,蔡健雅,國語,561,547,,85; 85; 85; 2,
違,,華語,6894,,,,
違心的謊話,,華語,,,,,
違心的讃話,夏蜿安,國語,,8,,1,
遙遙遠的美「,蔡小虎,台語,,56875,,7,
遙遙遠的記治,王瑞霞,台語,,48862,,7,
遙遙遠遠的的愛愛情屵,吳淑敏,台語,,885,,7,
遙遙遠遠的的等丶待待,江蕙,台語,,8,,7,
遙遙遠遠的的記記憶憶,辦桌二人組,台語,,56990,,7,
遙遠也是一美,沈芳如,國語,5,,,67,
遙遠寄相思,,國語,,3,,3,
遙遠寄相思,姚蘇蓉,國語,,552,,3,
遙遠的你,,華語,60,,,; ; ; ,
遙遠的你 Folk ◆ 歡子,,台語,,,,00,
遙遠的心,,華語,,,,,
遙遠的愛,,台語,,,,,
遙遠的愛,,華語,,,,93,
遙遠的愛,藍聖文,國語,,394,,3,
遙遠的戀情,方順吉魏嘉検,台語,,59697,,8,
遙遠的牽掛,,華語,78,,,43,
遙遠的牽掛,李明洋,台語,,46758,,8,
遠在天邊,洪榮宏,台語,,44586,,6,
遠在心底的你,,華語,67,,,,
遠嫁,,華語,69,,,,
遠山含笑,凌波,國語,,469,,3,
遠方,H.E,國語,,8,,2,
遠方,S.H.E,國語,,,,,
遠方,蔡琴,國語,,8,,2,
遠方的你,,華語,63,,,,
遠方的媽媽,,台語,,,,00,
遠方的花，家鄉的樹 中板靈魂樂 京劇·吳昊,,華語,6662,,,,
遠方的遠方還是遠方,,華語,,,,00,
遠走高飛,林憶蓮,國語,,2,,3,
遠走高飛,江蕙,台語,,578,,6,
遠走高飛,王建傑,台語,560,964,,68; 68; 6; 68,
遠走高飛,陳曉娟,國語,,3,,3,
遠遠遠看一著妳妳,李明洋,台語,,44496,,7,
遠離動情,林國榮,國語,,,,,
適應,張可芝,國語,,682,,2,
遲來的愛,李茂山,國語,,5,,3,
遲到的温柔,張津滌,國語,,4,,9,
遲早,1,國語,,4,,2,
遲早,AKI,國語,3964,,,,
選債,向蕙玲,台語,,687,,5,
選對象,蕭麗珠,台語,,443,,5,
選擇,曾瑋中心潼,台語,,468,,8,
選擇失憶,,台語,53,,,,
選擇你,江志豐乖秀卿,台語,,579,,5,
選擇的人生,,華語,,,,,
選擇遺忘,,台語,,,,,
選擇離開,林麗純,台語,7,,,64,
選擇題,,華語,6747,,,,
選是做朋友,曾春年,國語,,93856,,1,
選記付,陳明仁,國語,,5,,2,
遺失的心跳,蕭亞軒,國語,,576,,3,
遺失的美好,張韶涵,國語,,3,,; ; ; 3,
遺忘,明黃玉祝,國語,,4,,2,
遺忘,江玲,國語,,9,,2,
遺忘,謝華,國語,,49668,,2,
遺忘,辛曉琪,國語,539,,,51,
遺忘了無奈,張孫益程,國語,,49883,,3,
遺忘的約定,黎亞,國語,,457,,3,
遺憾,,華語,62,,,,
遺憾,方文琳,國語,,3,,2,
遺憾,許美靜,國語,,3,,2,
遺憾也值得,,華語,62,,,,
遺憾的情夢,沈芳如,台語,55747,,,61,
遺棄,羅文聰,國語,,9,,2,
遺槭,豪記人對唱,台語,,564,,5,
遺漏,詹曼鈴,國語,572,,,63,
遺馘的情夢,沈芳如,台語,,567,,7,
避免傷害,,台語,,,,41,
避雨,詹雅雯,台語,,8,,5,
避風港,方瑞娥,台語,,460,,5,
避風港,黃乙玲,台語,,4,,5,
避風港,黃湘庭,台語,,589,,8,
邀請,,台語,,46874,,8,
邁向前方,阿爍,國語,,465,,3,
邁向成功道路,,客語,6,,,51,
邂逅,優客李,國語,,3,,2,
還不致於,莊心妍,國語,,782,,3,
還像忙人一樣,,國語,,580,,3,
還原點,余亮誼,國語,,4,,2,
還君明珠,唐娜,國語,5,,,99,
還在聽悲傷的歌,,華語,6887,,,,
還好,,國語,,596,,1,
還好有你,,華語,6465,,,,
還你自由,動靜樂,國語,,772,,3,
還愛著你,李果,國語,,,,61,
還是喜歡你,Sweety,國語,562,,,61,
還是想你,梁一貞,台語,,579,,6,
還是想你,梁一貞,國語,,7,,3,
還是想念,家家,國語,,9,,9,
還是散了,,華語,59,,,,
還是會,韋禮安,國語,,57451,,2,
還是會想他,何耀珊,國語,44,,,,
還是朋友,張雨生,國語,,8,,3,
還是朋友,梁文音,國語,,4,,3,
還是英雄,王中平,台語,55851,,,63,
還是英雄隹,王中平,台語,,56453,,6,
還是要幸福,田馥甄,國語,,574,,3,
還是說了再見,,華語,67,,,,
還會愛你多久,若羚,國語,59,,,,
還能怎樣,,華語,6658,,,,
還能怎麼辦,高子洋,國語,,,,,
還能怎麼辦,高子洋口曰,國語,,6,,3,
還自,洪榮宏,台語,,6,,5,
還要,,華語,,,,98,
還要再受多少罪,,華語,6882,,,,
還言己得与,劉剛,國語,,7,,3,
還記寸,葉良俊,國語,,0,,2,
還記得我嗎,,台語,52,,,,
還記得我瑪,張克帆,國語,,1,,3,
還鄉,,華語,69,,,,
還鄉,江蕙,台語,66,,,00,
還隱隱作痛,亠,國語,,2,,3,
邊做邊愛,陳旭,國語,,68492,,3,
邊做邊愛,陳旭,華語,576,,,61,
邊喙,李碧華,國語,,460,,2,
邊城好漢,荒山亮,台語,,96768,,6,
邊界99,許美靜,國語,,3,,2,
邊緣人士,,華語,6588,,,,
邊走邊唱,黃磊,國語,,4,,3,
邕一不育,李政,國語,,57891,,2,
那A安呢,李千那,台語,,597,,8,
那ㄟ按呢,M3,台語,,3,,6,
那一個心痛的,晚庾澄慶,國語,,788,,3,
那一夜,羅百吉,國語,5,,,60,
那一年冬天香港在,下雪,國語,,889,,3,
那一盆火,,國語,,463,,1,
那些不成熟的愛,周恬熙,國語,,480,,1,
那些不成熟的愛 周恬熙 ◆,,華語,40,,,96,
那些夜晚,,華語,,,,,
那些年,,國語,,574,,2,
那些花兒,范瑋琪,國語,38,,,,
那些遠去的愛,,華語,,,,53,
那以後,石衛,國語,,686,,2,
那個不多情,紫薇,國語,,552,,3,
那個人,深白色二人組,國語,39,,,,
那個人,陳雷,台語,,4,,5,
那個個不不多情情,,國語,,8,,3,
那個女孩,,華語,63,,,,
那個女孩,鄭瓊之,台語,,5,,6,
那個我只敢想念不敢打擾的人 中板靈魂樂 ○ 代表【midi無人聲】 ★ 代表【原聲 或 原聲原影】 適用機型：S-(BD.IMSBP系列.N系列.N2系列.W系列),● 代表【midi+人聲伴唱】 利用人如欲使用本產品於「公開場所」使用，請逕洽集管團 ◆ 代表【midi+原聲伴唱】 體或著作財產權人取得「公播授權」後，始得合法使用 上述符號為【歌曲類型】依機型及功能而有所不同 2 發行日期 /,華語,66,,,,
那可不一定,莫文蔚,國語,41,,,,
那天,張克帆,國語,,7,,2,
那天再相見,姚蘇蓉,國語,,7,,1,
那天那夜,陳潔儀,國語,593,,,45,
那女孩對我說,梁文音,Unknown,,59764,,1,
那奴灣名字,林玉英,台語,,44473,,6,
那就叫想念,,國語,,,,95,
那就戀愛巴,安俐娜,國語,,9,,9,
那就讓眼淚落下,,華語,66,,,,
那就這樣巴,動力火,國語,,989,,3,
那年夏天,,國語,55,,,,
那年夏天,于台煙,國語,558,,,67,
那年夏天寧靜的海,王心凌,國語,550,,,82,
那年夏天的溫柔,,華語,6465,,,,
那年的事,詩雨,國語,5,2,,00; 00; 00; 2,
那年秋,,華語,6694,,,38,
那年花開月正圓,,華語,,,,40,
那年錯過的愛情,白小白,華語,,,,60,
那想那趣味,,台語,,9,,6,
那是我貧瘠世界無法表達的愛 抒情搖滾 李飄飄,,華語,6697,,,,
那時候,,台語,85,,,,
那時我還不懂愛,高原,華語,573,,,61,
那會安呢,鄭瓊之,台語,,5,,6,
那樣一個你,,華語,64,,,,
那段悲傷的路程,,華語,63,,,,
那無兄,,台語,,8,,5,
那片光輝,,華語,63,,,,
那男孩還好嗎,,華語,65,,,,
那真實有影,詹雅雯,台語,,0,,6,
那誰蘇,永康,台語,,57945,,5,
那那可可不不一一定定,莫攵蔚,國語,,7,,3,
邪個不多情,費玉清,國語,,846,,3,
邪裡都是你,周杰倫,國語,,4,,3,
郊,鳳飛飛,國語,,567,,2,
郊道,姚蘇蓉,Unknown,,8,,2,
郎尼路加,青對,國語,,556,,2,
郎有心妹有心,,客語,1,,,51,
郎的誘惑,,台語,,,,41,
郷居記趣,葉佳修,國語,,955,,9,
郷愁,龍千玉,台語,,1,,5,
郷村小姑娘,龍千玉,台語,,881,,6,
郷親亠定是亠,李天良舉婉&,台語,,8,,8,
都什麼時候了,張惠妹,國語,,574,,3,
都市嘆,侯冠如 特魯多,台語,553,,,00,
都市嘆,候冠如,台語,,493,,5,
都市的戀情 迪斯可 ◆ 張漢朝,,台語,41,,,,
都市霓虹,,台語,64,,,,
都市麗人,,台語,,,,00,
都市麗人,張曼莉,國語,,9,,2,
都忘了吧,,台語,56,,,,
都忘了吧,,國語,,594,,1,
都怪,,華語,6482,,,,
都是你,光良,國語,42,,,,
都是你,勃露斯,華語,,,,69,
都是你,祁隆,國語,,9,,9,
都是因為我愛你,方怡萍,台語,8562,,,72,
都是你,斯琴高,國語,,68474,,2,
都是我的錯,王建傑,國語,551,,,68,
都是我的錯,玖壹壹,國語,,8,,1,
都是最好的,,華語,68,,,,
都是真的,侯湘婷,國語,,9,,2,
都為了愛,譚詠麟,國語,,3,,2,
都要好好的,小沈陽/沈春陽,華語,57668,,,68,
都要好好的,小沈陽VS沈春,國語,,472,,1,
都車戀愛故事,CD&VOC,國語,,3,,3,
都車的夢,王識賢,台語,,2,,6,
都車英雄,林美惠,台語,,7,,6,
都馬曲,,台語,,841,,5,
鄉土情,蔡小虎,台語,,76843,,5,
鄉情,俞隆華,台語,80,,,53,
鄉愁,費玉清,國語,,3,,2,
鄉愁',周蓬霖,台語,,46688,,8,
鄉搖,,台語,46,,,,
鄉村姑娘,姚莉,國語,,784,,2,
鄉村姑娘,尤雅,國語,,7,,2,
鄉村小路,張秀卿,台語,,9,,8,
鄉村路上,蔡幸娟,國語,5,,,99,
鄉親情,陳盈潔,台語,,390,,5,
鄉關何處是 鳳凰傳奇 ◆,,國語,,,,95,
酉國好男兒,謝雷,台語,,764,,6,
酉後更想你,晨熙,國語,,592,,1,
酉攤亻,高向鵬辰輝,台語,,6,,5,
酉昜悲糹旦,林峰,台語,,498,,6,
酋原恰想也是你,文綺,台語,,57749,,7,
酋原會記你的味,蔡小虎,台語,,0,,7,
配角,高登,國語,,465,,2,
酒,,台語,,9,,5,
酒!不可飮太,洪榮宏,台語,,760,,7,
酒不醉人人自醉,石喬,台語,6752,,,,
酒中愁,張蓉蓉,台語,,567,,5,
酒中花,翁立友千玉,台語,,564,,5,
酒中花,陳盈潔,台語,,6,,5,
酒仙點紅花,白冰冰戶座,台語,,489,,6,
酒伴,高向鵬尃輝,台語,,762,,5,
酒來一杯,邱芸子,台語,,764,,6,
酒來安慰,陳茂豐,台語,564,3,,61; 61; 6; 61,
酒友,袁小迪,台語,,798,,8,
酒啊,林晏如,台語,,797,,5,
酒啊!我投降,唐飛,台語,,473,,6,
酒喝乎漓,芭比,台語,,7,,6,
酒國一惢化,王瑞霞,台語,,492,,6,
酒國女神龍,廖麗雅 吉力巴,台語,6491,,,,
酒國戀歌,陳雷,台語,,9,,6,
酒國神仙,林美惠,台語,,700,,6,
酒國英雄,謝雷,台語,,2,,6,
酒埸情話,,台語,,766,,6,
酒場人生,王建傑,台語,558,,,88,
酒場情歌,施文彬乙玲,台語,,584,,6,
酒場情歌,黃乙玲/施文彬,台語,6949,,,,
酒場情話,郭金發,台語,,449,,6,
酒場戀歌,陳一郎,台語,,3,,6,
酒場浪子,黃克,台語,,2,,6,
酒場煙花淚,林玉英,台語,,7,,6,
酒場的粉垰娘,方瑞娥,台語,,4,,7,
酒場的花,鄭寬助,台語,56939,7,,67; 67; 67; 8; 8,
酒女的心聲,李秀蘭,台語,55472,887,,; ; ; 6,
酒女的條件,飄香香,台語,,761,,6,
酒尚坦白,袁小迪,台語,,7,,6,
酒屵的粉垰娘,張淑美,台語,,5,,7,
酒影之聲,李惠樺,台語,,842,,6,
酒後人生,白冰冰,台語,84,678,,71; 71; 71; 6,
酒後吐真言,蔡小虎龍千玉,台語,,6,,6,
酒後的嘩聲,唐飛,台語,563,493,,63; 63; 6; 63,
酒後的心聲,",江蕙",台語,,6,,6,
酒愁,黃乙玲,台語,,0,,5,
酒愈喝心愈煩,,台語,,768,,7,
酒攤,七郎,台語,66,1,,; ; ; 5,
酒改不好,劉福助,台語,,763,,6,
酒昜忙話,,台語,,7,,6,
酒是解愁的寺單,,台語,,4,,7,
酒杯の戀,甲子慧,台語,562,,,61,
酒杯來作伴方,施文彬,台語,,884,,6,
酒杯情,彭秀珠 特魯多,台語,,,,61,
酒杯情,蔡小虎,台語,,56674,,5,
酒杯情淚,上明,台語,,447,,6,
酒杯戀,甲子慧,台語,,080,,6,
酒樓小夜曲,陳思安,台語,,380,,6,
酒歌,黃乙玲,台語,,564,,5,
酒海,'蔡小虎,台語,,450,,5,
酒淚 中板靈魂樂 ★ 雪二,,華語,61,,,,
酒減飲淡薄,唐飛 吉力巴,台語,563,,,63,
酒無味心也醉,劉育綾,台語,88,98750,,64; 64; 64; 8; 8,
酒牶亻,高向鵬禣,台語,,7,,5,
酒甲淚,方怡萍,台語,,560,,5,
酒矸仔伴,蔡秋鳳,台語,,765,,6,
酒肉朋友,黃連煜,台語,,56673,,6,
酒膽,陳一郎,台語,,0,,5,
酒與淚,尤雅,台語,,8,,5,
酒色財氣,楊小萍,國語,,789,,2,
酒色財氣00,甲子卉,國語,,4,,3,
酒落喉,蔡秋鳳,台語,,5,,5,
酒解不好,七郎,台語,,0,,6,
酒解不好,七郎 吉力巴,台語,68,,,,
酒逢知己,阿錡,台語,,497,,6,
酒酉也亻悲,傅振輝,台語,,769,,6,
酒酉的滋味,蔡秋鳳,台語,,7,,6,
酒醉,袁小迪,台語,,1,,5,
酒醉一場空,林仲一 搖滾,台語,57583,,,64,
酒醉叫著你的名,唐飛,台語,563,,,63,
酒醉固定人,七郎,台語,,4,,6,
酒醉情話,詹雅雯,台語,,572,,6,
酒醉的人上人,鄭琇月,台語,,4,,7,
酒醉的人上大,鄭琇月,台語,61,,,,
酒醉的夢,江蕙,台語,,2,,6,
酒醉的忙話,高向鵬,台語,,770,,6,
酒醉的探戈,動力火,國語,,3,,3,
酒醉的暗暝,郭桂彬,台語,,761,,6,
酒醉的歌,陳小雲,台語,,771,,6,
酒醉的歌聲,丁鈴,台語,,3,,6,
酒醉還是地震,江蕙,台語,,963,,7,
酒醉黑白話,余陳盈潔,台語,,4,,6,
酒醒情袂醒,蔡小虎,台語,,557,,6,
酒醒茜己歹、,青山,國語,,744,,3,
酒量酒膽,王識賢金燕,台語,,679,,6,
酒阿 我投降,唐飛,台語,563,,,63,
酒館之戀,尤景仰&王山,台語,,060,,6,
酒館情歌,吳梵,國語,5,,,78,
酒館裡的敘事詩,,華語,6573,,,,
酩酊,,華語,6476,,,,
酷刑,西卿,台語,,2,,5,
酸甘甜的人生 中板靈魂樂 朱璨詮,,客語,65,,,56,
酸甘蜜甜,謝金燕,台語,85,2,,72; 72; 72; 6,
酸甜,蔡依林 慢迪斯可,國語,560,,,77,
酸酸,詹雅雯,台語,,950,,8,
酸風柳樹,澎恰恰,台語,,465,,6,
酸鳳梨,黃思婷,台語,,468,,8,
醉,鄭進一,台語,,767,,5,
醉一生,一錂,台語,,3,,8,
醉三更,李明雪 特魯多,台語,0,,,69,
醉三秋,,華語,6594,,,,
醉中沙,王識賢,台語,555,442,,97; 97; 97; 5,
醉中英雄,呉俊宏,台語,,59546,,8,
醉乎死,袁小迪,台語,,1,,5,
醉亡亡白愛,侖隆華,台語,,8,,7,
醉人歌,。夏國星,國語,,6,,9,
醉人生,謝宜君,台語,,596,,8,
醉到底,蔡小虎王咄霤,台語,,491,,5,
醉千年,蔡小虎張秀卿,台語,,749,,5,
醉咖啡,王識賢,台語,556,,,,
醉在你的懷中,,國語,,3,,3,
醉城傷,嚴藝丹,國語,,598,,9,
醉夢人生,陳謝婷婷,台語,,48745,,6,
醉夢人生,陳雷/謝婷婷,台語,558,,,76,
醉後的心聲,侯美儀,台語,554,445,,74; 74; 74; 7,
醉後的情人,謝雷,台語,56575,,,65,
醉心,蔡小虎,台語,,4,,5,
醉心夢,曾心梅,台語,,2,,5,
醉心探戈,黃文星秀蘭瑪,台語,,7,,6,
醉情味,,客語,3,,,51,
醉情淚,林玉英,台語,56641,,,67,
醉抹停,蔡秋鳳,台語,,0,,5,
醉攻瑰,兪隆華,台語,,465,,5,
醉月,,台語,71,,,,
醉李白,蔡秋鳳,台語,,577,,5,
醉桃花,黄鳳儀,台語,,7,,5,
醉歌,陳思安,台語,,595,,8,
醉死也笑笑,李明洋,台語,,3,,7,
醉死尚好,徐亨,台語,,765,,6,
醉流年,,客語,59,,,,
醉流年,魚夏之,國語,,464,,1,
醉無罪,龍千玉,台語,,58538,,5,
醉玫瑰,俞隆華,台語,82,,,49,
醉珈畊,王識賢,台語,,459,,5,
醉甲不知人,蔡秋鳳,台語,,697,,7,
醉相思,,華語,79,,,,
醉相思,王瑞霞,台語,,491,,5,
醉相思,祁隆,國語,,461,,2,
醉紅顏,謝宜君,台語,,58873,,8,
醉美人,何華 特魯多,台語,986,,,64,
醉與罪,魏新雨,國語,,989,,2,
醉英雄,蔡秋鳳,台語,60,645,,; ; ; 5,
醉萬年,陳百潭,台語,,6,,8,
醉落去,司馬鳳,台語,,98669,,8,
醉袂醒,張蓉蓉,台語,,568,,5,
醉詠天鵝湖,荷楓,國語,966,,,63,
醉話,,台語,,,,39,
醉路毋通行 梭 陳菀翎,,客語,,,,46,
醉醉嘛卡歸去,林秀綾 特魯多,台語,554,,,98,
醉醒批是你,黒皮,台語,,2,,7,
醉風塵,林玉英,台語,,466,,8,
醉鳳,張蓉蓉,台語,,566,,5,
醉鴛鴦,袁小迪,台語,,592,,8,
醒不來,,台語,47,,,,
醒不來,王菲,國語,,3,,2,
醒不來的夢 梭 高迪 ★,,華語,68,,,,
醒了,戴愛玲,國語,,57993,,2,
醒來,,台語,,3,,5,
"醒來,巴!雷夢娜",蔡一虹,國語,,4,,3,
醒來吧!我的,高向鵬台萍,台語,,485,,7,
醒啝,王中平,台語,,0,,5,
醒啦,王中平,台語,565,,,61,
醒悟,丁力,國語,,6,,2,
醜人有醜福,鄭倫境,台語,,560,,7,
醜八怪,薛之謙,國語,,594,,1,
醜心的人,黃乙玲,台語,,491,,6,
醜戲賢拖棚,鄭如涵 特魯多,台語,6983,,,00,
醜醜啊思想枝,陳雷,台語,,457,,7,
醜醜思想枝,陳雷,台語,,2,,7,
醞釀,陳栾迅,國語,,4,,2,
醫不自醫,,華語,66,,,,
釆楓之夜,工又萱,國語,,543,,2,
釆楓仙境,王又萱,國語,,5,,9,
釆苶舞曲,張用敏,國語,,993,,2,
采,,華語,68,,,,
采楓仙境,王又萱,國語,2,,,66,
釋放愛情,剛澤斌,國語,5,,,,
釋褱,郭婷筠,台語,,58875,,8,
里吃黑,張惠妹,國語,,56865,,2,
里白相,沈芳如,台語,,57776,,5,
里白舜,張文琦,台語,,1,,5,
里白舞.,芭比,台語,,894,,5,
里白配…,范瑋琪,國語,,5,,2,
里約熱内盧,楊坤,國語,,76666,,3,
里面,施文彬黑抃,台語,,888,,5,
重來,李聖傑,Unknown,,684,,2,
重來,李聖傑,國語,59,,,40,
重來,林玉英,台語,56643,,,67,
重來,黃小琥,Unknown,,570,,2,
重傷,張棟樑,國語,559,,,52,
重傷,林凡,國語,,573,,2,
重傷的汗水,動力火車,國語,80,,,38,
重出江湖,袁小迪,台語,,487,,6,
重力失效手冊,,華語,6577,,,39,
重回故郷,,台語,,691,,6,
重回漢唐,孫異,國語,,49770,,2,
重回的故鄉,,台語,,7,,6,
重忙的女人,林子娟,台語,,942,,6,
重情,林家男 搖滾,台語,5,,,65,
重情的女人,林子娟,台語,559,,,61,
重情重義,余家旗,台語,55983,,,61,
重愛輕友,黎明,國語,,381,,2,
重感情,曾明莉,台語,,687,,5,
重感情,蔡小虎,台語,,489,,5,
重感情的人,蔡小虎,台語,,1,,6,
重慶森林,王紹博,華語,574,,,61,
重提在事,王瑞瑜,國語,,380,,2,
重新做起,林清國,台語,,490,,6,
重新再起,,台語,,,,47,
重新出發,,台語,90,,,,
重新認識我,楊丞琳,國語,,7,,9,
重新開始,詹曼鈴,台語,562,0,,61; 61; 6; 61,
重温售歹,,台語,,539,,6,
重温舊夢,林立洋,國語,,462,,2,
重溫往日情,,客語,5,,,51,
重生,,客語,8,,,51,
重相逢,青山,國語,,9,,2,
重相逢,鳳飛飛,國語,,8,,2,
重糹舊地,樊凡,國語,,946,,2,
重置,,華語,6668,,,,
重複離別,掉的人,華語,68,,,,
重要,宇兒,Unknown,,683,,2,
重要,宇兒,華語,575,,,61,
重要,王瑞霞,台語,,556,,5,
重返寂寞,張智成,國語,38,,,,
重逢,,Unknown,,7,,2,
重逢,傅振輝/高向鵬,台語,56658,,,67,
重逢,傅振輝高白鵬,台語,,446,,5,
重逢,蘇芮,Unknown,,9,,2,
重逢,鳳飛飛,Unknown,,555,,2,
重逢台北市,袁小迪鄧詠家,台語,,739,,6,
重逢台西港,唐飛,台語,,493,,6,
重逢日子,洪百慧,台語,,4,,6,
重逢火車站,辦桌二人組,台語,,56643,,6,
重逢的港口,方瑞娥,台語,,974,,6,
重逢的港口,郭大誠尤君,台語,,49487,,6,
重逢的港口,龍千玉,台語,,2,,6,
重逢的車站,,台語,,59559,,8,
重逢酒,陳甲子慧,台語,,573,,5,
重逢酒,陳雷/甲子慧 慢迪斯可,台語,558,,,61,
重逢高雄港,江蕙,台語,,0,,6,
重重播播,張傑,國語,,579,,2,
重重的相思,江銘,台語,,8,,8,
野予花匕夢,甲子慧,台語,,842,,5,
野人,,華語,69,,,,
野嗇微,截佩妮,國語,,453,,2,
野子,,國語,,46484,,1,
野孩子,S.B.D.W,國語,5,,,38,
野孩子,柯有倫,國語,,9,,2,
野心,熊天平昔慧文,國語,,0,,2,
野心勃勃,芭比,國語,,5,,2,
野性的青春,曹西平,國語,587,,,61,
野攻瑰,鳳飛飛,國語,,571,,2,
野柳風光,洪一峰,台語,,9,,6,
野火,,華語,69,,,,
野火,許富凱,台語,,46742,,8,
野火燒不盡思念,,華語,6657,,,,
野猫,石琇惠,台語,,842,,5,
野獸,丁噹,國語,,743,,2,
野生花,蔡麗津,台語,,964,,5,
野花,田震,國語,,561,,2,
野花,陳盈潔,台語,,842,,5,
野花上的眼涙,劉家昌,國語,,953,,3,
野花上的眼涙,甄妮,國語,,846,,3,
野花夢,甲子慧,台語,559,,,61,
野菊花,高凌風,國語,,3,,2,
野蠻情人,施文彬,台語,,567,,6,
野蠻遊戲,蔡依林,國語,,,,,
野風的家,銀霞,國語,,8,,2,
野鼠,林國榮,國語,,,,,
量早,,台語,67,,,,
金元寶,成鳳,國語,,984,,2,
金包銀,蔡秋鳳,台語,,5,,5,
金城村是我的故鄉,石喬,台語,,9,,7,
金庸,清源,國語,,682,,2,
金曲獎,,台語,83,,,53,
金枝玉葉,葉林王美,台語,,2,,6,
金玉良喙,李琦,國語,,587,,2,
金盞花,鳳飛飛,國語,,9,,2,
金絲雀一、,許茹芸,國語,,3,,2,
金色誓盟,林晏如,台語,,4,,6,
金言玉語,甲子慧/吳欣達,台語,557,,,61,
金言玉語,金鳳 特魯多,台語,590,,,61,
金言王五,甲子慧呉欣達,台語,,8,,6,
金針山之戀,林玉英&七郎,台語,,44474,,6,
金針花,江蕙,台語,63,,,,
金鐘罩鐵布衫,S.H.E,國語,38,,,,
金鑲王,鳳飛飛,國語,,547,,2,
金門姑娘,葉啟田,台語,,9,,6,
釜我回來了,周杰倫,國語,,3,,3,
釜釜媽媽,李榮浩,國語,,463,,9,
釜釜的教示,唐飛,台語,,565,,6,
釜釜親像山,楊宗憲,台語,,2,,6,
針了,于立成,國語,,771,,2,
針線喙,鄧詠家,台語,,465,,8,
針線情,莊淑君,台語,,6,,5,
釵頭鳳,,華語,69,,,,
釶在睡前哭泣,柯以敏,國語,,654,,3,
釶比我更好嗎,楊林,國語,,9,,3,
釶的名字是愛,陳淑樺,國語,,876,,3,
釶的眼晴會下雨,胡歌,國語,,464,,1,
鈕扣,楊林,國語,,3,,2,
鈝愛,包小柏,國語,,680,,2,
鈝愛,張羽,國語,,49791,,2,
鈝愛,陳淑萍,國語,,684,,2,
鈸鍊,王建傑,台語,567,,,62,
鈸麳,王建傑,台語,,3,,5,
鉚鉚釘釘,汪汪妤淩,國語,,452,,2,
鉛筆,欒克勇,台語,569,038,,5; 61; 61; 61,
"銀河戀,情",麥偉林,國語,,395,,3,
銀河系,,華語,63,,,,
銀河落入月光海,,華語,69,,,,
銀色夜又,尤君,台語,,1,,6,
銀色夜叉,郭大誠尤君,台語,,0,,6,
銀色獨木船,銀霞,國語,,869,,3,
銅牆鐵壁,沈文程,台語,6653,,,,
鋁無情的坦白,荒山亮,國語,,2,,3,
鋉愛,李佳薇,國語,,9,,9,
鋩鋩角角,王彩樺,台語,,577,,6,
鋼琴鍵,戴佩妮,國語,,974,,9,
鋼鐵人,八三夭,國語,,847,,9,
鋼鐵男子,伍佰,國語,,9,,3,
錢,韓寶儀,台語,,6,,5,
錢不夠用,柯受良,國語,,7,,3,
錢也來,林玉峰,台語,,6,,8,
錢什路用,尤雅,台語,,9,,6,
錢哈路用,尤雅,台語,,8,,6,
錢四腳人兩腳,豪記大對唱,台語,,564,,7,
錢夕多,林小虎,台語,,898,,8,
錢歹賺,S&B&D&W,台語,,2,,5,
錢歹賺,S.B.D.W,台語,75,,,48,
錢錢錢,江銘,台語,,8,,8,
錯不在你,張清芳,國語,93,5,,; ; ; 3,
錯亂,高向鵬龍千玉,台語,,562,,5,
錯再錯,林妍,台語,,655,,5,
錯到底,庾澄慶,國語,,59573,,1,
錯到底,許志安,國語,,387,,2,
錯喙,周思潔,台語,,2,,5,
錯在夕忙,梁朝偉,國語,,6,,3,
錯在多情,梁朝偉,國語,500,,,,
錯季,,華語,62,,,,
錯愛,季彥霖/劉增瞳,華語,57582,,,64,
錯愛,張棟樑,國語,5,,,81,
錯愛,張蓉蓉,台語,,562,,5,
錯愛,莊心妍,國語,,5,,2,
錯愛,鄧妙華,台語,,946,,5,
錯愛,阿爍,台語,,448,,5,
錯愛,陳淑萍,國語,5,,,67,
錯愛,龍千玉,台語,,586,,5,
錯愛一生,,台語,86,,,,
錯愛惦惦,楊淑慎,台語,,98887,,8,
錯愛的記號 吳艾媄 ◆,,台語,06,,,51,
錯清,黃千芸,台語,,6,,8,
錯的人,蕭亞軒,國語,,572,,2,
錯誤,高向鵬怡萍,台語,,3,,5,
錯誤彼一暝,,台語,45,,,94,
錯誤的戀夢,陳鳳琴,台語,9,,,64,
錯誤的戀歹,陳鳳琴,台語,,547,,7,
錯誤的探戈,蔡淳云,台語,4,,,66,
錯誤的時間,,台語,,,,94,
錯誤的決定,謝沛琳,台語,,491,,7,
錯誤的相遇,徐婕兒,國語,4846,,,,
錯誤的第一步,秀蘭,國語,,683,,3,
錯誤的美麗,方順吉,台語,,447,,7,
錯過,,華語,64,,,,
錯過,梁詠琪,國語,,56758,,2,
錯過,王錚亮,國語,,579,,2,
錯過了喙分錯,你雨,國語,,4,,3,
錯過了緣份錯過你,陳瑞,國語,,463,,9,
錯過你錯過愛,張信哲於台,國語,,538,,3,
錯過愛,海哲明,國語,,6,,1,
錯過愛情錯過你,,華語,6391,,,,
錯過的婚禮,,華語,68,,,,
錯過的幸福,,國語,,844,,9,
錯過的愛,庾澄慶,國語,4946,846,,; ; ; 3,
錯錯日錯,林美惠,台語,,7,,5,
錯錯錯,七郎,台語,83,569,,64; 64; 64; 5,
錯錯錯,五月夭,國語,,6,,2,
錯錯錯,夛哲VS,國語,,3,,2,
錯錯錯,陳娟兒/六哲,華語,573,,,61,
鍾忙曲,冷顯達,國語,,47641,,2,
鍾情,洪小喬,國語,,5,,2,
鍾愛一生,沈建豪/徐紫淇 森巴,台語,555,,,55; 55; 55; 52,
鍾愛一生,社德偉,國語,,1,,3,
鎖住古間,S.E,國語,,56877,,3,
鎖心“戀糹,王建傑,台語,,8,,5,
鎖心戀,王建傑,台語,55943,,,61,
鎮守愛情,動力火,國語,,57591,,3,
鏆船,袁小迪,台語,,5,,5,
鏗鏘政瑰,林憶蓮,國語,,468,,3,
鏡中之你,,台語,54,,,,
鏡中影,方順吉,台語,,784,,8,
鏡中情,張蓉蓉,台語,,561,,5,
鏡中的你,翁倩玉,國語,,859,,3,
鏡花水月,,華語,66,,,,
鐘山春,,國語,,0,,2,
鐘聲巛輕響,優克李,國語,,3,,3,
鐟誤的愛,陳盈潔,台語,,2,,6,
鐵人,COLOR&BAND,國語,,56841,,2,
鐵心肝,張蓉蓉,台語,,568,,5,
鐵心肝,游麗紅,台語,6,94782,,5; 64; 64; 64,
鐵打的心肝,成鳳,台語,,972,,7,
鐵獅玉玲瓏,澎恰恰許效舜,台語,,446,,7,
鐵石心腸,李蚓君,國語,,6,,3,
鐵窗,許美靜,國語,3871,7,,; ; ; 2,
鐵路邊,癶思婷,台語,,6,,5,
鐵齒的人,張清芳,台語,,9,,6,
鑰匙兒,伊能靜,國語,,,,,
鑽石情,林碧月,台語,896,,,66,
鑽石手指,洪百慧,台語,,46855,,8,
锺山春,周璇,國語,,4,,2,
長亭送另,楊燕,國語,,779,,2,
長假,鄉村二人組,國語,,3,,2,
長假,黃品源,國語,,7,,2,
長城,江淑娜,國語,,448,,2,
長城謠,韓芝萍,國語,,9,,2,
長堤,劉家昌,國語,,568,,2,
長堤,法璦,國語,49,,,,
長大成人,,華語,6469,,,,
長崎蝴蝶姑娘,陳盈潔,台語,,5,,7,
長暝厚夢,陳淑萍,台語,,9,,6,
長歌盡,,華語,69,,,,
長江水,費玉清,國語,,3,,2,
長江辭,田振達 特魯多,華語,575,,,67,
長痛短痛攏是痛 探戈 倖妏 ◆,,國語,,,,,
長相守,,客語,4,,,51,
長相守,容容,國語,9,,,60,
長相思,,國語,,5,,2,
長相思,周璇,國語,,983,,2,
長相思,甄妮,國語,,5,,2,
長街萬象,,華語,65,,,,
長角仔,蕭煌奇,台語,,6,,5,
長途夜車,,台語,,596,,8,
長鏡頭,那英,國語,,57581,,2,
長長久久,張宇,國語,,3,,2,
長長的路慢慢地,陳瑞,國語,,885,,9,
長青,姜育恆,國語,,3,,2,
長頭髮,謝金燕,台語,562,,,61,
長髮,龐龍,國語,,399,,2,
門一開錢就滾滾來,,客語,4,,,51,
門亮一顆星,閃亮三姊蜯,國語,,460,,3,
門沒鎖,,國語,,782,,2,
閂,鄭進一,台語,,766,,5,
閃,王思佳,台語,,44665,,5,
閃一邊,林柔均,台語,,884,,5,
閃亮一顆星,閃亮三姐妹,國語,579,,,63,
閃亮的女孩,羅百吉,國語,5,,,61,
閃亮的日子,何大為vs;h自,國語,,395,,3,
閃亮的日子,劉文正,國語,,7,,3,
閃亮的節奏,閃亮三姊蜯,國語,,1,,3,
閃亮的舞步,閃亮三,台語,,079,,6,
閃亮的舞步,閃亮三姊妹,台語,562,,,61,
閃亮舞口,閃亮三,台語,,564,,6,
閃亮舞台,閃亮三姊妹,台語,55848,,,63,
閃無路,黃乙玲,台語,,5,,5,
閃耀,芭比,國語,,671,,2,
閃耀記帳士,,台語,91,,,,
閃辣閃辣,徐紫淇,台語,550,,,61,
閃酒大丈夫,蔡義德,台語,,96770,,6,
閃閃惹人愛,蕭亞軒,國語,,569,,3,
閉上眼晴想一,潘秀瓊,國語,,5,,3,
閉嘴,李漢昭,國語,,767,,2,
開,謝旻茜 特魯多,台語,000,,,64,
開,陳雷,台語,,674,,5,
開不了口,周杰倫,國語,,0,,2,
開場白,,國語,,5,,2,
開始,霍建華,國語,578,,,,
開始愛,蕭亞軒 迪士可,國語,4000,,,,
開始懂了,孫燕姿,國語,,4,,; ; ; 2,
開始飛吧,蕭亞軒,國語,,8,,; ; ; 2,
開學了樂,超口愛,國語,,3,,2,
開往世界邊際,,華語,6549,,,,
開心女孩,,國語,,2,,2,
開水與白麵包,莫文蔚,國語,,3,,3,
開竅,ALIN,國語,,1,,2,
開趴啦,,台語,66,,,,
開門大吉,康康,台語,,6,,6,
開門大吉,鳳凰傳,國語,,480,,2,
開門見山,阿密特阿),國語,,4,,2,
閒た單的愛,夏筱晴,國語,,455,,3,
閒仔話,羅文聰,台語,,2,,5,
閒仔話,詹雅雯,台語,,795,,8,
閒就入來坐,蔡佩君,台語,,440,,6,
閒就入來坐,鄭如涵,台語,6647,,,00,
閒平,方怡萍,台語,,948,,5,
閒話無目周,邱賢桂蘇宥蓉,台語,,597,,8,
閒話無目睭 華爾滋 陳秀鳳 ◆,,國語,,,,,
閒閒來泡荼,施文彬,台語,,886,,6,
閣做你的愛人仔,,台語,,,,52,
閭山法主,,台語,,,,42,
閾熄是聽你説葉,良俊,國語,,0,,3,
闊闊的天,江蕙,台語,,3,,6,
闖碼頭,大哲,國語,,958,,9,
闖關,品冠,國語,,467,,2,
"關不上的窗,",周傳雄卜),國語,,4,,3,
關不掉,關穎,國語,,743,,2,
關不掉的月光,庾澄慶,Unknown,,461,,1,
關了燈就走,許秋怡,國語,,957,,3,
關仔嶺之戀,呉晉池,台語,,2,,7,
關山酒,,華語,62,,,,
關心,孫耀威,國語,,3,,2,
關心,張艾文,國語,,497,,2,
關心,柯以敏,國語,,466,,2,
關心你一人,老歌,台語,,2,,7,
關懷,林柔均,台語,,838,,5,
關懷列車,雲林媳婦女,台語,,465,,6,
關懷的力量,吳狄陽,台語,2,,,72,
關於你的情歌 House 傷帥.安兒陳 ★,,華語,6488,,,,
關於你的歌,李聖傑,國語,,5,,3,
關於夢想,,台語,,,,43,
關於妳的歌,李聖傑,國語,3954,,,,
關於忙歌,李聖傑,國語,,569,,3,
關於情歌,李聖傑,國語,592,,,99,
關於我卩,痞克四,國語,,680,,3,
關来煮,丸子,國語,,794,,2,
關東煮,丸子,國語,3873,,,,
關老爺,陳政文,台語,,98942,,8,
關鍵詞,林俊傑,國語,,58874,,9,
阝嘸講我袂問王邱,建傑&芸子,台語,,2,,7,
阝有啥稀罕,莊淑君,台語,,98684,,8,
阝美青,李秀碧,台語,,784,,8,
队風探戈謝,金燕,台語,,2,,6,
阦風夜雨,江蕙,台語,,2,,6,
阦風孤影王,識賢,台語,,569,,6,
阦風情涙蔡,秋鳳,台語,,48538,,6,
阦風無了時,陳盈潔,台語,,4,,6,
阦風秋雨邱,乃華,台語,,447,,6,
阦風落葉聲蘇林,錦煌鈺茄,台語,,440,,6,
阦風落雨暝唐神,小,台語,,592,,6,
阮不是一個嘸戚情,人陳明章,台語,,439,,7,
阮不是啦啦隊,蕭玉芬,台語,,491,,7,
阮不是故咅,蔡小虎,台語,,2,,6,
阮兜宿佇市仔口,七郎/一綾,台語,6851,,,,
阮只是嘸甘,澎恰恰,台語,8999,,,,
阮只為你水,向蕙玲,台語,,699,,6,
阮哪會堪,王中平,台語,559,56476,,61; 61; 6; 61,
阮孤單,陳莉,台語,556,,,61,
阮家庄,尤雅,台語,7778,,,43,
阮尚愛是你,詹曼鈴,台語,56485,4,,61; 61; 6; 61,
阮尪跟人走,,台語,,4,,6,
阮就是你的,黃西田慱排姐,台語,,450,,6,
阮想欲飛,孫淑媚,台語,60,,,,
阮想要飛,孫淑媚,台語,,853,,6,
阮是你的人,潘越雲,台語,,5,,6,
阮是快樂在愛妳,施文彬,台語,85,2,,65; 65; 65; 7,
阮是惦置啥麼所在,,華語,,,,98,
阮是欠你多少,王瑞霞,台語,,562,,7,
阮是用心來愛你,吳淑敏,台語,,7,,7,
阮是苦命的流星,,台語,84,,,41,
阮會惦置這,閃亮三,台語,,44480,,6,
阮欲如何,,台語,,,,39,
阮欲返來去,陳雷,台語,,5,,6,
阮無愛你,文對,台語,,955,,6,
阮無愛你,櫻花姊,台語,,452,,6,
阮的一生交代你小,詹曼鈴,台語,,442,,7,
阮的伊,洪百慧王江發,台語,,3,,5,
阮的傷心你看不到,秀蘭瑪,台語,,562,,7,
阮的命,楊靜,台語,,476,,5,
阮的命,蔡秋鳳,台語,8395,5,,54; 54; 54; 5,
阮的命底,江蕙,台語,,6,,6,
阮的夢,,台語,43,,,,
阮的夢,潘越雲,台語,,998,,5,
阮的媽媽,,台語,,,,44,
阮的寶貝,沈建豪詹曼鈐,台語,,965,,6,
阮的寶貝,詹曼鈴/沈建豪,台語,55962,,,61,
阮的心只有你,郭健一,台語,558,444,,; ; ; 7,
阮的心在震動,周慧璇,台語,552,,,94,
阮的心永遠甲你作伴,劉育綾,台語,89,,,59,
阮的心沒人來疼,曾心梅,台語,81,,,59,
阮的心無人來疼,曾心梅,台語,,961,,7,
阮的心聲,翁立友,台語,,564,,6,
阮的心肝塊下雨,彭莉,台語,,443,,7,
阮的心肝塊落雨,彭莉,台語,60,,,,
阮的心肝為你,。蔡小虎,台語,,9,,7,
阮的性命阮傢己疼,向蕙玲,台語,,5,,7,
阮的性命阮甲,疼向蕙玲,國語,,997,,3,
阮的性命阮自己疼,南台灣小姑娘,台語,,7,,7,
阮的愛,,台語,,58983,,; ; ; 8; 8,
阮的感情線,羅時豐,台語,,381,,6,
阮的戀夢,張蓉蓉,台語,,569,,6,
阮的故鄉,阿錡,台語,,491,,6,
阮的故鄉惦嘉義,蘇錦煌,台語,,576,,7,
阮的故鄉惦嘉義,蘇錦煌 吉力巴,台語,6987,,,00,
阮的最愛,楊宗憲,台語,,2,,6,
阮的最愛,楊宗憲.謝金燕,台語,67,,,,
阮的未來,郭獎,台語,,3,,8,
阮的查埔人,,台語,,77541,,8,
阮的爸爸,王俊清,台語,2,,,66,
阮的青眷,王玲,台語,,861,,6,
阮的頭一擺,謝金燕,台語,86,3,,54; 54; 54; 6,
阮若打開心內窗,江蕙,台語,,460,,7,
阮若打開心內門窗,江蕙,台語,,387,,7,
阮若打開心内的門鹵,百合二唱日,台語,,449,,7,
防守,冷顯達,國語,,49886,,2,
防空洞,截佩媚,國語,,6,,2,
防空洞,戴佩妮,國語,556,,,50,
防竊達人尚介好,余瑞昌,台語,56742,,,63,
阳信我,庚澄慶,國語,,3,,2,
阿,羅時豐龍千玉,台語,,48887,,5,
阿,袁小迪,台語,,4,,5,
阿!停不住的愛人,羅大佑,國語,,438,,3,
阿傷心的話,王識賢,台語,,798,,6,
阿兄,李明洋翁立左,台語,,2,,5,
阿公,王俊清,台語,3,,,66,
阿公呷無飽,謝金燕,台語,567,3,,62; 62; 6; 62,
阿公的眠床腳,江蕙,台語,6964,,,,
阿公的老刻盤,安琪,台語,55479,,,,
阿公的苶,翁立友,台語,,877,,8,
阿公的話,郭大誠林美照,台語,,49475,,6,
阿公的話 類型 Country ◆ 衛斯李,,客語,,,,,
阿公阿婆做,,客語,867,,,51,
阿兵哥心聲,,台語,,859,,6,
阿兵哥的心聲,重逢高雄淋,台語,,789,,7,
阿刁,趙雷,國語,,4640,,1,
阿即行船曲,楊哲,台語,,5,,6,
"阿即阿即,",陳一郎,台語,,9,,6,
阿吉仔去做兵,宏星特攻隊,台語,,542,,7,
阿君仔喂,西卿,台語,,8,,8,
阿哥哥,張秀卿,台語,,468,,8,
阿哥哥之戀,邵人倫,台語,,442,,6,
阿土阿土,劉沛蘭,台語,,9,,6,
阿女阿女,阿怕隊,台語,,539,,6,
阿妹心房,,客語,8,,,51,
阿妹心願,,客語,861,,,51,
阿姊,一怡,台語,,6,,5,
阿姊,一綾/怡君,台語,569,,,61,
阿姐鼓,朱哲琴,國語,,676,,2,
阿娘,王江發,台語,56573,,,65,
阿娘仔摸田螺,劉福助 特魯多,台語,554,,,86,
阿娘生美害死,黃西田,台語,,972,,7,
阿婆!您好,上明,台語,,941,,8,
阿婆仔嫁查某子,林財寶,台語,555,,,88,
阿婆嫁孫女,,客語,74,,,,
阿婆膠握坐火平,徐千舜,台語,,6,,8,
阿婆說,,華語,6580,,,,
阿嫉的女兒,蔡靜佩,台語,,2,,8,
阿嫉的手,唐飛,台語,,5,,6,
阿嫉的拉日歐,黄明洲,台語,,46978,,8,
阿嫉的月匕衫,許富凱,台語,,577,,6,
阿嫉的臉,于立成,台語,,567,,6,
阿嫉的話,蕭煌奇,台語,,562,,6,
阿嬤,謝金品,台語,,5,,8,
阿嬤!妳是我的貝貝,許效舜澎惀,台語,,49380,,7,
阿嬤的名,朱海君,台語,,595,,8,
阿嬤的手,唐飛,台語,56381,,,66,
阿嬤的紅線,秀蘭瑪雅,台語,551,,,97,
阿嬤的話,劉福助,台語,61,,,,
阿嬤的話,蕭煌奇,台語,555,,,80,
阿宅的心聲,蔡仕麟,台語,,449,,6,
阿宏的心聲,洪榮宏,台語,,2,,6,
阿尼基,吳俊宏,台語,,46877,,8,
阿彌陀佛,北原山,國語,,9,,2,
阿憨伯,,客語,5,,,51,
阿拉丁,,華語,,,,,
阿母,上明,台語,69,582,,; ; ; 5,
阿母,方順吉,台語,,3,,5,
阿母,沈建豪,台語,566,0,,5; 61; 61; 61,
阿母,王又萱,台語,591,543,,5; 63; 63; 63,
阿母,袁小迪,台語,,447,,5,
阿母來去住都,唐飛,台語,,971,,8,
阿母來去住都市,唐飛,台語,563,,,62,
阿母尚知影,潘品臻 特魯多,台語,592,,,63,
阿母您攏無交,陳豪,台語,,1,,8,
阿母我愛你 華爾滋 李明洋 ◆,,台語,81,,,41,
阿母的一生,,華語,,,,,
阿母的一生,李明洋,台語,,594,,8,
阿母的交代,翻峰,台語,,786,,8,
阿母的交待,沈建豪,台語,662,,,55,
阿母的交待,華爾滋,台語,555,,,52,
阿母的匕旦,郭巉華,台語,,6,,6,
阿母的叮嚀,蘇錦煌,台語,568,94847,,63; 63; 6; 63,
阿母的形影,陳小龍,台語,,466,,8,
阿母的心,唐飛,台語,,494,,6,
阿母的恩情,洪榮宏,台語,,7,,6,
阿母的情份,詹曼鈴,台語,9,,,65,
阿母的情歌,蕭煌奇,台語,,56963,,6,
阿母的愛,葉金芳,台語,569,,,68,
阿母的手,詹雅雯,台語,,3,,6,
阿母的手,黃妃,台語,565,,,61,
阿母的手,黄妃,台語,,56962,,6,
阿母的手路菜,于台煙,台語,55974,,,61,
阿母的火籠,石琇惠/石喬,台語,553,,,00,
阿母的火籠,石石琇惠,台語,,5,,6,
阿母的痛,,台語,84,,,,
阿母的白頭鬃,,台語,88,,,44,
阿母的目屎,林涵霖,台語,8,,,68,
阿母的美麗與哀愁,楊繡惠,台語,,96781,,7,
阿母的脚步,王文,台語,,548,,6,
阿母的腳步,王文,台語,593,,,64,
阿母的話,洪百慧,台語,,4,,6,
阿母的針車,朱海君,台語,,44897,,6,
阿母的雙手,林均霖,台語,,979,,6,
阿母的青春,許富凱,台語,55600,,,50; 50; 50; 52,
阿母的鹹缶,林國慶,台語,,3,,6,
阿母火籠,陳莉,客語,455,,,00,
阿毒仔甭相害,余瑞昌 森巴,台語,56740,,,63,
阿比仔的心事,詹雅雯,台語,55485,,,,
阿氵婆!您好,上明,台語,,43877,,8,
阿爸,,台語,,,,93; ; ; ,
阿爸,,客語,3,,,51,
阿爸,周杰倫洪榮宏,台語,,579,,5,
阿爸,李明洋,台語,56978,,,66,
阿爸,李明洋蔡承融,台語,,969,,8,
阿爸,洪百慧,台語,,6,,5,
阿爸,蘇宥蓉,台語,,793,,8,
阿爸,阿錡,台語,,493,,5,
阿爸ㄟ手,廖秋濟,台語,0,,,66,
阿爸ㄟ手,成威,台語,67,,,,
阿爸原諒我,洪榮宏,台語,,98689,,8,
阿爸尚了解,張傳 特魯多,台語,2,,,65,
阿爸我想你,,台語,39,,,,
阿爸的一生 黃勝雄 歌曲 ◆,,國語,,,,94,
阿爸的心聲,張燕清蔡宜琴,台語,,886,,6,
阿爸的教示,黃伯樂,台語,,467,,8,
阿爸的腳踏車,謝宜君,台語,,896,,8,
阿爸的西門町,,台語,,547,,7,
阿爸阿母,,台語,,,,51,
阿爾山的姑娘 Hip-Hop ★ 陳泫孝(大泫),,華語,66,,,,
阿福正傳,鄧廣福,國語,,3,,2,
阿答原諒我,洪榮宏,台語,,2,,6,
阿答的話,郭人誠,台語,,548,,6,
阿美仔嫂,游小鳳,台語,,443,,6,
阿美姊,林雪美 慢迪斯可,台語,2,,,66,
阿美故鄉,林玉英,國語,,1,,2,
阿美歌,北原山,國語,,899,,2,
阿美阿美,王夢麟,國語,,4,,2,
阿花,侯美儀,台語,8457,6,,70; 70; 70; 5,
阿蘭娜,謝雷,國語,,0,,2,
阿西哥,黄西田,台語,,2,,5,
阿賜的心聲,,華語,62,,,,
阿里加多,許富凱,台語,,57962,,6,
阿里山雲海,陳鈺姍 特魯多,台語,945,,,63,
阿里山雲海,陳鈺婀,台語,,5,,8,
阿里巴巴,陳彼得,國語,,3,,2,
阿里洋,高子洋,國語,,,,,
阿釜弋手,廖秋濟,台語,,543,,6,
阿釜弋手,成威,台語,,76398,,6,
阿釜是喃的靠山,林龍,台語,,77548,,8,
阿釜的便當,戴梅君,台語,,7,,6,
阿釜的子,豬哥亮,台語,,5,,6,
阿釜的月匕衫,李愛綺,台語,,576,,6,
阿釜的眼涙,阿綺,台語,,496,,6,
阿雷純情曲,陳雷 特魯多,台語,0,,,64,
阿魯娜,陳雷,台語,567,,,61,
阿Ｑ,,華語,6970,,,,
陀螺,江蕙,台語,68,3,,; ; ; 5,
陀螺,葉璦菱,台語,,538,,5,
陌生人,SOLER,國語,,2,,2,
陌生人,蔡健雅,國語,39,,,,
陌生的人,丘丘合,國語,,383,,2,
陌生的地方,陳彦允,國語,,768,,3,
陌生的夜,動力火,國語,,384,,2,
陌生的熟悉,,華語,,,,,
陌生的華爾滋,周冰緕,國語,,385,,3,
降落傘,蔡依林,國語,,4,,2,
限制級,陳潔儀,國語,,576,,2,
限定夏夜 抒情搖滾 LBI利比 (時柏塵),,華語,6653,,,,
限時批,翁立友,台語,,58470,,5,
陣陣風雨,劉俐婷,台語,,4,,6,
除了你選有誰値得,讓我,國語,,49577,,3,
除了愛你選能愛誰,力火,國語,,447,,3,
除了愛我們還能,做什麼,國語,,49942,,3,
陪、亻作亻一,季忠平,國語,,3,,3,
陪他,彭佳慧,國語,,7,,2,
陪他一段,許景淳,國語,,9,,2,
陪伴妳到老,羅時豐林淑容,台語,,57747,,6,
陪伴就好,,台語,,,,,
陪伴沒有距離,李蚓君,國語,,8,,3,
陪伴阮身邊,呉不憲昔乙玪,台語,,845,,6,
陪伴阮身邊,林子娟,台語,565,,,68,
陪伴阮身邊,楊談,台語,,592,,8,
陪你,唐禹哲,國語,,751,,2,
陪你一直到老,張啟靚,華語,573,,,61,
陪你一起變老,唐古,華語,576,,,65,
陪你一輩子 鳳凰傳奇 ◆,,國語,,,,95,
陪你作伴過一生,,客語,,,,38,
陪你到天亮,明聖凱,華語,572,,,61,
陪你到天光,詹曼鈴,台語,569,888,,65; 65; 65; 8; 8,
陪你到天涯,黃安,國語,,3,,3,
陪你到最後,王萊/吳儀君 特魯多,台語,566,,,61,
陪你到老,邱芸子/郭健一,台語,554,,,,
陪你到老(DJ餘小磊版),,華語,6692,,,,
陪你同齊老,,華語,75,,,43,
陪你大夢一場,,華語,6962,,,,
陪你度過漫長歲月,陳奕迅,國語,,9,,9,
陪你狂亂,陳柏全,國語,,3,,2,
陪你飛,丶鄭伊健,國語,,3,,2,
陪在你身邊,,客語,5,,,51,
陪妖一起老,品冠,國語,,57871,,3,
陪妳一起老,品冠,國語,5,,,66,
陪你到天亮,童安格,國語,,3,,3,
陪你到最後,王呉,台語,,441,,6,
陪你走天涯,陳美伶,台語,,741,,6,
陪你一起變老,唐古,國語,,6,,1,
陪你一輩子,鳳凰傳,國語,,7,,3,
陪你至天亮,誓言,國語,,485,,3,
陪恁作陣行,蔡淳云,台語,569,468,,67; 67; 67; 8; 8,
陪我去看藍藍,海何潤東,國語,,3,,3,
陪我回家,林志穎,國語,,3,,2,
陪我失眠,陳慧琳,國語,,9,,2,
陪糖阮身邊,李天良,台語,,838,,8,
陪著我一直到世界,的盡,國語,,2,,3,
陪著我的時候想著,她,國語,,57383,,3,
陪酒,,國語,,984,,2,
陪酒,楊麗珍,國語,,98461,,2,
陪阮到老,向蕙玲,台語,,763,,6,
陪阮到老,龍千玉,台語,,595,,8,
陪阮醉歸暝 梭 歌曲 ◆ 吳艾媄,,台語,54,,,39,
陰天,莫文蔚,國語,591,487,,66; 66; 66; 2,
陰謀,劉若英,國語,,6,,9,
陳三五娘,王玲,台語,,1,,6,
陳淑芬與林志,王心凌,國語,,0,,3,
陳瑞,白狐,國語,,485,,2,
陳雷聲,陳雷,台語,62,,,,
陸光愛心的運將,,台語,,,,50,
陽光,陳奕晴,國語,584,49588,,2; 61; 61; 61,
陽光和小雨,王夢麟,國語,,3,,3,
陽光女孩,陳慧容 吉力巴,國語,3,,,65,
陽光宅男,周杰倫,國語,,568,,2,
陽光正好 中板靈魂樂 霍贊臣,,華語,60,,,,
陽光治痛膠囊,吳中天,國語,,8,,3,
陽眷,蔡閨,台語,,9,,5,
隆降干,,國語,,3,,2,
隈!黄先生,黄三元,台語,,954,,6,
隔一道挽星,,華語,6857,,,,
隔壁的小姐,洪一峰,台語,,596,,7,
隔岸觀火,,華語,64,,,,
隔條行的距離,王品,國語,,49580,,3,
障眼法,蔡健雅,國語,563,,,85,
隨人,龍千玉,台語,,3,,5,
隨人保重,郭阿雙,台語,7,,,64,
隨人行,江志豐,台語,56849,777,,64; 64; 64; 8; 8,
隨人行,邱芸子,台語,,7,,5,
隨人路隨人行,劉家榮/盧繹棋,台語,567,,,00,
隨人路隨人行,李明旭秀卿,台語,,4,,7,
隨便,陳寶蓮,國語,,7,,2,
隨喙,陳雷,台語,,0,,5,
隨在伊,,台語,97,,,,
隨在你啦,黃西田,台語,,452,,8,
隨在你啝,陳雷,台語,,96674,,6,
隨在你瓽,向蕙玲,台語,,763,,6,
隨在珎,林春地,台語,,546,,5,
隨堂測驗,孫燕姿,國語,539,9,,3; 61; 61; 61,
隨愛而飛,彭羚,國語,,0,,3,
隨時瘏在,品冠,國語,,58400,,3,
隨緣,王韻嬋,國語,,9,,2,
隨聲聽,蟑螂合,國語,,8,,2,
隨贏,翁立友,台語,,57782,,5,
隨風,陳泓文,台語,,989,,8,
隨風去,,台語,95,,,,
隨風放乎'去,曽雅晴,台語,,497,,7,
隨風流浪,潘玨璋,國語,,57391,,3,
隨風而逝,曾慶瑜,國語,,8,,3,
隨風飄,龍飄飄,台語,,887,,5,
隨風飄散,陳紹南,國語,,3,,3,
隨風飛,曽心梅,台語,,4,,5,
隨風飛,曾心梅,台語,564,,,61,
隨風飛,黄乙玲,台語,,569,,5,
隱形人,孫燕姿,國語,5,,,81,
隱形刺青,,華語,6762,,,,
隱形的翅膀,張韶涵,國語,4563,565,,; ; ; 3,
隱形紀念,蔡淳佳,國語,,688,,3,
隱形超人,郭采潔,國語,,556,,3,
隱藏,鄺美雲,國語,,6,,2,
隱隱,莫文蔚,國語,553,8,,78; 9,
隱隱約約,楊麗菁,國語,,566,,3,
隹來愛我,鄧麗君,國語,,386,,3,
隹吾獨尊林,國慶,台語,,96557,,6,
隹是最愛,陳小春,國語,,577,,3,
隹會想你,曾慶瑜,國語,,1,,3,
隹能讓時間倒轉,黃品源,Unknown,,9,,3,
隹能預台,童安格,國語,,7,,3,
隹與爭鋒,張惠妹,國語,,665,,3,
隹誰誰李,易峰,國語,,68468,,2,
隹走誰留,BO,國語,,49782,,3,
隹道,林子娟,國語,,687,,2,
隹還相信,江美琪,國語,,1,,3,
隹都不必兌抱歉,段千尋,Unknown,,000,,3,
隹點女,方阡翊,國語,,540,,2,
雁南飛,張杰,國語,,680,,2,
雁南飛,許燕,國語,575,,,61,
雁行千里,黃鶯鶯,國語,,3,,2,
雄心的人,甲子慧,台語,56848,776,,64; 64; 64; 8; 8,
雅俗共賞,許嵩,國語,,9,,9,
雅麗的男朋友,中國娃,國語,,5,,3,
雔人影,侯美儀,台語,,2,,5,
雔城,張爽,國語,,49841,,2,
雖分難離,南台灣小姑娘,台語,,3,,6,
雖分難離,方阡翊VSikiV,台語,,946,,6,
雖分難離,施文彬,台語,,9,,6,
雖分難離,豪記大對唱,台語,,687,,6,
雖然孤單也輕鬆,羅欣,台語,66,,,,
雖然很芭樂,謝和弘,國語,,482,,3,
雖然目眶紅,劉依純,台語,552,,,92,
雙人咖啡 梭 慕容婕柃,,台語,662,,,,
雙人床,艾歌,國語,,645,,2,
雙人影,侯美儀,台語,552,,,90,
雙人影,豪記大對唱,台語,,6,,5,
雙人影,高向鵬方瑞娥,台語,,76845,,5,
雙人枕頭,王識賢,台語,,9,,6,
雙人的愛,楊哲&喬,台語,,6,,6,
雙人舞,潘珒柏,國語,,568,,2,
雙人酒杯,阿吉仔,台語,,4,,6,
雙又路,李嘉,台語,,94839,,5,
雙又路口,黃思婷,台語,,9,,6,
雙喜淚,,台語,72,,,56,
雙子星,光一,國語,,561,,2,
雙影,,國語,,59674,,1,
雙截棍,周杰倫,國語,5,,,,
雙手插口袋,張震嶽,國語,,6,,3,
雙棲動物,蔡健雅,國語,46,,,,
雙瓣花,陳瑞,國語,,1,,9,
雙生花,黃妃,台語,,5,,8,
雙雙對對,施文彬卜靜云,台語,,8,,8,
雙雙對對,森姚蘇蓉,國語,,4,,3,
雙雙對對,游家順/秀蘭表妹 吉力巴,台語,55493,,,57; 57; 57; 52,
雙雙對對,游家順秀蘭表,台語,,4,,6,
雙雙對對,陳甲子慧,台語,,5,,6,
雙雙對對,陳雷/甲子慧,台語,568,,,61,
雙雙對對萬年,貴人組,台語,,571,,7,
雙雙蜚蜚,姚勦,國語,,550,,3,
雙雙飛,張蓉蓉,台語,,5,,5,
雙雙飛,方怡萍,台語,,7,,5,
雙雙飛,謝莉婷黃宗瑋,台語,,96766,,5,
雙面人,伍佰,台語,,969,,5,
雙面女神,蕭亞軒,國語,,9,,3,
雙頭結,,台語,44,,,38,
雙頭馬車,蔡小虎,台語,,3,,6,
雙飛,一稜,台語,,94868,,5,
雙飛,一綾/錢澄,台語,56386,,,63,
雙飛,呉奇隆,國語,,3,,2,
雙飛燕,蔡幸娟,國語,,977,,2,
雙魚的責任,黃品源,國語,,682,,3,
雙鱚,羅文聰,台語,,6,,5,
雞卵嬤咯咯咯 楊咩咩 ◆,,客語,8,,,51,
離不開他,溫嵐,國語,575,,,50,
離不開你,呉勇濱,國語,,465,,3,
離人,張學友,國語,,3,,2,
離人,林志炫,國語,,6,,2,
離別,方怡萍,台語,,3,,5,
離別,蘇錦煌,國語,,485,,2,
離別一句話,張瀛仁,台語,,983,,8,
離別之前,揚采媚,國語,,3,,3,
離別之夜,文夏,台語,,2,,6,
離別傷心曲,楊小萍,台語,,3,,8,
離別夜港邊,陳雷,台語,559,,,76,
離別心酸酸,,台語,,443,,7,
離別時刻,•阿政,國語,,6,,3,
離別海岸,蔡秋鳳,台語,,575,,6,
離別的乾杯,羅一良,台語,,443,,7,
離別的台北機,黄西田,台語,,040,,7,
離別的季節,,華語,66,,,,
離別的尾班車,洪榮宏,台語,,2,,7,
離別的尾班車,陳夏蓮,台語,56943,44547,,68; 68; 68; 7,
離別的戀歌,王中平,台語,562,,,61,
離別的月台,鄒盛蘭,台語,55685,,,61,
離別的機場,鄭瑞福/林美足,台語,569,,,67,
離別的機場,鄭瑞福林美足,台語,,46769,,8,
離別的秋天,高航,國語,,466,,3,
離別的華爾滋,沈芳如,台語,56678,975,,61; 61; 61; 7,
離別的車站,趙薇,國語,,7,,3,
離別的酒,亦羚,台語,,0,,6,
離別的酒,洪榮宏,台語,,44849,,6,
離別的酒,邱芸子,台語,,865,,8,
離別的酒,高向鵬林姍,台語,,6,,6,
離別的酒,龍千玉袁小迪,台語,,4,,6,
離別車站,謝金燕,台語,557,2,,73; 73; 73; 6,
離別酒,,台語,66,,,56,
離別酒,孫淑媚,台語,556,4,,97; 97; 97; 5,
離別酒,張鎬哲,國語,,,,,
離別酒杯,施文彬,台語,,572,,6,
離別雨,孫淑媚,台語,55796,570,,5; 61; 61; 61,
離去,伊正,國語,,3,,2,
離家,江蕙,台語,,382,,5,
離家,陳淑萍,台語,,791,,5,
離家出走,丁嚆,國語,,562,,3,
離忙,李雅芬,國語,,98454,,2,
離情依依,歐陽菲,國語,,7,,3,
離情依依,蔡琴,國語,,3,,3,
離愁,,國語,,3,,2,
離愁,葉敗田,台語,,44538,,5,
離愁(戲腔版),,華語,6870,,,,
離愁海岸,櫻花姊,台語,,56388,,6,
離愛很遙遠,小文,國語,,68440,,3,
離枝葉,林子娟,台語,85,760,,72; 72; 72; 5,
離水的臽,秦楊,台語,,1,,6,
離水的臽,蔡秋鳳,台語,,59598,,8,
離袂開的傷痕,林姍,台語,,897,,8,
離郷的男兒,林世芳,台語,,466,,8,
離鄉,阿吉仔,台語,4,,,66,
離鄉之歌,余天,台語,68,,,,
離鄉十萬里,林俊彥,台語,65,,,,
離鄉情,黃乙玲,台語,,2,,5,
離鄉的心情,江蕙,台語,,493,,7,
離鄉的火車票,,華語,,,,,
離鄉的男兒,張文祥 特魯多,台語,873,,,,
離鄉背井,林少興,台語,,494,,6,
離開,士佳慧,國語,,689,,2,
離開,孑嘉璐,國語,,9,,2,
離開,李嘉,台語,551,76555,,90; 90; 90; 5,
離開,王識賢,台語,,2,,5,
離開,蕭薔,國語,,1,,2,
離開,詹曼鈴/江宏恩,台語,55938,,,61,
離開,詹曼鈴江宏恩,台語,,575,,5,
離開0,MC&HOTDOG張霍,國語,,9,,2,
離開乎你傷心的人,,台語,,,,94,
離開了,康康,國語,,6,,2,
離開了愛你那一天,林子娟,台語,564,,,61,
離開以後,林麗,國語,,49545,,3,
離開你,,台語,66,,,,
離開你七天,張學友,國語,,3,,; ; ; 3,
離開你就像離開了,自己,國語,,496,,3,
離開你才知離,開孫淑媚,台語,,962,,7,
離開你才知離袂開,孫淑媚,台語,55466,,,,
離開你是我寂寞的,開始,國語,,8,,3,
離開你是我這輩子 陶鈺玉 的遺憾,,台語,,,,52,
離開你的人是我,吳淑敏,台語,552,,,90,
離開前叫醒我,莊心妍,國語,,6,,1,
離開你,唐文龍,國語,,3,,2,
"離開你不彳。己""",康康,國語,,3,,3,
離開你以後我,哭孫藝程,國語,,3,,3,
離開你的人是,呉淑敏,台語,,76567,,7,
離開愛的日子,侯湘娉,國語,,6,,9,
離開我,方瑞娥,台語,,8,,5,
離開我,陶品瑩,國語,,3,,2,
離開我你會不會 小雨點 難過,,華語,66,,,,
離開我你會快樂嗎,伍天宇,華語,575,,,61,
離開我你真的不難,過,國語,,49985,,3,
離開我就不要說 凱小晴 愛我,,華語,6579,,,,
離開故鄉心愛,人郭大誠,台語,,099,,7,
離開故鄉的我,葉啟田,台語,,9,,7,
離開故鄉的我,陳豪,台語,,7,,7,
離開是孤不將,曾小萍,台語,,764,,7,
離開是暫時,方怡萍,台語,55546,,,,
離開熄是直不甘,唐飛,台語,,8,,8,
離開的時候,A-Linn,國語,,9,,3,
離閥,郭靜,國語,,4,,2,
離騷,,國語,,3,,1,
離騷,易千,國語,,3,,1,
難亡,陳淑樺,國語,,5,,2,
難亡夂可邊,林文輝鄭金麥,台語,,77567,,8,
難兄難弟,周華健律偉,國語,,454,,3,
難免有錯,劉德華,國語,,1,,3,
難分離,鳳飛飛,國語,,5,,2,
難分難捨,,客語,3,,,51,
難分難離,南台灣小姑娘,台語,62,,,,
難分難離,李蚊張,國語,,795,,3,
難分難離,王識賢,台語,62,8,,; ; ; 8; 8,
難別,,華語,6878,,,,
難得,N,國語,,568,,2,
難得孤寂,A-Ln,國語,,58594,,3,
難得糊塗,林久登,台語,565,3,,61; 61; 6; 61,
難得糊塗,蕭承祥,台語,9,543,,64; 64; 6; 64,
難忘,鄭進一,台語,62,,,,
難忘一段忙,陳盈潔,國語,,672,,3,
難忘也是你,詹雅雯,台語,,2,,7,
難忘今宵,,國語,,3,,3,
難忘你一人,,客語,3,,,51,
難忘台西港,張蓉蓉,台語,,3,,8,
難忘在心田,,客語,3,,,51,
難忘彼段情,蕭承祥,台語,0,543,,64; 64; 64; 7,
難忘梧棲港,良一 特魯多,台語,56656,,,67,
難忘的人,呉靜嫻,國語,,553,,3,
難忘的人,陳宗琴,台語,0,,,64,
難忘的初戀情人,鄧麗君,台語,,46795,,8,
難忘的小路,余天,國語,5949,,,00,
難忘的心上人,湯梅真,國語,,853,,9,
難忘的情人,,台語,,4,,7,
難忘的情人,向蕙玲,台語,,3,,8,
難忘的情人,風淒淒,台語,,973,,7,
難忘的情人橋,艾莉,台語,,43879,,8,
難忘的情歌,黄乙玲,台語,,457,,7,
難忘的愛,黃千芸,台語,,782,,6,
難忘的愛人,尤雅,台語,,8,,7,
難忘的愛人,陳思安,台語,,944,,7,
難忘的感情債,陳建誠,台語,567,,,62,
難忘的暗暝,陳秀瓊 特魯多,台語,884,,,,
難忘的最愛,,華語,67,,,54,
難忘的溫泉鄉,陳雷,台語,6883,2,,; ; ; 7,
難忘的火車站,張瀛仁,台語,,984,,8,
難忘的舊情,龍千玉,台語,,384,,7,
難忘紅燈碼頭,楊小萍,台語,,469,,7,
難忘老地方,陳明仁,國語,,5,,3,
難忘人,,客語,4,,,51,
難捨的牽掛,,台語,46,,,94,
難捨難分,譚詠麟,國語,40,,,,
難斷戀情,,客語,3,,,51,
難梳頭,,客語,1,,,51,
難説,焦天平,國語,,3,,2,
難過不必告訴別人,區密,華語,,,,60,
難過情關,江蕙,台語,65,48660,,; ; ; 6,
難道,林子娟,國語,5,,,77,
難道你的眼裡只有它,談欣,華語,579,,,61,
難道你真的不曾愛過我,陳雅森,國語,,7,,9,
難道善良的人活該受傷,,華語,69,,,,
難道是我上輩子欠了你,鄭源,華語,575,,,67,
難題,費翔,國語,5,,,50,
雨,鄭柔芳,台語,,8,,5,
雨,龍千玉,台語,,6,,5,
"雨,夜乚",鳳飛飛,台語,,7,,5,
雨一直下,張宇,國語,,3,,2,
雨下個不停,強辯樂,國語,,1,,9,
雨不停,陳思涵,國語,,450,,2,
雨不停歇,蕭賀碩,國語,565,,,85,
雨不灑花花不,,國語,,855,,3,
雨不灑花花不,美黛,國語,,643,,3,
雨中,豪記大,台語,,48872,,5,
雨中之花,,國語,,382,,2,
雨中即景,,國語,,3,,2,
雨中即景,王夢麟,國語,,5,,2,
雨中唱情歌,董育君,台語,,494,,6,
雨中嘆息,夏台瑄,國語,,740,,2,
雨中徘徊,歐陽菲,國語,,2,,2,
雨中情,,客語,6,,,51,
雨中情,陳富,台語,594,,,,
雨中情,黃葉勝欽,台語,,445,,5,
雨中情綿綿,,客語,74,,,56,
雨中情綿綿,高向鵬鄧家,台語,,46983,,8,
雨中慕情,,國語,,1,,2,
雨中探戈,林智惠,國語,,8,,2,
雨中散歩,洪榮宏,台語,,550,,6,
雨中淚,謝莉婷,台語,,44671,,5,
雨中的思念,,台語,,,,51,
雨中的思念,祁隆,國語,,5,,1,
雨中的思念,祁隆,華語,57559,,,68,
雨中的約来,,台語,,4,,6,
雨中的蠟燭火,,台語,,,,95,
雨中花,詹春梅,台語,2,,,65,
雨中蝶,杜德偉,國語,,942,,2,
雨中蝶,阿輪,台語,,4,,5,
雨中飄蕩的回,刀郎,國語,,4,,3,
雨中鳥,陳小雲,台語,,6,,5,
雨中思念,,客語,885,,,51,
雨之勃露斯,,台語,,5,,6,
雨亻乚,紀露霞,台語,,444,,5,
雨來了,丁子峻,國語,,867,,2,
雨來了,鄔兆邦,國語,,869,,2,
雨傘,徐悢鈺,國語,,8,,2,
雨傘,蔡秋鳳,台語,,446,,5,
雨傘,蕭玉芬,台語,,557,,5,
雨匆匆,,華語,69,,,,
雨和淚,章蓉舫,國語,,7,,2,
雨夜乚,秀蘭,台語,,9,,8,
雨夜的戀歌,楊偵鈺 特魯多,台語,6,,,69,
雨夜花蕊,沈惠美 特魯多,台語,4,,,64,
雨夜路燈,袁小迪,台語,,8,,6,
雨天,孫燕姿,國語,5,,,99,
雨天,系燕姿,國語,,560,,2,
雨天,高登,國語,,464,,2,
雨後的寧靜,,華語,69,,,,
雨思情,張蓉蓉,台語,,569,,6,
雨情,詹雅雯,台語,,561,,5,
雨愛,楊丞琳,國語,,570,,2,
雨披,葉諾帆,台語,,44893,,5,
雨水,曾心梅,台語,564,0,,5; 61; 61; 61,
雨水,蔡麗津,台語,56547,6,,5; 61; 61; 61,
雨水不知我心,陳中,台語,,492,,7,
雨水問情,邱芸子,台語,,2,,6,
雨水情,揚邱,台語,,585,,5,
雨水摎涙,方琪,台語,,49465,,6,
雨水滴抹離,七郎,台語,55562,,,61,
雨水甲目屎,葉人鳳,台語,62,,,,
雨水的哭聲,櫻花姉,台語,,4,,6,
雨水目汁分不清,,客語,380,,,51,
雨水聲聲,,華語,87,,,54,
雨水落袂停,林晏如,台語,,499,,6,
雨水還是涙,施志興,台語,,447,,6,
雨水還是淚,施志興,台語,564,,,61,
雨水那落時,錢澄,台語,56396,6,,65; 65; 6; 65,
雨水落唔停,,客語,862,,,51,
雨淚,楊靜,台語,,971,,5,
雨淚,羅時豐,國語,5,,,95,
雨滴,丁胡,國語,,499,,2,
雨痕,鳳飛飛,國語,,750,,2,
雨的低語,李茂山,國語,,9,,2,
雨的旋律,鳳飛飛,國語,,3,,2,
雨的暗暝,鄧詠家,台語,,466,,8,
雨的聲風的影,莊振凱,台語,,7,,7,
雨眠,五月天,台語,,9,,5,
雨碎了秋天,伍天宇,華語,578,,,61,
雨秊,張峰奇,國語,,563,,2,
雨秊,曾沛慈,國語,,762,,2,
雨秊過後,高慧君,國語,,3,,2,
雨紛紛,林詩達,台語,,1,,8,
雨綿綿,艾玉華,台語,5,,,65,
雨綿綿情也綿,郭健一,台語,,4,,7,
雨綿綿情也綿綿,郭健一,台語,556,,,61,
雨緣,敏敏/吳超,華語,573,,,68,
雨聲,彭立,台語,55742,,,61,
雨聲,林俊彥 洛克,台語,65,,,,
雨聲,龍千玉,台語,,797,,8,
雨聲之,彭立,台語,,56666,,5,
雨聲哭聲分袂,江蕙,台語,,494,,7,
雨聲街,蔡詩蕓,國語,5,,,45,
雨落,,國語,,,,94,
雨落故里,,國語,,48468,,2,
雨落滿巴黎城,,華語,68,,,,
雨虫,季翊君,國語,,6,,2,
雨衣,,國語,,9,,2,
雨衣,樊凡,國語,,848,,2,
雨衣,阿杜,台語,,7,,5,
雨趕走雲彩,,華語,6470,,,,
雨過天晴,陳明真,國語,,3,,2,
雨阿雨,林姍,台語,,57566,,5,
雨雖無情你有,洪榮宏,台語,,461,,7,
雨雖然無情你有情,洪榮宏,台語,,2,,7,
雨黍情喙,上一,台語,,578,,6,
雪,,華語,63,,,,
雪下得太早,張清芳,國語,,4,,3,
雪中忙,鄧詠家,台語,,76489,,5,
雪中月,張蓉蓉,台語,,440,,5,
雪中紅,王識賢亮吟,台語,,8,,5,
雪中紅攻瑰,郭健一葷玉芬,台語,,6,,6,
雪中花,王識賢/孫淑媚,台語,84,,,56,
雪中花,王識賢系淑媚,台語,,6,,5,
雪中花,黃思婷,台語,,578,,5,
雪中蓮,王菲,國語,39,3,,; ; ; 2,
雪中行 因為一個人，愛上一座城,,華語,6395,,,38,
雪中鏡,孫淑媚,台語,84,488,,76; 76; 76; 5,
雪候鳥,熊天平,國語,,4,,2,
雪匕,黄思嬶,台語,,44448,,5,
雪國的森林,,華語,6747,,,,
雪域情歌,,台語,38,,,50,
雪季淚,王鍵,華語,573,,,61,
雪山中聖稜線,,客語,52,,,,
雪山戀歌,上明/簡美雀 特魯多,台語,56585,,,66,
雪山戀歌,上簡美雀,台語,,2,,8,
雪山盟,蔡幸娟,國語,,5,,2,
雪山盟,費玉済,國語,,6,,2,
雪梅思君,江蕙,台語,,2,,6,
雪殤,,華語,,,,,
雪玎,李翊君,國語,,84,,2,
"雪花,",黃品源,國語,,9,,2,
雪花情緣,,台語,98,,,,
雪花片片,,國語,,3,,2,
雪花片片,鳳飛飛,國語,,468,,2,
雪花飄,張玉華,國語,,1,,2,
雪花飄,黃思婷,台語,,692,,5,
雪花飛,蘇振華,國語,,884,,2,
雪花飛,陳思安,台語,,5,,5,
雪莉,印象合唱團,國語,572,,,89,
雪落,,台語,,,,,
雪落下的聲音,陸虎,Unknown,,59539,,1,
雪落下的街道,,華語,6885,,,,
雪蓮花,,華語,00,,,,
雪衫,儒孺,台語,561,44654,,5; 61; 61; 61,
雪裡紅,張剛敏,國語,,6,,2,
雪裡紅,費玉清,國語,,9,,2,
雪飄回了從前,,華語,6893,,,,
雫透狂想曲,鄭進一許效舜,台語,,966,,7,
雲不知風的寂寞徐,紫淇,台語,,947,,7,
雲且留住,劉文正,國語,,3,,2,
雲中月再圓,,台語,99,,,,
雲中月圓,王識賢孫淑媚,台語,,2,,6,
雲中煙,謝雷,台語,,4,,8,
雲中花,洪榮宏乖靜云,台語,,5,,8,
雲之間,,華語,68,,,,
雲伴月,冘建豪徐紫淇,台語,,993,,8,
雲伴月,沈建豪/徐紫淇,台語,7,,,63,
雲兒飄,黃思婷,台語,,446,,5,
雲匕,張洪量,國語,,638,,2,
雲匕,李素專,台語,,44741,,5,
雲匕,秀蘭瑪雅,台語,,4,,5,
雲単月,蔡小虎飛千玉,台語,,764,,5,
雲孃,鳳飛飛,國語,,4,,2,
雲層記憶,,華語,68,,,,
雲底人間,,華語,6473,,,,
雲是老了的風,許秋怡&莫凡,國語,,9,,3,
雲林人,邱芸子,台語,,1,,5,
雲林可愛的查某子,陳韻竹 特魯多,台語,997,,,64,
雲林囝仔,亞旺,台語,,46770,,8,
雲林媳婦女兒,連敏旭,台語,,439,,8,
雲水謠,,華語,62,,,,
雲深情更深,林智惠,國語,,540,,3,
雲煙如昨,,客語,64,,,,
雲的秘密,,華語,6571,,,39,
雲的騷動,,國語,,3,,2,
雲相思,秀蘭瑪雅,台語,552,,,76,
雲知道你是誰,銀霞,國語,,579,,3,
雲端的彩虹,法璦,國語,51,,,,
雲罩月,鄭秀月,台語,,498,,5,
雲與海,,華語,69,,,,
雲過無痕,林子娟,台語,1,900,,72; 72; 72; 8; 8,
雲間煙火係我家 華爾滋 ○ 代表【midi無人聲】 ★ 代表【原聲 或 原聲原影】 適用機型：S-(BD.IMSBP系列.N系列.N2系列.W系列),● 代表【midi+人聲伴唱】 利用人如欲使用本產品於「公開場所」使用，請逕洽集管團體或著 ◆ 代表【midi+原聲伴唱】 作財產權人取得「公播授權」後，始得合法使用 1 上述符號為【歌曲類型】依機型及功能而有所不同 發行日期 /,客語,,,,39,
雲霄飛車,黃湘怡,國語,5,,,82,
雲不知風的寂寞,徐紫淇 勃露斯,台語,550,,,61,
零,柯有綸,國語,,56398,,2,
零下三度,莊振凱,台語,,2,,8,
零下十度,張萬枝,台語,3,,,65,
零下幾度 C,楊林,國語,96,,,,
零下的寧夏,,華語,66,,,,
零幾年聽的情歌 Hip-Hop ★ 米靈,,華語,6669,,,,
零度的親吻,林俊傑,國語,,57958,,3,
零碎記憶,,華語,6695,,,,
零缺點,孫燕姿,國語,580,,,67,
零距離,陳慧琳,國語,,8,,2,
零點十七分,蔡琴,國語,,790,,3,
雷,,國語,,9,,2,
雷夢娜,周璇,國語,,458,,2,
電到,,台語,,,,93,
電子算寸機,林子娟,國語,,984,,3,
電子算計機,迪斯可,國語,5,,,68,
電燈泡,康康,國語,,3,,2,
電燈泡,康康/吳宗憲,國語,92,,,38,
電甲吱吱叫,大台風,台語,,7,,7,
電甲吱吱叫,大台風樂團,台語,568,,,64,
電舌,葉啟田,台語,,787,,5,
電車內面,江蕙,台語,,567,,6,
需要,王韻嬋,國語,,8,,2,
需要人陪,王力宏,國語,,572,,3,
需要你的愛,蘇見信&FAYE&F,國語,,549,,3,
需要情需要愛,,台語,,456,,7,
霍元甲,周杰倫,國語,,,,,
霓虹派對 Funk 魚兒七,,華語,66,,,,
霜風,,台語,,7,,5,
霞光・相思林,陳淑樺,國語,,797,,3,
霧,傅振輝千玉,台語,,2,,5,
霧」夜愁,謝雷,國語,,539,,2,
霧一裡看芼,那英,國語,,987,,3,
霧中乚,,國語,,3,,2,
霧中忙人,姚蘇蓉,國語,,9,,3,
霧中情喙,上豪,台語,,47991,,8,
霧中花,崔苔菁,國語,,642,,2,
霧中莅,方瑞娥,台語,,476,,5,
霧夜小街巷,西卿,台語,,5,,7,
霧夜忙懷,夏文靜,國語,,745,,3,
霧夜港岸,郭金發,台語,,496,,6,
"霧夜的燈塔,",,國語,,3,,3,
霧夜相逢,廖藝/余錦玟,台語,885,,,,
霧夜相逢,廖藝余錦玟,台語,,54757,,6,
霧夜長相思,洪一峰,台語,,4,,7,
霧煞煞,李慶輝/劉鳳枝,台語,558,,,00,
霧煞煞,詹雅雯,台語,55441,,,96,
霧熬熬,詹雅雯,台語,,56691,,5,
露水,李姫莎,台語,,58564,,5,
露水,陳盈潔,台語,,2,,5,
露水,黄吉雄,台語,,989,,5,
露水忙,楊淑慎,台語,,955,,5,
露水情,楊靜,台語,,44655,,5,
露水情緣,林良,台語,,850,,8,
霸王別姫,阿的安,台語,,59699,,8,
霾,,華語,6756,,,,
靈自靈,蔡佳瑩,台語,,4,,5,
靈靜自轉,洪百慧,台語,,4,,6,
靈魂也孤單,孫淑媚,台語,,449,,8,
靈魂亂亂飛,陳盈潔,台語,,492,,7,
靈魂的侶伴,莊振凱曾,台語,,57452,,7,
靈魂盡頭,張惠妹,國語,,700,,3,
青,顧斯,國語,,453,,2,
青乚瓷,周杰倫,國語,,563,,2,
青宮訁,北原山,國語,,5,,2,
青山月水,,華語,68,,,99,
青山遠,,華語,6491,,,,
青床甘是錯,林姍,台語,,843,,6,
青春,丁姵均,台語,,799,,8,
青春一首歌,彭立,台語,559,,,61,
青春不再回,阿吉仔,台語,66,,,,
青春不重來,,台語,00,,,51,
青春亂夢,南台灣小娘,台語,,388,,6,
青春住了誰,揚丞琳,國語,,5944,,1,
青春來.紡見,陳淑萍,台語,,881,,8,
青春價,,客語,2,,,51,
青春冒險家,王智君/陳豪,台語,67,,,00,
青春只有一次,,華語,43,,,99,
青春在流浪,,台語,98,,,,
青春夢,甲子慧,台語,00,,,61,
青春女人夢,,華語,47,,,96,
青春年華,,國語,,3,,2,
青春年華,柳佳妤,國語,596,,,,
青春恰恰,康倍馨,台語,597,,,61,
青春情歌,林子娟,台語,3,,,72,
青春戀夢,甲子慧,台語,56493,440,,61; 61; 6; 61,
青春戀夢,謝莉婷,台語,,448,,6,
青春換來一暝,王中平.徐芷頎,台語,6838,,,,
青春日記,謝金燕,台語,567,,,61,
青春是一個陰謀,,國語,,,,,
青春是咱的名,李素專,台語,568,,,61,
青春是無價,林子娟,台語,564,,,61,
青春會講話,曾心梅,台語,564,,,61,
青春本來就苦,伊能靜,國語,,3,,3,
青春歌,尤雅 吉力巴,台語,81,,,53,
青春無價 余秀娟 ◆ ◆,,華語,,,,96,
青春無塊回,華爾滋,台語,562,,,68,
青春白帆,,台語,,,,,
青春的少年家豕,郭大誠,台語,,475,,7,
青春的影子,,華語,,,,54,
青春的戀夢,劉依純,台語,554,,,92,
青春的戀夢,王識賢,台語,6571,,,,
青春的煙火,王識賢 森巴,台語,8397,,,57,
青春的輪船,余天,台語,67,,,,
青春盛宴,許亞童,華語,57489,,,66,
青春紀念冊,可米小子,國語,583,,,81,
青春花蕊,,台語,54,,,,
青春迷人醉,,客語,845,,,51,
青春陽光歡笑,比莉,國語,,3,,3,
青春鼓王,,國語,,877,,2,
青樓紅涙,西卿,台語,,455,,6,
青燈映,,華語,6385,,,,
青玉案,火星熊,國語,5,974,,2; 61; 61; 61,
青眷,楊靜,台語,,3,,8,
青眷儉起來放,楊靜,台語,,47560,,8,
青眷夢,譚詠麟,國語,,3,,2,
青眷的情批,杜忻恬,台語,,46952,,8,
青眷的煙火,王識賢,台語,,568,,6,
青眷的症頭,張艾莉,台語,,468,,8,
青眷製苶少年,石元彬,台語,,497,,7,
青眷鬥,楊丞琳,國語,,572,,2,
青眷鼓王,石喬,台語,,9,,8,
青瞑牛,石,台語,,052,,5,
青石願,黃鳳儀,台語,,788,,8,
青色山脈,蕭孋珠,國語,,7,,2,
青葉紅花,林俊吉方千玉,台語,,594,,8,
青蓮吟,,台語,,,,39,
青蘋果,蔡幸娟,國語,,3,,2,
青虹,,華語,6882,,,,
青蛙王子,,華語,69,,,,
青鋒,,華語,6554,,,,
青開窗庾,澄慶,國語,,4,,2,
青雲直上,鳳凰傳奇 搖滾,華語,,,,69,
靚細妹仔,,客語,2,,,51,
靚靚阿妹,,客語,8,,,51,
靜不下來,張韶涵,國語,65,689,,; ; ; 3,
靜止,楊乃文,國語,,697,,2,
靜聽,,華語,,,,45,
靜電,,華語,6865,,,,
靜靜的,庾澄慶,國語,,56539,,2,
靜音摸式,高登,國語,,462,,9,
非常後悔愛過你,,華語,67,,,,
非戀夢,黃乙玲,台語,,9,,5,
非我莫屬,,國語,,848,,2,
非我莫屬,黎明,國語,538,,,95,
非賣品,彭羚,國語,,578,,2,
非走不可,,台語,51,,,,
靠你更近,剛澤斌,國語,5,,,,
靠山,山風點,國語,,399,,2,
靠山,林俊吉,台語,,8,,5,
靠山山倒靠人人老,,華語,69,,,,
靠岸,孫淑媚,台語,66,,,,
靠年,系淑媚,台語,,3,,5,
靠斤,鄒兆邦,台語,,0,,5,
靠站,陳雷,台語,,5,,5,
靠自己本能,,客語,0,,,51,
靠近,FS(FuyFS(inzSam),國語,,462,,9,
靠近,庾澄慶,國語,,,,,
靠近,李聖傑,國語,594,568,,99; 99; 99; 2,
靠近一點點,Lara,國語,5,,,,
靠近你靠近我,閃亮三姐妹,國語,5,,,77,
靠近你靠近我,閃亮三,國語,,0,,3,
面且,張宇,國語,,386,,2,
面且,韋禮安,國語,,5,,2,
面且,黄鷽鷽,國語,,872,,2,
面具,曹格,國語,,942,,9,
面具,江美琪,國語,,450,,2,
面具,黃鶯鶯,國語,59,,,41,
面子問題,阿怕隊,台語,,694,,6,
面對,巫啟賢,國語,,388,,2,
面對面,張政雄薛珮潔,台語,,96545,,5,
面對面,辨棠二人組,國語,,460,,2,
面紗,劉曉,國語,,963,,9,
面紗,方文琳,國語,,387,,2,
面譜,向蕙玲,台語,,4,,8,
鞋子特大號,周杰倫,國語,,54572,,1,
鞦韆,蕭煌奇,國語,5,,,82,
韭天下的雪,清源,國語,,684,,3,
音樂,羅百吉,國語,,766,,2,
音樂(MUSIC),羅百吉,國語,5,,,82,
音浪,黄立行,國語,,484,,2,
音鱶4ßFunFun起來,M3,國語,,2,,3,
頁帶,劉雅芳,國語,,3,,2,
項,ME2,國語,,8,,2,
順仔你著愛買冊康,丿,台語,,57666,,7,
順其自然,蘇芮,國語,,8,,2,
順其自然,鄭中基,國語,,3,,2,
順其自然,黃小琥,國語,,578,,2,
順吾生,截梅君,台語,,5,,5,
順流逆流,徐小鳳,國語,,4,,2,
順流逆流,謝雷,國語,,400,,2,
順風珍重,龍飄飄,國語,,5,,2,
預告,蔣卓嘉,國語,,749,,2,
預感,陳奕迅,國語,,3,,2,
預期,,華語,67,,,,
預言,周蕙,國語,586,3,,42; 42; 42; 2,
預言,舒舒,國語,,56757,,2,
預謀,許佳慧,華語,57591,,,65,
預防萬一,西卿,台語,,1,,6,
頑固,五月天,國語,,590,,9,
頑皮,張衛健,國語,,579,,2,
頓張,施文彬,台語,,8,,5,
領地,,華語,61,,,,
頣君珍重,高勝美,國語,,959,,3,
頭一擺,陳定铖,台語,,6,,5,
頭仔,江蕙,台語,,698,,5,
頭仔,江蕙,國語,,566,,2,
頭家,施文彬,台語,,458,,5,
頭家甲薪勞,黄西田,台語,,2,,7,
頭擺介事,詩雨,客語,575,,,00,
頭放雞,,客語,00,,,,
頭殼壞去,蘇路,台語,,57450,,6,
頭殼摸咧燒 恰恰 ◆ 倖妏/阿燿,,國語,39,,,,
頭毛嘴鬚白,陳雷,台語,,1,,7,
頭毛香,洪榮宏,台語,,4,,5,
頭般冒累炉,,台語,,769,,7,
頭號甜心,張韶涵,國語,5,,,89,
頭號粉絲,莫文蔚,國語,545,76471,,95; 95; 95; 3,
頭過身就過 你的多情傷害了我 中板靈魂樂 中板靈魂樂 龍哥.丫貴,,台語,,,,52,
頭髮試火,,國語,,,,,
顏色,李玟,國語,93,3,,; ; ; 2,
顏色,杵美靜,國語,,3,,2,
願,,華語,65,,,,
願,佳米,國語,886,,,66,
願作多情人,李愛綺本嘉,台語,,576,,7,
願作比翼鳥,蔡幸娟,國語,,386,,3,
願你不爭不搶眼裡有光,,華語,62,,,,
願你心中有愛眼中有光,,華語,64,,,,
願你眼裡有光,,華語,6759,,,,
願你餘生晴空萬里,,華語,64,,,39,
願便利貼貼,呉宗明元若藍,國語,,565,,3,
願嫁漢家郎,蔡琴,國語,,1,,3,
願得一人心,李行亮雨宗林,國語,,9,,3,
願望,沈建豪 搖滾,台語,2,,,63,
願望,葉瞹菱,國語,,9,,2,
願為你死去,,華語,,,,40,
願為你跪六千年,,華語,64,,,,
願等來世再來手,,台語,65,,,40,
願賭服輸,李翊君,國語,,484,,3,
顛沛流離,,華語,44,,,96,
顛沛流離 放過自己睡個好覺,,華語,6780,,,,
顧家,顏月娥,台語,3,,,69,
顫慄傳奇,蕭亞軒,國語,,692,,3,
顯化無邊二郎神,,台語,52,,,,
風,,台語,,767,,5,
風,,華語,64,,,,
風,崔苔菁,國語,,1,,2,
風,巫啟賢,國語,,391,,2,
風,李雅芳,國語,,6,,2,
風,柯以敏,國語,,390,,2,
風,羅百吉,國語,554,7,,67; 67; 67; 2,
風,范曉萱,國語,,1,,2,
風,葉素美,台語,,54754,,5,
風,蔡幸娟,國語,,3,,2,
風一樣的我,葉炫清,國語,,756,,1,
風一樣的男子,陳曉東,國語,543,,,52,
風上星辰 中板靈魂樂 黃晼,,華語,65,,,,
風中一句話,吳淑敏,台語,,4,,6,
風中一粒沙,袁小迪,台語,,96987,,6,
風中喙風中情,蔡小虎,台語,,947,,7,
風中夢,朱海君,台語,,961,,5,
風中影,方瑞娥,台語,,8,,8,
風中情話,蔡槐,台語,,93863,,8,
風中攻瑰,鄭君威,台語,,490,,6,
風中有条雨做的雲,孟庭葦,國語,,392,,3,
風中歌,林嬌,台語,,598,,8,
風中沙,秀蘭瑪,國語,,4,,2,
風中沙,秀蘭瑪雅,台語,557,,,93,
風中沙,賴國永,台語,,3,,5,
風中燈,方瑞娥,台語,,8,,5,
風中的匕一,陳怡婷,台語,,2,,8,
風中的化。,方阡翊,台語,,965,,6,
風中的名字,劉依盹,台語,,6,,6,
風中的思念,孫淑媚,台語,556,483,,97; 97; 97; 6,
風中的愛,良一倖,台語,,6,,8,
風中的戀情,李惠蓁,台語,3,,,66,
風中的批,,台語,88,,,,
風中的承諾,李翊君,國語,,393,,3,
風中的早晨,王新蓮馬宜十,國語,,842,,3,
風中的歌,劉徳華,國語,,394,,2,
風中的玫瑰,龍千玉,台語,,594,,6,
風中的癡情花,方怡萍,台語,,947,,7,
風中的等待,王建傑.甲子慧,台語,64,,,,
風中的等待,王建傑甲子,國語,,8,,3,
風中的羽翼,,國語,,985,,3,
風中的花,周雅芳,台語,6389,,,,
風中的英雄,樊凡,國語,,776,,3,
風中的蝴垰,楊采媚,國語,,582,,3,
風中的蟻燭火,施文彬,台語,,4,,7,
風中的蠟燭,江蕙,台語,68,,,,
風中的誓言,系淑媚,台語,,882,,6,
風中的遺憾,王力宏,國語,588,,,95,
風中緣,家榮,台語,55675,441,,00; 00; 00; 5,
風中緣,江蕙,台語,62,2,,; ; ; 5,
風中花,蕭玉芬,台語,,5,,5,
風中花,詹曼鈴,台語,569,890,,65; 65; 65; 8; 8,
風中誓言夢中情,歡你,華語,48,,,,
風之彩,辛曉琪,國語,,2,,2,
風乞我的悲傷,周傳雄,國語,,5,,3,
風信,,台語,68,,,,
風停了就該說再見 Hip-Hop 蘇譚譚,,華語,65,,,,
風光正好,,國語,,,,,
風兒,,國語,,49586,,2,
風兒吹走雪花,,華語,6600,,,,
風兒多可愛,翁倩玉,國語,,7,,3,
風兒你在輕輕的吹,羅大佑,國語,,462,,3,
風兒輕輕吹,劉文正,國語,,9,,3,
風冷情未冷,石喬,台語,,953,,8,
風十的雨翌,楊培安,國語,,56596,,3,
風向星座,,華語,66,,,,
風吹,,台語,91,,,,
風吹,小辣椒,台語,,960,,5,
風吹不散的執念,,華語,68,,,,
風吹夢無蹤,,客語,6,,,51,
風吹孤鷹的憂傷,,華語,67,,,38,
風吹散咱的情 特魯多 歌號 英文歌曲 王培宇,,台語,663,,,39,
風吹斷了線,詹曼鈴,台語,563,,,61,
風吹的暗暝,孫淑媚,台語,,860,,6,
風吹的願望,江江淑娜,台語,,4,,6,
風吹的願望,江蕙/江淑娜,台語,68,,,,
風吹草動,林慧萍,國語,,455,,2,
風吹起的時候,王柏森,國語,,49581,,3,
風吹過的那一頁,,華語,63,,,,
風吹雪,鄧詠家,台語,,593,,8,
風吹雲就飛,陳百潭,台語,,44545,,6,
風吹風吹,人小百,台語,,5,,6,
風吹風吹,江蕙,台語,,388,,6,
風告訴我,包聖美,國語,,387,,2,
風和海,,華語,6449,,,,
風啊花啊山啊海啊,,華語,6773,,,,
風塵,唐儷,台語,,3,,5,
風塵,林俊吉,台語,,9,,5,
風塵人生,唐飛,台語,563,49451,,63; 63; 6; 63,
風塵女,林姍,台語,,44581,,5,
風塵女,楊靜,台語,,394,,5,
風塵客,,華語,65,,,,
風塵淑女 中板靈魂樂 陳鶴明,,台語,,,,55,
風塵淚,江蕙,台語,,1,,5,
風塵續曲,風采輪,台語,,44587,,6,
風塵花,尚蕙玲,台語,,76450,,5,
風塵路,張蓉蓉,台語,,460,,5,
風塵醉夢,江志美,台語,,1,,8,
風對叨位吹,孫淑媚,台語,6386,,,,
風得意,黄貴香,台語,,544,,6,
風從那裡來,萬沙浪鄧麗,國語,,3,,3,
風微微情綿綿,龍千玉,台語,,0,,7,
風怎樣吹,蘇路,台語,,57949,,6,
風情歌,陳建誠,台語,,44644,,6,
風戀情,彭賢能,台語,,95689,,6,
風月,黄齢,國語,,58557,,2,
風沙,中堅分子,國語,,395,,2,
風沙,黃妃,台語,563,588,,5; 63; 63; 63,
風流,羅時豐大芭,台語,,48885,,5,
風流,蔡秋鳳,台語,8579,4,,76; 76; 76; 5,
風流女生,彭佳慧,國語,,9,,9,
風流女生,彭佳慧 吉力巴,國語,,,,,
風流的行船人,文夏,台語,,6,,7,
風流阿伯挽茶阿娘,,台語,,469,,7,
風淒淒意綿綿,,台語,,698,,7,
風淒淒意綿綿,光夭,國語,,8,,3,
風滿樓情滿樓,季珮菁,國語,,857,,3,
風無影,詹雅雯,台語,,968,,8,
風爭迺啊迺,辦桌二人組,台語,,987,,8,
風甫肅,黃妃,台語,,57646,,5,
風的名雨的影,蔡小虎,台語,,9,,7,
風的孩子,黄曉明,國語,,567,,2,
風的憂傷只有雲知道 中板靈魂樂 ★ 常超凡,,華語,62,,,,
風的朋友,霍正奇游鴻明,國語,,396,,2,
風的涙,張克帆,國語,,397,,2,
風的約定,,華語,64,,,,
風的顏色,趙詠華.李正帆,國語,82,,,,
風真透,陳雷,台語,,6,,5,
風笛手,梁靜茹,國語,,4,,2,
風箏,孫燕妛,國語,,6,,2,
風箏,小辣椒,台語,,491,,5,
風箏,洪榮宏,台語,8461,46856,,69; 69; 69; 8; 8,
風箏,王建傑,台語,63,,,,
風箏,龍千玉,台語,,8,,5,
風箏(風吹),王建傑,台語,,8,,5,
風箏斷了線,,華語,,,,,
風箏無眼,林俊吉栴君,台語,,7,,6,
風箏的心情,范美敏,台語,,43842,,8,
風聲,鄭君威,台語,,499,,5,
風聲的幸福,黃乙玲,台語,,568,,6,
風花雪月,翁立友,台語,,59461,,8,
風華,王建傑,台語,,7,,5,
風蕭蕭,黃妃,台語,563,,,63,
風衣,系,國語,,59560,,1,
風見難,陳昇,國語,,838,,2,
風車寓言,張衛健,國語,,791,,2,
風車站台,,華語,64,,,,
風速四十公尺,洪一峰,台語,,5,,7,
風過雨無停,秀蘭瑪雅,台語,84,,,59,
風采,歐陽菲,國語,,9,,9,
風鈴,周蕙,國語,573,7,,; ; ; 2,
風鈴,翁倩玉,國語,,669,,2,
風鈴,鄧麗君,國語,,4,,2,
風鈴聲,陳隨意謝宜君,台語,,0,,8,
風雨,方怡萍,台語,,396,,5,
風雨中的寧靜,田路路,國語,,7,,3,
風雨人生,蔡義德,台語,,44653,,6,
風雨傳情,,客語,6,,,51,
風雨情,江蕙,台語,,768,,5,
風雨情,王瑞霞,台語,,6,,5,
風雨情,袁小迪,台語,69,5,,; ; ; 5,
風雨情,謝宜君,台語,,9,,8,
風雨情路,鄔兆邦喬幼,台語,,8,,8,
風雨戀情,江蕙,台語,,2,,6,
風雨戰神,,台語,,44889,,6,
風雨暝,,台語,92,,,,
風雨暝,張秀卿,台語,,695,,5,
風雨暝夜港邊,謝雷,台語,,44395,,7,
風雨朱歸人,鳳飛飛,國語,,7,,3,
風雨渥澹我的心,,台語,,,,94,
風雨無情,蔡小虎,台語,,1,,6,
風雨生信心,,國語,,399,,3,
風雨甫聲,黄瑞琪,台語,,541,,6,
風雨聲,丁姵均,台語,,43870,,8,
風雨聲,荒山亮,台語,55958,967,,5; 61; 61; 61,
風雨聲,陳友添,台語,658,,,61,
風雨若停天就,,台語,,9,,8,
風雨裡認識你,歐陽菲,國語,,863,,9,
風雨逗陣行,傅振輝/方怡萍,台語,555,,,92,
風雪情朱了,楊小萍,國語,,8,,3,
風雲,大台風樂團,台語,9,,,72,
風雲,鄭伊健,國語,,4,,2,
風雲再起,王瑞霞,台語,,490,,6,
風雲再起,莊振凱,台語,,977,,6,
風雲再起,陳雷,台語,,396,,6,
風雲女,黃鳳儀,台語,,6,,5,
風雲行,荒山亮,台語,,96546,,5,
風風雨雨,朱德寶莉婷,台語,,59771,,8,
風風雨雨作阝行,李明洋詹曼鈴,Unknown,,59692,,8,
風風雨雨作陣行 華爾滋 ○ 代表【midi無人聲】 ★ 代表【原聲 或 原聲原影】 適用機型：S-(BD/IMSBP系列/N系列/N2系列/W系列),● 代表【midi+人聲伴唱】 利用人如欲使用本產品於「公開場所」使用，請逕洽集管團體或著 ◆ 代表【midi+原聲伴唱】 作財產權人取得「公播授權」後，始得合法使用 1 上述符號為【歌曲類型】依機型及功能而有所不同 發行日期 /,華語,,,,,
風風雨雨這多,洪榮宏,台語,,697,,7,
風颱尾,閃亮三,台語,,763,,5,
風颱尾,閃亮三姊妹,台語,562,,,61,
風颱心情,伍佰,台語,,466,,6,
風颱雨,吳淑敏,台語,,1,,5,
風飛沙,陳盈潔,台語,,9,,5,
颱風,台風,國語,5,,,82,
颱風假,呉淑敏,台語,,443,,5,
飄,,華語,6571,,,,
飄泊,沈文程,國語,,950,,2,
飄洋過海,何耀珊,國語,39,,,,
飄洋過海的臽,莊心一,國語,,9,,9,
飄洋過海的魚,,台語,46,,,,
飄浪之女,文夏,台語,,6,,6,
飄浪的人,陳雷,台語,84,,,59,
飄浪的愛情,陳思安,台語,,3,,7,
飄浪的愛置,蔡秋鳳,台語,,9,,7,
飄浪的旅行,李茂山,台語,,665,,7,
飄浪的日子,林國慶,台語,,447,,7,
飄浪苦海,邱芸子,台語,55592,,,61,
飄浪行船人,林峰,台語,,477,,7,
飄盪的我,高勝美,國語,,2,,3,
飄移,周杰倫,國語,504,,,,
飄良,王識賢,台語,,568,,5,
飄蕩在春風裡,,台語,680,,,,
飄雪之仅,,國語,,7,,3,
飄雪的冬天,雨浩楓,華語,578,,,61,
飄零,,華語,,,,54,
飄飄,陳寶蓮,國語,,7,,2,
飆汗,容祖兒/羅志祥,國語,5,,,50,
飆起來,羅百吉,國語,587,,,68,
飆高音,黄明志nnalllewe,國語,,653,,9,
飛,2,國語,,4,,2,
飛,BOSS,國語,,9,,2,
飛,張虎,國語,,685,,2,
飛,方阡翊,台語,,942,,5,
飛,王菲,國語,,3,,2,
飛,董育君,台語,,49499,,5,
飛,郭桂彬,台語,,760,,5,
飛不到你的天,南方二重唱,國語,576,,,89,
飛不到你的天,喃方,國語,,2,,1,
飛了巴,戚小戀,國語,,0,,2,
飛仔麟,蔡佳麟,台語,,455,,5,
飛入你心底,黃妃,台語,,587,,6,
飛入你的窗,洪榮宏,台語,,5,,6,
飛入你夢裡,黄思婷,國語,,562,,3,
飛到你身邊,王強,國語,,754,,3,
飛到從前,,台語,,,,,
飛去你身邊,方怡萍,台語,65,,,,
飛去有你的所,邱芸子,台語,,447,,7,
飛名,娃娃,國語,,9,,2,
飛向你飛向我,金瑞瑤,國語,,3,,3,
飛向夢的遠方,伍思凱,國語,,951,,3,
飛向妳身邊,余祥榮,台語,659,,,61,
飛向藍天,王中平,國語,5,,,61,
飛向陽光大地,,客語,0,,,51,
飛向陽光飛向你,脫拉庫,國語,59,,,,
飛吧,王心凌,國語,4950,,,,
飛啊飛,黃妃,台語,,57547,,5,
飛在風中的小,吳俊霖,台語,,7,,7,
飛天小神獸,黃鳳儀,台語,,587,,6,
飛巴,王心凌,國語,,5,,2,
飛機場的0:,陶喆,國語,,3,,3,
飛機飛過,,華語,6855,,,,
飛浪姐花詹,雅雯,台語,,5,,6,
飛缶,梁靜茹,國語,,9,,2,
飛翔石,衛,國語,,684,,2,
飛舞,王冰洋,華語,570,,,61,
飛舞王,冰洋,國語,,49576,,2,
飛船,楊坤,國語,,76667,,2,
飛蛾,,國語,,,,,
飛蛾撲火,王鍵,華語,579,,,61,
飛蛾涅盤,,華語,68,,,,
飛行部落,F.I.R,國語,560,,,47,
飛起來,徐懷鈺,國語,,3,,2,
飛起來,羅百吉,國語,569,7,,79; 79; 79; 2,
飛雁傳情,,客語,7,,,51,
飛雪,王冰洋,國語,,683,,2,
飛雲之下,林俊傑&,Unknown,,596,,1,
飛魚,梁靜茹,國語,540,,,95,
飛鳥的痕跡,,華語,6778,,,,
飛鳥與射手,,台語,84,,,97,
飛鳥與浪潮,,華語,65,,,,
飛鷹劉…,文正,國語,,3,,2,
飛龍在天,賈靜雯江宏恩,台語,,0,,6,
食口泉水涼心頭 ○ 曼怡,,客語,385,,,51,
食為天,小沈陽,國語,,6,,2,
食言,,華語,6661,,,,
食酒上高樓,,客語,8,,,51,
食茶尋麼儕,,客語,7,,,51,
飢餓,蘇永康,國語,,973,,2,
飮一杯,洪文斌,台語,,448,,5,
飮乎乾,陳子賢,台語,,974,,5,
飮乎茫,江志豐,台語,,566,,5,
飮乎醉,施志興,台語,,447,,5,
飮啦,高向鵬,台語,,0,,5,
飮落去,戴梅君,台語,,7,,5,
飮酒歌,,台語,,9,,5,
飯菜香,,台語,00,,,51,
飲,林美惠,台語,,6,,5,
飲一杯,洪文斌,台語,555,,,,
飲一杯好茶,卓靜芬,台語,6,,,65,
飲乎醉,施志興,台語,568,,,61,
飲乎醉,王識賢 特魯多,台語,69,,,,
飲千杯,唐儷,台語,,468,,8,
飲啦,大台風樂團,台語,8,,,72,
飲啦愿頭,唐銘良,台語,,6,,6,
飲甲醉茫茫,,華語,47,,,53,
飲者之歌,郭金發,台語,,2,,6,
飲酒哈燒茶,白冰冰/七郎 特魯多,台語,550,,,76,
飲酒的藉口,,華語,,,,,
飼牛仔歌,林財寶 吉力巴,台語,551,,,86,
飼牛兄美阿娘,山珠,台語,,947,,7,
飼牛兄美阿娘,石石,台語,,4,,7,
飽擱醉,唐飛,台語,,499,,5,
飽擱醉,蔡秋鳳,台語,,3,,5,
養女心聲,殷麗雲,台語,,876,,6,
養我一輩子,川島茉樹代,國語,592,,,91,
養母淚,江蕙,台語,,990,,5,
養育的恩情,周樂,台語,,9,,7,
餘傷,,華語,66,,,,
餘喘,,華語,69,,,,
餘波盪漾,田馥甄,國語,,9,,9,
餘生很貴 請別浪費,,華語,64,,,,
餘生能否再見,,華語,60,,,,
餘生請多指教 搖滾 ★ 程佳佳,,華語,63,,,,
餘興節目,張宇,國語,3979,,,,
餘興節目,蔡健雅,國語,,3,,3,
饑渴,,華語,69,,,,
饑餓的靈魂,原始林,國語,,6,,3,
饒赦相思,林慧省,台語,,676,,6,
首算去,孫淑媚,台語,,9,,5,
香水,江志豐秀卿,台語,,56940,,5,
香水味,孫淑媚,台語,,855,,5,
香水味,銀河科,台語,,496,,5,
香水有毒,胡楊林,華語,577,,,61,
香水無味,,國語,,,,93,
香水百合,張韶涵,國語,41,,,,
香水謝,霆蜂,國語,,0,,2,
香港戀情,邱蘭芬無口,台語,,481,,6,
香煙到頭終是灰,,華語,6983,,,,
香煙愛上寂寞,章古,Unknown,,854,,1,
香煙愛上寂寞,章古 House,華語,,,,61,
香蕉船,呉秀珠,國語,,7,,2,
香香,鳳凰傳奇,華語,,,,61,
馬吾,陳淑樺,國語,,759,,2,
馬屁王朝,周治平,國語,,3,,2,
馬德里不思議,蔡依林,國語,5,,,40,
馬拉杀,高向鵬,國語,,3,,2,
馬桶,劉德華,國語,,5,,2,
馬蘭之丶,張淑美,台語,,96556,,6,
馬蘭之女,秀蘭,台語,,945,,6,
馬蘭悲歌,張淑美,台語,,5,,6,
馬西馬西,羅思琦,台語,689,,,61,
馬路英雄,袁小迪,台語,,999,,6,
馬車夫之.戀吆,康弘,國語,,3,,3,
馬車姑娘,游小鳳,台語,,991,,6,
馬馬嘟嘟騎,,華語,6873,,,,
馮亻麼拒絶,劉虹嬅,國語,,1,,3,
駛孤帆,你自己,台語,,445,,5,
駛孤帆,黄乙玲,台語,,1,,5,
駛目尾,江苡靖,台語,1,54454,,5; 64; 64; 64,
駱它的眼晴,海豚樂,國語,,4,,3,
騎士精神,蔡依林,國語,539,,,39,
騎鐵馬,大台風,台語,,638,,5,
騎鐵馬,詹雅雯/詹雅云 特魯多,台語,555,,,,
騙了妳,王中平,國語,5,,,61,
騙人,,華語,62,,,,
騙人彼多,詹雅雯,台語,555,,,,
騙人彼多詹,雅雯,台語,,566,,6,
騙子,,華語,6693,,,,
騙子,丁文琪,國語,,0,,2,
騙局,姍姍,台語,1,548,,5; 64; 64; 64,
騙我愁愁迺,七郎,台語,,9,,7,
騷動之夜,紅孩兒,國語,,9,,3,
驕傲,張惠妹,國語,3868,,,,
驕傲遠方 Hip-Hop AZ珍珍,,華語,65,,,,
驗證碼,夏天1,國語,,47642,,2,
驚什麼,詹雅雯,台語,,462,,5,
驚天動也,M3,國語,,9,,3,
驚奇的夢,,華語,6864,,,,
驚聽你的名,詹雅安,台語,,595,,7,
驚驚抹著頂,謝雷,台語,,7,,7,
驚鴻一面,許黃,國語,,4,,3,
骨氣,陳百潭,台語,,43847,,8,
骨氣,陳茂豐,台語,559,943,,5; 61; 61; 61,
體夻,陳思安,台語,,563,,5,
體會,陳慧琳,國語,41,,,,
體溫,周蕙,國語,66,,,,
體無完声,秀蘭瑪,國語,,460,,3,
體貼,利綺,國語,586,,,,
體貼你心肝,吳淑敏/周韋杰,台語,552,,,96,
體面,于文文,國語,,464,,1,
體面,于文文,華語,57595,,,63,
高山巖之戀 恰恰 ◆ 李雨璇,,華語,,,,,
高山青歌,春妹,國語,,467,,9,
高崗上,張用敏,國語,,552,,2,
高崗上,費玉清,國語,,9,,2,
高崗上,費玉清 吉力巴,國語,544,,,61,
高手,潘瑋柏,國語,5,,,67,
高攀,,華語,65,,,,
高聊林的愛情,齟人可,國語,,956,,3,
高處的水,張津滌,國語,,3,,9,
高調愛,羅志祥,國語,,485,,2,
高速公路夜快車,,台語,,6,,7,
高鐵的月台,袁小迪,台語,,764,,6,
高雄夜曲,王秀如&林峰,台語,,974,,6,
高雄港之戀,孫淑媚,台語,8571,7,,70; 70; 70; 6,
高雄港戀情,,台語,,4,,6,
高高仙人掌,李珮菁 特魯多,國語,581,,,77,
高高在下,劉德華,國語,,8,,2,
髮,杭天祺,國語,,0,,9,
髮如雪,周杰倫,國語,,,,,
鬥士,徐若暄,國語,,4,,2,
鬥牛,周杰倫,國語,62,3,,; ; ; 2,
鬥纏,甲子慧,台語,,7,,61; 61; 61; 8; 8,
鬥阝著相照顧,鄭能通,台語,,496,,7,
鬥陣,喬莊,台語,,47590,,8,
鬥陣,莊振凱喬幼,台語,,59446,,8,
鬥陣ㄟ,,台語,,,,,
鬥陣ㄟ,七鄧詠家,台語,,587,,5,
鬥陣乾杯 恰恰 龍德,,台語,70,,,55,
鬥陣是緣份,林文隆 特魯多,台語,73,,,,
鬥陣的,張蓉蓉,台語,,44397,,5,
鬧熱滾滾,Peter楊,台語,0,,,66,
鬧鉤了沒,,國語,,2,,3,
鬱怦弋戀歌,七郎,台語,,57784,,7,
鬱悴ㄟ戀歌,七郎,台語,566,,,61,
鬱悴的男兒,良一 特魯多,台語,6870,,,,
鬱的男兒,良一,台語,,545,,7,
鬼迷心竅,一宗盛,國語,,1,,2,
魂,,台語,87,,,,
魂不守舍,王柏森,國語,,2,,3,
魂斷藍橋,謝雷,國語,,5,,3,
魂是英雄錢是膽,詹雅雯,台語,,900,,8,
魂榮舊夢,,國語,,0,,3,
魂榮舊夢,蔡琴,國語,,896,,3,
魂魂斷血藍回橋.,,國語,,984,,3,
魅力四射,閃亮三,國語,,454,,3,
魅力燃燒,鄭秀文,國語,,3,,3,
魅力界限,芭比,國語,,8,,3,
魔力U&Me Techno ◆ 李明洋,,華語,86,,,,
魔吞傳奇,阿爍,台語,,452,,6,
魔幻季節,梁詠琪,國語,5,,,58,
魔法,,華語,60,,,38,
魔法,沈丹丹,國語,,5,,2,
魔法戀人,許志安,國語,594,,,91,
魔獸日記,,華語,63,,,39,
魔鏡,朱茵,國語,,1,,2,
魔鏡,李玟,國語,,2,,2,
魔鏡,程響 House,華語,,,,60,
魔雀一先生,周杰倫,國語,,56488,,3,
魔鬼身材,Diva彩,國語,,9,,3,
魚,陳貞,國語,,567,,2,
魚仔,盧廣仲,國語,,474,,9,
魚兒水中游,許慧欣,國語,5,,,63,
魚冫水乚,曾淑勤,國語,,0,,2,
魚在水裡哭,深白色二人組,國語,,2,,3,
魚死網破,,華語,6452,,,,
魚水情歌,陳瑞vs,國語,,8,,2,
魚甲水,,台語,,,,47,
魚說,陳昇,國語,,95,,2,
鯊+川夜曲,孔蘭薫,國語,,2,,3,
鯨魚,藍心湄,國語,,3,,2,
鳥仔塊飛,方怡萍,台語,,847,,6,
鳥來好風光,呉美治,台語,,784,,8,
鳥來的美姑娘,秀蘭,台語,,979,,7,
鳥兒歌唱花兒,鳳飛飛,國語,,0,,9,
鳥日子,韋禮安,國語,,576,,2,
鳥與樹,于台煙,國語,,7,,2,
鳥鴉,顏志文,國語,,5,,2,
鳥鴉配鳳凰,美黛,國語,,5,,3,
鳳凰于飛,,國語,,3,,3,
鳳凰于飛,甄秀珍,國語,,3,,3,
鳳凰花李,孫淑媚,國語,,0,,9,
鳳凰莅,龍千玉,台語,,76873,,5,
鳳陽花鼓,閻荷婷,國語,,1,,3,
鴉月戰爭,,台語,,4,,6,
鴕鳥式沉默,黃立行,國語,,3,,9,
鴛夕鴦夢,尤雅,台語,,4,,5,
鴛鴦,陳茂豊甲子慧,台語,,694,,5,
鴛鴦,陳茂豐/甲子慧,台語,55778,,,61,
鴛鴦一場,蔡小虎,台語,,5,,6,
鴛鴦不了情,林立芳 特魯多,台語,552,,,90,
鴛鴦伴相隨 扭扭 張愛蔆 ◆,,客語,,,,,
鴛鴦吉魯巴,七郎鄧詠家,台語,,393,,8,
鴛鴦夢,尤雅,台語,557,,,80,
鴛鴦夢,張秀卿,台語,,8,,5,
鴛鴦夢,朱海君,台語,,566,,5,
鴛鴦夢,莊孝韓,台語,,2,,5,
鴛鴦夢斷三年緣 Bossa Nova ◆ 莊旭儀,,華語,63,,,40,
鴛鴦彎鎖匙,七邱,台語,,546,,6,
鴛鴦戒指,儒孺/旺來,台語,567,,,61,
鴛鴦戒指,儒旺,台語,,443,,6,
鴛鴦手巾仔,七張,台語,,8,,7,
鴛鴦手巾仔,七郎/張麗君 特魯多,台語,83,,,59,
鴛鴦手指,王建傑&,台語,,0,,6,
鴛鴦手指,王建傑/甲子慧,台語,562,,,61,
鴛鴦散,張涵雅,台語,,0,,8,
鴛鴦杯,沈建豪,台語,6,,,68,
鴛鴦橋,陳素英,台語,,463,,5,
鴛鴦水鴨,陳美鳳,台語,,2,,6,
鴛鴦水鴨粉鳥,七郎喬甲幼,台語,,1,,7,
鴛鴦淚,林姍,台語,,46745,,8,
鴛鴦溪,喬幼,台語,,5,,5,
鴛鴦被,王金英,台語,,545,,5,
鴛鴦被,袁小迪,台語,,57652,,5,
鴛鴦譜,楊棟樑,台語,,544,,5,
鴛鴦路,東麗,台語,,,,61,
鴛鴦路,翁立友,台語,,577,,5,
鴛鴦鎖匙,七郎/邱芸子 特魯多,台語,6867,,,,
鴻雁,呼斯楞,國語,,461,,2,
鴿子,楊宗鍏,國語,,56498,,2,
鴿子與海,郭子,國語,,7,,3,
鸳鴦線,吳淑敏,台語,,57392,,5,
鸳鴦蝴虫、茜,月英,台語,,54776,,7,
鸳鴦錦帛,葉歡,國語,,570,,2,
鹹鹹的眼涙,方怡萍,台語,,882,,7,
鹹鹹的眼淚,方怡萍,台語,554,,,76,
鹽埕區長,,台語,,9,,6,
鹽山之戀,方順吉魏嘉,台語,,4,,6; 8; 8; 8; 8; 8,
鹿港小鎮,羅大佑,國語,,1,,2,
鹿港思帶路,陳隨意,台語,,945,,8,
鹿港龍山寺,,台語,,,,38,
鹿谷之春,,台語,66,,,,
麋鹿森林,,華語,60,,,,
麗娜,王識賢,台語,,5,,5,
麗影西施茆,蕙觀,台語,,993,,6,
麗花相思曲,楊麗花,台語,,9,,8,
麥來亂,五月天,台語,,551,,5,
麥做癡情人,鄭君威昔乙玪,台語,,561,,6,
麥囉唆,Super-7,台語,,57441,,5,
麥囉嗦,甲子慧,台語,56845,773,,64; 64; 64; 8; 8,
麥憨阿,喬幼,台語,,438,,8,
麥拖沙,呂明銀,台語,,9,,8,
麥捫想卞朱嚥,陳茂豐,台語,,442,,7,
麥擱來亂,董育君,台語,,591,,6,
麥擱再想你 探戈 張惠琦(聿綾) 歌號 粵語歌曲,,台語,663,,,,
麥擱想卡未嚥氣,陳茂豐,台語,56495,,,61,
麥擱想這多,沈芳如,台語,56763,,,68,
麥擱愁阿,陳夏蓮,台語,,44546,,6,
麥擱憨啊,,華語,,,,99,
麥擱提起,慕容睫,台語,,762,,8,
麥擱相逢,劉雅惠,台語,,8,,8,
麥烝珒,周杰倫,國語,,3,,2,
麥牽抱,黄千芸,台語,,489,,8,
麥羽越頭,龍千玉,台語,,3,,6,
麥芽糖,周杰倫,國語,39,,,,
麥講也罷,王建傑,台語,,978,,6,
麦了就丹,成鄭秀文,國語,,3,,2,
麸,周蕙,國語,,2,,2,
麻吉,MACHI,國語,,6,,2,
麻吉ㄟ好兄弟,傅振輝/高向鵬,台語,56660,,,67,
麻吉ㄟ！卡保重咧,良一,台語,6860,,,,
麻吉兄弟,小柬陳宏蒲底,台語,,477,,6,
麻吉好兄弟,施志興,台語,560,447,,61; 61; 6; 61,
麻吉弟'弟,MACHI,國語,,592,,2,
麻吉的,張志良 搖滾,台語,,,,61,
麻煩,謝金燕,台語,55999,2,,5; 61; 61; 61,
麻煩告訁他,許紹洋,國語,,8,,3,
麻煩告訴他,許紹洋,國語,62,,,,
麻糬,黄品源萭,台語,,848,,5,
麻踈公主,閃亮三姐外,台語,,763,,6,
麻辣公主,閃亮三姊妹,台語,562,,,61,
麻辣小龍蝦,肖飛,國語,,682,,3,
麻辣恰恰,黃阿麻,台語,,,,61,
麻醉愛情,李愛妮,國語,,499,,2,
麻麻麻,林慶源,台語,,46992,,8,
麻索穿針眼,,客語,4,,,51,
黃昏,周傳雄,國語,,548,,2,
黃昏,白光,國語,,1,,2,
黃昏,陳蘭麗,國語,,593,,2,
黃昏之戀,張燕清淑萍,台語,,883,,6,
黃昏小唱,,國語,,3,,2,
黃昏小唱,王芷蕾,國語,,8,,2,
黃昏小唱,鄧麗君,國語,,4,,2,
黃昏小山崙,廖桂英,台語,0,,,68,
黃昏小雨,楊黎蘇,國語,,383,,2,
黃昏思情,阿吉仔,台語,,948,,6,
黃昏戀歌,,國語,,4,,2,
黃昏橋,石琇惠/石喬 特魯多,台語,553,,,00,
黃昏的台北,江蕙,台語,,7,,6,
黃昏的小山崙,陳芬蘭,台語,,94784,,7,
黃昏的心,張宇,台語,,9,,6,
黃昏的戀歌,林美選,台語,4,,,65,
黃昏的港邊,張峯子 特魯多,台語,9,,,60,
黃昏的玫瑰,方瑞娥,台語,,4,,6,
黃昏的車站 華爾滋 ◆ 林子娟,,國語,48,,,,
黃昏與雲,,華語,66,,,,
黃昏裡,鄧麗君,國語,,46,,1,
黃昏野鳥,施文彬,台語,556,,,87,
黃昏雨,羅時豐,台語,64,,,,
黃梁一夢,,台語,,,,,
黃河的水,黃仲崑,國語,,3,,2,
黃玫瑰,刀郎,國語,,970,,9,
黃葉,林隆璇,國語,579,,,,
黄昏城,文夏,台語,,5,,5,
黄昏橋,石石,台語,,5,,5,
黄昏的与頭,,國語,,3,,3,
黄昏的海邊,,國語,,3,,3,
黄昏的海邊,秀蘭,國語,,670,,3,
黄昏的海邊,鄧麗君,國語,,580,,3,
黄昏高雄港,林婀,台語,,467,,8,
黄櫻桃,林玉英,台語,,5,,5,
黎明,唐飛,台語,,498,,5,
黎明前後,楊樺,國語,,49656,,3,
黎明前的黑暗,,華語,62,,,,
黎明的陽光,高明駿,國語,59,,,,
黎明破垚前,林志穎,國語,,3,,3,
黏相偎,王錦珠 特魯多,台語,2,,,69,
黏相偎,程安,台語,,799,,8,
黏黏,周哲&,國語,,595,,1,
黏黏黏亅,王心凌,國語,,572,,3,
黑!Baby,羅百吉,國語,,8,,2,
黑咖啡,痞克四,國語,,843,,2,
黑影,王建傑,台語,55949,,,61,
黑板,ME2,國語,,,,,
黑洞裡,方大同,國語,,4,,2,
黑狗蟻就是阮,名陳政綺,台語,,5,,7,
黑狗蟻就是阮,名陳莉,台語,,5,,7,
黑狗蟻就是阮的名,陳莉 吉力巴,台語,69,,,00,
黑白人生,荒山亮,台語,,7,,6,
黑白想,沈芳如,台語,55839,,,61,
黑白無常,安苡葳,台語,,6,,8,
黑白畫映,張學友,國語,3850,,,,
黑白的探戈,陳盈潔,台語,,449,,6,
黑白配,范瑋琪,國語,5,,,85,
黑眼圈,池宇菲,國語,,669,,9,
黑眼圈,輕鬆玩樂團,國語,5,,,67,
黑社會,林合和 搖滾,台語,7,,,64,
黑色吉他,蕭煌奇,台語,556,,,86,
黑色幽默,周杰倫,國語,5,,,41,
黑色毛衣,周杰倫,國語,500,,,,
黑色的心情,詹曼鈴,台語,566,,,61,
黑裙子,張芸京,國語,,568,,2,
黑輪伯仔,林強,台語,,3,,6,
黑里心,黃鴻升,國語,,576,,2,
黑里白,斯琴高,國語,,49553,,2,
黑里皮,徐承邦,國語,,6,,2,
黑里色,李琳,國語,,49868,,2,
黑里陰天,王識賢,台語,,5,,5,
黑里陰天,蔡振南,台語,,9,,5,
黑陰天,王識賢,台語,81,,,65,
黑髮尤物,蔡依林,國語,,573,,2,
黒夜問白天,林俊傑,國語,,59470,,1,
黒猫與黒狗,李芋慧,台語,,564,,6,
黒珈畊,江蕙,台語,,571,,5,
黒白電視機,成鳳,台語,,439,,6,
黒色比基尼,蕭煌奇,台語,,575,,6,
黒色的心情,詹曼鈴,台語,,045,,6,
黒面寶貝,螝嘉揄,國語,,671,,9,
黒面祖師公,劉福助,台語,,9,,6,
黒髪變白髪,陳淑樺,國語,,3,,3,
默,那英,國語,,848,,9,
"默,默愛者你",,國語,,2,,3,
默、默祝畐你,陳芬蘭,國語,,5,,3,
默契,吳宗憲謝金,國語,,4,,2,
默契,巫啟賢方文琳,國語,,861,,2,
默契愛,人豪,國語,,5,,2,
默背妳的心碎,余文樂,國語,,574,,3,
默許一,陳淑樺,國語,,639,,2,
默認,孟庭葦,國語,,572,,2,
默默愛你,李玟,國語,,1,,3,
默默血,姚蘇蓉,國語,,7,,3,
點一支煙,宏星特攻隊,台語,,2,,6,
點一首歌,毛寧張,國語,,938,,3,
點亮,李翊君,國語,,467,,2,
點仔膠,曾心梅俊士,台語,,7,,5,
點営乚山,荒山亮,國語,,0,,3,
點歌,謝霆鋒,國語,,3,,2,
點歌的人,,華語,66,,,,
點水,楊丞琳,國語,,4,,2,
點滴在心頭,洪百慧,台語,,4,,7,
點燈也無地找,方瑞娥,台語,,4,,7,
點燈火無塊找,蔡小虎談詩玪,台語,,7,,7,
點菸盤,,台語,,,,48,
鼓勵,文麗,台語,,541,,5,
鼓勵,方順吉,台語,,2,,5,
鼓勵,阿吉仔,台語,,9,,5,
鼓浪嶼之波,鐘立民,國語,,3,,3,
鼓舜,藍心湄,國語,,8,,2,
鼻頭酸,,台語,,,,00,
鼻頭酸,吳家程,台語,,768,,8,
齊齊哈爾濱,亞男,國語,,680,,3,
齦河情歌,高向鵬郐外家,台語,,3,,8,
龍一單士,周杰倫,國語,,56485,,3,
龍之亻人,秀蘭瑪,國語,,5,,3,
龍哥的店 中板靈魂樂 龍哥.柳芝,,台語,,,,44,
龍山寺戀情,,台語,,,,93,
龍愛我,李蚊,國語,,6,,2,
龍拳,周杰倫,國語,505,,,,
龍捲風,周杰倫,國語,5,,,,
龍的傳説,温瀚龍,台語,,3,,8,
龍的子弟,李小飛,台語,,646,,6,
龍眼花,伍珈慧,台語,7,,,67,
龍紋山河,,華語,6570,,,39,
龍船調,翁倩玉,國語,,1,,2,
龍蝦盛宴 抒情搖滾 REID伯虎,,華語,64,,,,
龍飛鳳舞,蔡佳麟,台語,,3,,6,
係自家人,,客語,3,,,51,
係針你係線,,客語,7,,,51,
唔認輸,,客語,9,,,51,
想你心恁痛,,客語,7,,,51,
會做最好,,客語,3,,,51,
決心來愛你,,客語,440,,,51,
還係永遠愛你,陳莉,客語,462,,,00,
夢,,客語,3,,,51,
心田,,客語,1,,,51,
虛玄最虛玄,,客語,396,,,51,
老屋庄,,客語,3,,,51,
人的命運,七郎 特魯多,台語,55570,,,61,
金玉良言,,客語,9,,,51,
金銀人生,,客語,8,,,51,
樂仙人生,,客語,7,,,51,
樂仙派,,客語,8,,,51,
藍衫影,,客語,4,,,51,
冷冷被單,,客語,894,,,51,
勞碌阿姆,,客語,3,,,51,
老人言語愛來聽 林展逸 ◆,,客語,892,,,51,
老伴,,客語,8,,,51,
路邊花,,客語,0,,,51,
露水情侶,,客語,0,,,51,
露水情緣,,客語,840,,,51,
不是我不愛你,,客語,5,,,51,
兩地相思,,客語,2,,,51,
兩岸情,,客語,1,,,51,
流傳,,客語,1,,,51,
流失的眼淚,,客語,3,,,51,
流星心,,客語,852,,,51,
流星落葉,,客語,890,,,51,
六月落水唔過,,客語,5,,,51,
狀元生理子,,客語,858,,,51,
什麼雙雙一般長,,客語,399,,,51,
行出客家路,,客語,879,,,51,
行過一窩又一窩,,客語,7,,,51,
精彩人生,,客語,877,,,51,
１２８兆的青春,,華語,65,,,,
１８歲,,華語,63,,,,
２１世紀查某人,白冰冰,台語,68,,,,
９０度的風 梭 利用人如欲使用本產品於「公開場所」使用，請逕洽集管團體或,,華語,6576,,,,
９２７７,,華語,67,,,,
ＯＫ啦,沈建豪,台語,555,,,52,
